$SPEC_ID:
No sample description was entered.
$SPEC_REM:
DET# 3
DETDESC# PCKP27 MCB 129
AP# Maestro Version 7.01
$DATE_MEA:
05/27/2019 11:55:47
$MEAS_TIM:
968 984
$DATA:
0 8191
       0
       0
       0
       0
       0
       0
       0
       0
       0
       0
       0
       0
       0
       0
       0
       0
       0
       0
       0
       0
       0
       0
       0
       0
       0
       0
       0
       0
       0
       0
       0
       0
       0
       0
       0
       0
       0
       0
       0
       0
       0
       0
       0
       0
       0
       0
       0
       0
       0
       0
       0
       0
       0
       0
       0
       0
       0
       0
       0
       0
       0
       0
       0
       0
       0
       0
       0
       0
       0
       0
       0
       0
       0
       0
       0
       0
       0
       0
       0
       0
       0
       0
       0
       0
       0
       0
       0
       0
       0
       0
       0
       0
       0
       2
      40
     309
     403
     339
     411
     420
     407
     383
     398
     398
     384
     378
     395
     400
     386
     357
     375
     374
     390
     377
     352
     383
     353
     348
     353
     372
     345
     366
     337
     376
     340
     331
     327
     340
     331
     362
     313
     366
     353
     350
     317
     344
     308
     333
     307
     318
     341
     317
     306
     333
     309
     317
     335
     287
     317
     288
     314
     332
     336
     352
     350
     329
     315
     293
     283
     290
     356
     304
     296
     268
     296
     335
     316
     288
     292
     320
     277
     288
     296
     315
     323
     300
     239
     301
     291
     265
     314
     317
     293
     262
     289
     296
     302
     299
     241
     288
     271
     260
     260
     289
     278
     264
     295
     301
     263
     269
     267
     277
     255
     295
     252
     278
     284
     268
     293
     273
     252
     272
     269
     245
     269
     263
     259
     256
     278
     278
     261
     246
     273
     253
     275
     269
     242
     259
     264
     264
     246
     259
     266
     248
     254
     247
     273
     272
     249
     246
     261
     269
     221
     243
     243
     250
     236
     242
     274
     225
     261
     257
     237
     259
     260
     243
     253
     254
     237
     244
     261
     242
     252
     261
     236
     254
     283
     255
     215
     251
     241
     236
     241
     244
     226
     251
     247
     208
     254
     241
     229
     247
     257
     245
     250
     237
     249
     253
     230
     252
     260
     224
     220
     222
     253
     225
     228
     253
     197
     255
     224
     252
     236
     229
     242
     230
     207
     214
     233
     230
     243
     242
     236
     205
     238
     233
     238
     212
     223
     241
     222
     243
     208
     216
     234
     241
     255
     230
     248
     225
     227
     238
     219
     230
     218
     192
     218
     242
     212
     196
     213
     239
     218
     186
     255
     215
     210
     196
     216
     213
     217
     241
     211
     235
     189
     239
     218
     234
     211
     222
     205
     217
     219
     208
     229
     241
     223
     208
     221
     187
     228
     240
     241
     192
     220
     228
     213
     262
     223
     198
     222
     210
     194
     244
     222
     226
     214
     218
     237
     253
     200
     213
     225
     241
     192
     207
     197
     219
     191
     210
     231
     207
     254
     202
     220
     223
     212
     223
     226
     227
     228
     221
     194
     196
     245
     205
     211
     222
     208
     214
     206
     225
     228
     228
     227
     232
     259
     226
     218
     238
     216
     220
     242
     220
     238
     218
     253
     238
     230
     275
     245
     260
     253
     244
     231
     217
     230
     195
     227
     232
     237
     210
     216
     212
     241
     198
     212
     223
     241
     202
     192
     226
     255
     212
     203
     223
     194
     223
     228
     220
     219
     210
     218
     246
     257
     219
     226
     224
     250
     228
     217
     225
     227
     196
     216
     216
     203
     238
     193
     220
     233
     212
     213
     236
     227
     226
     224
     234
     238
     240
     231
     214
     228
     222
     205
     256
     236
     226
     205
     232
     202
     212
     241
     231
     236
     221
     234
     196
     242
     208
     205
     212
     224
     222
     256
     222
     214
     233
     227
     218
     198
     222
     219
     204
     201
     227
     235
     239
     207
     213
     236
     190
     222
     224
     226
     218
     226
     187
     241
     223
     214
     230
     247
     222
     223
     230
     211
     231
     230
     216
     231
     199
     238
     224
     218
     232
     219
     210
     221
     232
     224
     228
     210
     213
     229
     225
     201
     223
     225
     232
     250
     196
     245
     225
     212
     193
     242
     208
     224
     220
     224
     207
     223
     229
     236
     221
     252
     214
     248
     203
     224
     247
     215
     212
     236
     227
     233
     204
     218
     204
     221
     240
     218
     237
     222
     218
     221
     207
     238
     218
     239
     225
     219
     222
     249
     214
     231
     236
     236
     207
     229
     203
     212
     213
     228
     246
     243
     204
     228
     197
     219
     205
     219
     213
     212
     221
     241
     212
     234
     224
     233
     227
     206
     200
     202
     222
     227
     199
     214
     236
     200
     224
     195
     235
     221
     222
     216
     206
     207
     253
     238
     237
     194
     221
     217
     233
     227
     218
     223
     241
     237
     188
     206
     213
     224
     207
     237
     226
     231
     203
     207
     223
     236
     212
     222
     224
     209
     242
     220
     225
     209
     213
     204
     215
     214
     201
     209
     215
     248
     196
     219
     233
     217
     205
     218
     233
     198
     206
     251
     206
     226
     203
     222
     240
     209
     229
     230
     211
     225
     234
     208
     196
     222
     227
     201
     220
     193
     213
     224
     225
     243
     240
     212
     249
     234
     205
     212
     221
     213
     210
     204
     225
     219
     223
     221
     226
     231
     200
     231
     218
     215
     215
     213
     208
     211
     221
     205
     209
     215
     249
     229
     201
     205
     237
     230
     225
     224
     231
     219
     231
     199
     222
     193
     200
     195
     224
     212
     268
     239
     226
     204
     201
     215
     207
     241
     191
     239
     225
     216
     235
     211
     232
     211
     204
     227
     222
     224
     211
     227
     212
     237
     232
     246
     226
     230
     231
     204
     239
     196
     216
     215
     198
     172
     216
     196
     208
     197
     228
     208
     208
     228
     234
     217
     216
     228
     198
     210
     226
     211
     228
     248
     244
     223
     188
     183
     204
     213
     218
     212
     217
     230
     209
     185
     226
     202
     179
     219
     203
     204
     249
     244
     199
     217
     223
     196
     203
     196
     241
     206
     208
     187
     213
     226
     216
     201
     229
     205
     205
     247
     194
     206
     202
     200
     222
     225
     247
     201
     216
     206
     231
     232
     192
     209
     193
     199
     197
     201
     210
     231
     238
     195
     223
     211
     205
     231
     197
     213
     221
     231
     208
     215
     223
     221
     181
     229
     202
     210
     199
     199
     203
     220
     210
     211
     226
     232
     232
     184
     233
     218
     195
     233
     213
     198
     231
     201
     202
     222
     179
     171
     215
     209
     207
     197
     208
     210
     207
     218
     205
     207
     198
     203
     195
     202
     216
     185
     212
     200
     216
     187
     181
     197
     213
     215
     218
     195
     184
     188
     182
     193
     213
     233
     161
     223
     192
     228
     214
     214
     187
     186
     203
     194
     168
     213
     213
     200
     223
     197
     198
     204
     229
     232
     191
     192
     197
     191
     199
     208
     195
     204
     192
     197
     208
     205
     207
     205
     225
     206
     228
     176
     216
     222
     169
     188
     225
     221
     219
     226
     212
     201
     201
     199
     194
     186
     200
     198
     188
     227
     211
     197
     212
     202
     186
     213
     192
     214
     221
     210
     208
     217
     214
     179
     202
     191
     185
     221
     197
     229
     215
     197
     200
     192
     235
     187
     210
     207
     206
     214
     182
     206
     202
     189
     213
     193
     194
     201
     209
     177
     178
     206
     199
     221
     225
     219
     195
     184
     212
     190
     189
     217
     197
     194
     198
     226
     195
     203
     215
     212
     218
     218
     204
     179
     242
     228
     211
     207
     238
     217
     186
     218
     184
     210
     224
     205
     217
     204
     188
     209
     187
     192
     196
     166
     207
     199
     212
     186
     207
     196
     223
     191
     191
     171
     195
     196
     192
     199
     195
     215
     203
     190
     225
     205
     190
     179
     181
     194
     190
     206
     187
     219
     225
     224
     204
     206
     200
     217
     192
     231
     199
     177
     213
     197
     217
     210
     189
     208
     240
     186
     187
     228
     184
     168
     213
     211
     191
     231
     208
     205
     205
     187
     201
     219
     183
     190
     231
     209
     211
     183
     241
     193
     208
     213
     206
     198
     199
     210
     213
     190
     221
     189
     202
     189
     216
     205
     206
     233
     220
     200
     212
     195
     211
     201
     218
     195
     226
     243
     213
     209
     199
     243
     211
     245
     186
     192
     211
     221
     218
     219
     230
     209
     240
     218
     226
     212
     236
     215
     229
     219
     243
     239
     231
     226
     235
     243
     247
     256
     218
     273
     239
     266
     247
     256
     258
     263
     274
     246
     280
     268
     270
     259
     272
     266
     251
     268
     272
     282
     258
     304
     277
     274
     291
     273
     240
     274
     280
     258
     247
     274
     286
     301
     252
     293
     290
     277
     290
     289
     287
     300
     273
     275
     289
     297
     293
     270
     305
     294
     284
     294
     279
     293
     282
     273
     285
     275
     277
     297
     286
     282
     283
     271
     283
     296
     323
     285
     312
     269
     272
     291
     294
     288
     303
     279
     287
     284
     277
     262
     279
     286
     272
     297
     275
     265
     252
     301
     252
     294
     272
     252
     288
     261
     275
     264
     268
     275
     255
     278
     269
     254
     277
     266
     242
     264
     263
     267
     250
     254
     245
     256
     243
     236
     222
     254
     253
     261
     221
     248
     229
     240
     252
     286
     252
     265
     271
     222
     254
     263
     254
     230
     260
     248
     252
     232
     253
     231
     208
     224
     213
     229
     218
     235
     243
     221
     219
     268
     197
     218
     221
     229
     235
     201
     201
     232
     229
     208
     238
     227
     231
     205
     224
     240
     219
     229
     207
     230
     245
     252
     216
     227
     244
     209
     202
     203
     202
     201
     201
     203
     224
     204
     209
     184
     200
     192
     211
     207
     185
     220
     198
     219
     173
     210
     209
     197
     177
     192
     190
     207
     177
     181
     207
     190
     180
     169
     196
     195
     188
     187
     174
     206
     193
     199
     184
     201
     217
     203
     204
     169
     196
     187
     165
     212
     210
     174
     184
     180
     164
     174
     184
     169
     200
     197
     178
     201
     169
     173
     185
     174
     189
     187
     172
     196
     162
     162
     210
     193
     169
     156
     153
     161
     182
     182
     161
     192
     204
     176
     193
     182
     204
     152
     173
     191
     163
     189
     167
     173
     173
     199
     191
     191
     168
     168
     169
     187
     156
     173
     205
     170
     191
     142
     177
     167
     176
     160
     176
     205
     186
     168
     184
     171
     155
     212
     182
     170
     173
     172
     170
     172
     171
     174
     171
     161
     159
     185
     177
     156
     166
     176
     178
     166
     167
     179
     170
     154
     171
     194
     172
     169
     176
     160
     161
     173
     160
     166
     174
     174
     169
     178
     173
     163
     163
     175
     163
     151
     170
     149
     161
     169
     159
     167
     165
     150
     163
     152
     184
     152
     172
     168
     153
     179
     167
     146
     154
     177
     156
     181
     171
     176
     138
     175
     181
     155
     142
     154
     166
     166
     167
     141
     152
     148
     150
     147
     165
     185
     171
     158
     180
     152
     174
     150
     177
     163
     146
     146
     187
     154
     145
     159
     158
     142
     168
     141
     148
     164
     157
     157
     136
     159
     164
     151
     166
     188
     163
     154
     154
     172
     174
     158
     182
     162
     155
     149
     156
     163
     155
     133
     156
     146
     160
     160
     137
     149
     171
     157
     147
     129
     152
     156
     155
     167
     164
     144
     149
     131
     173
     167
     142
     156
     161
     161
     141
     146
     167
     150
     165
     142
     176
     122
     150
     185
     173
     150
     159
     170
     149
     157
     148
     157
     142
     153
     169
     152
     150
     156
     130
     172
     144
     139
     129
     165
     147
     145
     155
     158
     154
     147
     162
     142
     150
     148
     143
     158
     161
     154
     164
     136
     148
     136
     164
     145
     152
     139
     137
     150
     131
     148
     157
     158
     149
     151
     156
     154
     153
     146
     136
     138
     169
     153
     150
     141
     152
     123
     141
     151
     143
     145
     151
     151
     140
     149
     157
     136
     135
     141
     141
     142
     174
     135
     148
     139
     160
     124
     143
     155
     148
     154
     172
     129
     148
     129
     153
     130
     164
     131
     162
     159
     147
     140
     146
     145
     139
     140
     142
     161
     148
     136
     128
     130
     134
     143
     135
     127
     142
     131
     130
     120
     140
     186
     143
     120
     146
     128
     161
     136
     149
     141
     141
     143
     160
     154
     142
     122
     132
     156
     144
     164
     146
     159
     170
     201
     194
     212
     183
     168
     141
     144
     145
     140
     164
     159
     133
     141
     154
     145
     150
     125
     153
     139
     132
     143
     134
     143
     108
     147
     144
     132
     120
     134
     122
     141
     128
     159
     128
     141
     142
     128
     134
     125
     164
     141
     136
     148
     137
     135
     144
     138
     151
     139
     140
     159
     131
     151
     110
     162
     142
     141
     158
     126
     128
     135
     125
     137
     120
     144
     138
     140
     132
     124
     144
     131
     134
     136
     134
     137
     117
     150
     137
     144
     122
     148
     157
     126
     151
     109
     136
     137
     125
     128
     126
     128
     123
     134
     157
     144
     144
     140
     131
     133
     146
     117
     147
     161
     139
     133
     147
     153
     130
     126
     136
     148
     138
     143
     121
     135
     139
     148
     129
     166
     129
     137
     120
     137
     141
     133
     142
     125
     139
     135
     137
     151
     140
     120
     135
     136
     144
     147
     158
     128
     134
     117
     150
     144
     136
     139
     136
     124
     114
     152
     163
     134
     147
     128
     143
     122
     151
     145
     137
     127
     122
     144
     142
     146
     158
     117
     139
     131
     143
     119
     132
     112
     126
     145
     129
     114
     132
     139
     122
     128
     117
     153
     128
     115
     140
     126
     119
     135
     130
     110
     110
     133
     118
     129
     117
     135
     138
     125
     128
     135
     129
     142
     130
     128
     126
     129
     130
     121
     128
     139
     126
     118
     144
     113
     129
     134
     146
     128
     111
     129
     149
     118
     116
     123
     123
     131
     123
     137
     145
     142
     126
     110
     140
     123
     130
     125
     110
     142
     138
     120
     144
     116
     136
     139
     136
     151
     151
     148
     134
     125
     138
     132
     138
     132
     124
     141
     117
     102
     119
     133
     118
     122
     139
     146
     127
     129
     127
     145
     140
     141
     130
     122
     110
     134
     140
     111
     115
     141
     120
     129
     134
     125
     137
     112
     140
     119
     120
     123
     121
     136
     121
     121
     137
     135
     128
     130
     112
     124
     134
     125
      99
     125
     100
     111
     125
     108
     154
     123
     125
     122
     131
     124
     100
     125
     133
     121
     122
     117
     106
     112
     115
     125
     103
     122
     121
     135
     110
     109
     139
     111
     137
     128
     131
     133
     137
     130
     121
     123
     109
     129
     118
     135
     127
     123
     140
     125
     141
     114
     142
     129
     125
     121
     125
     115
     126
     119
     133
     122
     104
     124
     139
     124
     127
     118
     118
     120
     127
     129
     103
     122
     119
     122
     124
     110
     122
     116
     128
     106
     127
     122
     130
     129
     114
     136
     121
     129
     132
     143
     134
     138
     115
     111
     126
     115
     108
     102
      96
     128
     137
     112
     134
     143
     126
     149
     115
     123
     141
     125
     129
     139
     130
     119
     127
     144
      99
     108
     106
     122
     111
     124
     113
     135
     118
     108
     124
     123
     136
     148
     111
      97
     114
     113
     128
     107
     136
     112
     130
      99
     138
     117
     123
     127
     131
     121
     125
     115
     114
     120
     127
     111
     108
     122
     129
      99
     122
     115
     125
     100
     105
     130
     110
     122
     126
     131
     130
     119
     124
     140
     104
      92
     117
     105
     126
     122
     129
     122
     128
     122
      88
      96
     100
     125
     130
     105
     111
     115
     124
     123
     119
     127
     145
     125
     127
     110
     120
     132
     127
     114
     129
     132
     117
     125
     135
     131
     114
     125
     122
     112
     121
     118
     101
     115
     111
     132
     135
     118
     116
     130
     114
     127
     123
     133
     129
     127
     130
     140
     118
     129
     109
     129
     122
     120
     107
     124
     116
     135
     121
     116
     103
     114
     104
     119
     111
     123
      98
     137
     124
     131
     130
     111
     119
     121
     118
     121
     118
     124
     111
     124
     130
     120
     127
     106
      97
     113
     123
     123
     123
     109
     115
     121
     116
     100
     130
     101
     125
     110
     131
     125
     113
     130
     115
     102
     115
     112
     105
     107
     120
     133
     108
     117
     125
     117
     131
     119
     107
     127
     123
     119
      94
     127
     133
     146
     110
     129
     119
     104
     131
     105
     116
     115
     129
     129
     119
     133
     134
     126
     102
     126
      99
     133
      99
     122
     103
     142
     108
     141
      95
     119
     124
     128
     110
     111
     127
     101
     112
     108
     117
     109
     116
     111
     110
     114
      92
     109
     110
     110
     119
     104
     117
     129
     120
     136
     126
     113
     129
     124
     124
     136
     110
     102
     109
     132
     118
     115
     122
      98
     124
     102
     106
     120
     104
     110
     138
     122
     125
     103
     130
     119
     131
     106
     132
     115
     125
     104
     118
     138
      93
     118
      80
     125
     120
     119
      98
     120
     123
     129
     128
     114
     113
     104
     104
     119
      88
      93
     103
     107
     137
     102
     102
     128
     107
     115
     129
     119
     104
     117
     131
     103
     114
     116
     129
     139
     124
     115
     112
     109
      94
     142
     132
     107
     112
      98
     126
     116
     106
     113
     127
     119
     111
     127
      94
     117
     128
     106
     113
     115
     116
     120
     126
     103
     121
     102
     128
     113
     115
     124
     121
     121
     124
     124
     101
     128
     131
     116
     129
     108
     121
     104
     119
     103
     115
     115
     109
      96
      97
     103
     118
     117
     118
     130
     117
     131
     107
     118
     112
     106
     117
     107
     120
     115
     128
     113
     121
     111
     120
     132
     139
     111
      98
     133
      99
     113
     114
     127
     117
     117
     112
     123
     108
     118
     106
     113
     101
     123
     121
     124
     129
     103
      98
     113
     118
     118
     115
      95
     103
     118
      98
     116
     105
     117
     113
      97
     116
      98
     124
     115
     107
     114
      97
     107
     112
     103
      96
     108
     121
     103
     123
     117
     122
     116
     116
      99
     114
     117
     103
     104
     119
     102
     115
     111
     124
     121
     112
     111
     116
     115
     109
     130
     130
     118
     138
     122
      92
     100
     121
     128
     130
     115
     128
      96
     107
     102
     115
     130
     127
      97
     100
     115
     131
     101
     113
     123
     117
     117
     121
     118
     110
      99
     120
     104
     108
     122
      99
     123
     113
      98
     107
     128
     110
     112
     108
     119
     108
     115
     114
     126
     115
     109
     127
     122
      95
     101
     113
     115
     123
     102
     115
      96
     114
     113
     105
     131
     118
     129
     115
     110
     117
     119
     148
     114
     101
      98
     107
     115
     110
     118
     118
     110
     115
     117
     106
     104
     100
     128
     107
     108
     122
     106
     106
     104
     134
     110
     128
     106
     111
      96
     112
     101
     107
     106
     114
      96
      94
     129
     102
     100
     103
     119
     126
     118
     100
     119
     108
     104
     106
     124
     113
     106
     111
     136
     117
     110
     106
     125
      93
     106
     115
     118
     112
     100
     103
      98
     121
     109
     124
      97
     108
      99
     101
     118
     122
      97
     115
     120
     112
     102
     117
      88
      92
     116
     119
     102
     102
     108
     107
     117
     122
     105
     125
     134
      99
     123
      99
     111
     104
     114
     102
     121
     108
     121
     106
     107
      95
      94
     112
     118
     116
     120
     109
     117
     111
     127
     100
     110
     112
      99
     117
     122
     120
     111
     118
     113
     120
     110
     109
     108
     103
     109
     111
     108
     135
     104
     117
     122
     106
      95
     118
     103
     127
     100
     113
     117
     114
     113
     110
     108
     118
     110
     105
      97
     113
     105
     110
     134
      87
     131
     102
     107
     129
     112
     115
     121
     119
     113
     107
      96
     118
     104
     108
     124
     107
     106
     103
     117
     113
     118
     104
     107
      99
     102
     131
     119
     110
      95
      98
     110
      98
     107
     146
     101
     131
     118
     121
     124
     115
     104
     114
      94
     115
     113
     117
     100
     100
     122
     128
     103
      94
     116
     110
      99
     117
      93
     104
      93
     105
      91
     111
      98
     103
     123
     122
      83
      92
     109
     116
     103
     100
     117
      99
     122
     113
     128
     110
     115
     145
     122
     134
     125
     115
     121
     121
     133
     119
     114
     125
     112
     113
     126
     142
     103
      98
     111
     105
     111
      91
     104
     106
     118
     125
     121
     106
     119
     111
     108
     122
     104
     115
     116
     105
     100
     109
     101
     120
     103
     121
     117
     115
     133
     107
      83
     113
     118
     106
     123
      89
     110
     100
     113
     136
      94
     118
     124
     116
      92
     133
     111
     115
     107
     113
     120
     110
     118
     100
     120
      99
     130
     123
      95
     106
      96
     118
     110
      97
     117
     100
     113
     105
     113
     127
     107
     108
      90
     108
     119
     109
     112
     118
     112
     102
     104
     105
      94
     109
      92
     124
     123
     110
     106
     114
     100
     119
     104
     121
      94
      97
     104
     107
      98
     115
      89
     102
     109
      97
      98
     118
      93
     119
     120
     103
     118
     108
     115
     113
      95
     110
     107
      98
     113
      90
     112
     104
     109
     113
     119
     115
     127
     115
     106
      98
      98
     118
     108
     119
     126
     112
      89
      99
     108
     121
     108
     105
     115
     121
      99
     107
     102
      83
     116
      94
      99
     109
     118
      82
     110
      93
     130
     110
     125
     107
      98
     123
      92
      86
     118
     104
     114
     105
     111
     117
     100
     106
      99
     115
     105
     103
     104
     101
      91
      91
     117
     114
     107
     123
      95
      95
     131
      97
     110
     127
      97
     111
     116
     107
     103
     111
     107
     112
     121
     103
     100
     105
      97
     107
      98
     110
     112
     100
     111
     107
     107
     115
     111
     107
     117
      85
     101
     114
      88
     113
     126
     120
     127
     106
     103
     118
     118
     105
     112
      89
     110
     123
      94
     116
     102
     107
     105
     112
     108
     113
     125
      89
      88
     102
     108
     110
     108
     116
     114
     113
     114
     109
     104
     111
     117
      98
     103
      94
     101
     106
     111
     101
      99
      95
     109
      86
     125
     101
     105
     125
     119
     113
     120
     111
     115
     116
     119
     109
     117
     114
     113
      93
      92
     108
     117
     104
     109
      95
      86
      99
     113
     120
     127
     105
      98
     107
     107
      94
     100
     115
     109
     113
     103
     103
     106
     111
     118
     109
     115
      94
     121
     103
     117
     104
      99
     106
      98
     114
     118
     101
     107
     125
     115
      99
     110
     116
     113
     126
     121
     122
     103
     103
     107
     114
     125
     106
     124
     103
     101
     106
     102
     108
     112
     115
     123
     115
     126
     126
     106
     100
     110
     116
      90
     120
     102
      95
     106
      98
     110
     106
      96
     126
     111
      85
     121
     125
     107
     110
     116
     121
     117
     104
     116
     101
     108
     103
     106
     108
     116
     115
     117
     117
     106
     104
      99
     116
      98
     101
      93
     108
     116
     133
     105
      92
      97
     115
     113
     131
     122
      72
      99
     116
     110
     110
     103
      80
     114
      97
     114
     105
     105
     127
     114
     110
     104
     110
     127
      94
     125
     109
     106
     118
     100
     104
     104
     115
     111
     100
     105
     104
     112
     126
     120
     104
     107
     111
      99
      89
     107
      88
     105
     109
     113
      96
      97
     105
     109
     102
     107
      98
     101
     108
     112
     104
     104
      93
     101
     111
      98
     113
      91
      98
     115
      92
      94
      97
     112
      97
     113
     122
      93
     124
     111
     104
     121
      94
     108
     100
     119
     100
     117
     113
      91
      91
     114
      96
     113
     103
     120
     111
      93
     113
     113
     109
     127
     106
     132
     111
      99
     111
     133
      92
     101
     105
     102
     104
     124
      94
     103
     100
     104
     130
     121
     106
     124
     124
     111
     110
     101
      98
     119
     109
     111
     111
     112
     117
     117
     101
     105
     107
     125
     119
     110
     110
     126
     107
     100
      94
     121
     118
     113
     110
      97
     121
     105
     115
      99
      92
      91
     109
     108
      97
     123
     118
     112
     117
     107
     115
     109
     108
     117
     106
     115
     114
      84
     104
     108
      96
     134
     123
     124
     123
     110
     123
     115
     111
     138
     107
      99
     103
     123
     109
     109
      97
     108
     111
      97
     105
      99
     109
     106
     109
     114
     117
      81
     122
     118
     113
      91
     109
      93
     100
     117
     118
     113
     119
     109
      94
      90
     119
      89
     131
     100
     118
     107
     103
     126
     102
     131
     101
      84
     113
      95
     111
     118
     112
     104
      98
     113
      91
     106
     107
      94
     118
     128
     132
     112
     114
     105
     106
      86
     100
      96
      89
     122
     105
     106
     102
     100
     104
      96
     117
     124
     119
     113
     102
     105
      97
     111
      89
     133
     115
     123
     108
     103
     113
     105
     111
      87
     110
     102
     119
     112
     120
     112
     117
     117
      87
      94
     113
      98
     103
     127
     103
     102
     107
     104
     104
     103
     108
     105
     104
     112
     101
     103
      83
      92
     114
      95
     111
     114
     107
     124
      94
      78
     108
     119
      98
     115
     123
      92
     115
      98
     100
     115
     111
      92
      99
     109
     103
     100
     126
      91
     126
     101
      96
      93
     107
     114
     103
     101
     115
     109
     103
     109
     112
     117
     110
     107
     102
     122
     112
     108
     116
     120
     122
     108
     126
     100
     118
     100
      96
     108
     111
      89
     114
     108
     129
     112
     130
     105
      99
     103
     108
     128
     113
     104
     120
     122
     119
     126
      99
     112
     108
     118
     105
     105
     133
     109
     117
     120
     122
     104
     110
      97
     120
     109
     100
     106
     105
     114
     106
     102
     126
     120
     108
     100
     123
     102
     119
     103
     109
     120
      98
     105
     124
     125
     115
     110
     108
      94
     112
     104
     108
     105
      92
     108
     108
      95
     107
     100
     100
     114
     109
     105
     103
      90
     104
     115
     127
      96
     102
     105
     106
     124
     103
     112
     107
     112
     107
     106
     109
      94
     111
     109
     102
     119
     101
     102
     106
      98
     121
      99
     101
     110
     112
     110
     110
     102
      92
     108
     105
     128
     107
     115
     111
     103
     103
     106
     110
     111
     100
      97
     106
     111
     109
     137
     124
     130
     137
     136
     132
     141
     120
     119
     106
     128
     103
     119
     130
     101
     112
     118
     104
     113
     130
     107
     102
     119
     123
      93
     116
     114
     111
     106
      92
     117
      99
     121
     108
     106
     123
      87
     108
     119
      96
     109
      94
     112
     112
     110
     111
      99
     116
     111
      88
     121
     106
     125
     109
     120
     100
     122
      97
     100
     131
     111
     108
     117
     112
     118
     116
     116
      95
     112
     111
     111
     103
      99
      99
     110
      99
     113
     100
     118
      98
     112
     100
     111
     108
     101
      97
     103
     115
     128
     109
      93
     115
     101
     119
     106
     111
     101
     104
     120
     139
     114
     121
     107
     115
     106
     109
     111
      99
     103
     108
      95
     116
     120
     130
     104
     124
     129
     111
      80
     112
     100
     109
     115
     107
     113
     103
     120
     123
     118
      97
     107
     100
     125
     113
     116
     112
     110
     122
     108
      94
     128
     110
     115
     108
     117
     115
     118
     120
      86
     102
     113
     119
     123
      98
     110
     111
     113
     104
      97
     124
     105
     118
      95
     104
      96
     115
     114
     117
     112
     118
     114
     117
     125
      83
     108
     103
     110
     114
     111
     111
     113
     116
     111
     119
      96
     109
     113
     124
     105
     109
     116
     109
      96
     118
     102
     114
     115
     113
     108
     119
      98
     119
     111
     113
     130
     115
      88
     104
     124
     129
      98
     109
     102
     112
     119
     130
      96
     121
     113
     113
     101
     110
     115
     130
     114
     121
     135
     119
     116
     111
     121
      98
     104
      89
     104
     108
     100
     108
     132
      95
     116
     117
      97
     101
     100
     112
     121
     119
     110
     119
     100
     131
     111
      82
     106
     127
     109
     118
      93
     118
     118
     124
     114
     107
     111
     102
     113
     122
     127
     111
     133
      99
     101
     122
     109
     117
     119
     122
     110
     117
     109
      95
     133
     109
     112
     120
      99
     117
     100
     118
     138
     115
     102
      99
     108
      94
     123
     112
     132
     123
     109
     102
     113
     133
     113
     131
     124
      97
      98
     119
     145
     130
     108
     119
     125
     107
     128
     106
     110
     101
     115
     105
     118
     117
     122
     112
     118
     128
     114
     130
      96
     112
     112
     119
     120
     118
     123
     113
     108
     103
     112
     106
     128
     107
     140
     105
     106
     105
     110
     112
     127
     113
     105
     108
     127
     110
     106
     114
     105
     117
     104
     101
      99
     115
     121
     113
     105
     111
     103
     111
     116
     113
     120
     110
     111
      95
     107
     118
     117
     134
     116
     115
     107
     126
     136
      98
     118
     134
     117
     112
     128
     114
     117
     100
     127
      95
     131
     105
     115
      94
     117
     125
     115
     120
     123
     139
     103
     106
     120
     106
     110
     107
     104
      95
     118
     109
      97
     109
     112
     112
     109
     114
     123
     111
     126
      95
     115
     118
     116
     102
     122
     110
     112
     126
     109
     106
     118
     124
     114
     102
      93
     105
     131
     108
     118
     129
     126
     133
     115
     107
     110
     102
     125
     124
     121
     120
     117
     123
     109
     115
     105
     100
     117
     101
     117
     104
     116
     105
     124
      97
     105
     102
     106
     114
     118
     129
     110
     109
      91
     121
     122
     123
     136
      99
      97
     122
     117
     111
     131
     119
     107
     101
     121
     117
     112
     125
     103
     107
     118
     104
     131
     119
     126
     126
     106
     125
     108
     102
     129
     133
     113
     131
     126
     120
     118
     105
     112
     103
     113
     108
     124
     111
     117
     103
     104
     119
     123
     106
     117
     125
      88
     119
     121
     109
     110
     112
     112
     107
     140
     123
     127
     104
     121
     122
     105
     112
      96
     140
     107
     115
     116
     116
     120
     130
     127
     113
     127
     130
      93
      98
     122
     123
     101
     121
     114
     133
     131
     107
     107
     117
     123
     128
     141
     101
     122
     115
     117
     116
     109
     113
     125
     119
     141
     112
     139
     118
     107
     122
     110
     115
     137
     109
     123
     126
     113
     112
     115
     138
     100
     108
     118
     108
     103
     109
     129
     135
     108
     120
     110
     123
     120
     102
     143
     121
     102
     129
     104
     123
     116
     129
     137
     120
     125
     115
     117
     115
     126
     134
     134
     127
     114
     114
     137
     125
     124
     125
     128
     121
     128
     128
     127
     126
     140
     129
     119
     104
      94
     109
     121
     106
     137
     123
     112
     116
     139
     114
     125
     116
     123
     121
     113
     116
      93
     100
     120
     100
     129
     104
     113
     127
     131
     103
     122
     120
     125
     118
     114
     127
     125
     142
     123
     117
     115
     117
     127
     134
     114
     111
     126
     109
     116
     121
     121
     108
     131
     125
     134
     121
     108
     106
     105
     113
     129
     120
     123
     109
     112
     117
     116
     121
     112
     119
     134
     123
     119
     103
     116
     134
     142
     121
     108
     126
     130
     123
     126
     128
     124
     124
     106
     119
     125
     119
     131
     132
     126
     112
     103
     140
     107
     121
     103
     127
     127
     115
     111
     123
     104
     125
     104
     126
     120
      96
     108
     127
     121
     149
     122
     133
     125
     137
     117
     127
     129
     126
     119
     132
     115
     108
     107
     100
     104
     129
     126
     118
     124
     129
     113
     138
     132
     136
     136
     128
     120
     120
     126
     145
     126
     119
     124
     138
     107
     112
     121
     116
     136
     128
     117
     146
     119
     145
     137
     121
     116
     124
     140
     110
     136
     124
     126
     122
     124
     127
     110
     110
     127
     115
     122
     112
     120
     130
     129
     112
     117
     131
     121
     115
     135
     137
     122
     102
     124
     109
     136
     131
     125
     144
     125
     124
     105
     136
     114
     102
     116
     123
     137
     125
     132
     111
     125
     131
     116
     124
     100
     129
     136
     121
     118
     110
     129
     127
     117
     138
     128
     138
     115
     133
     118
     116
     126
     126
     116
     134
     145
     119
     125
     136
     130
     119
     111
     124
     117
     109
     113
     126
     128
     114
     120
     132
     116
     120
     126
     143
     132
     135
     127
     131
     136
     113
     118
     126
     143
     121
     151
     115
     148
     127
     125
     122
     141
     114
     131
     122
     111
     120
     138
     127
     138
     108
     117
     147
     118
     132
     146
     138
     126
     116
     146
     134
     145
     130
     147
     130
     137
     119
     129
     125
     139
     132
     136
     121
     152
     118
     142
     151
     151
     139
     133
     132
     176
     137
     153
     124
     149
     129
     140
     151
     131
     132
     131
     137
     121
     137
     106
     123
     134
     110
     115
     127
     128
     121
     153
     142
     125
     130
     122
     137
     123
     140
     142
     121
     118
     129
     119
     133
     113
     123
     124
     125
     135
     123
     121
     119
     143
     136
     138
     115
     109
     122
     123
     134
     144
     128
     127
     132
     153
     123
     125
     150
     145
     105
     131
     128
     145
     122
     130
     122
     137
     137
     140
     123
     136
     142
     129
     145
     130
     131
     115
     133
     161
     124
     158
     145
     107
     128
     153
     125
     145
     153
     157
     139
     114
     144
     137
     145
     131
     155
     132
     141
     125
     118
     154
     134
     131
     150
     124
     126
     132
     132
     128
     127
     146
     147
     150
     148
     144
     140
     146
     119
     143
     127
     127
     119
     136
     129
     120
     119
     155
     125
     162
     133
     124
     138
     133
     138
     128
     137
     127
     142
     127
     159
     132
     147
     129
     138
     131
     122
     134
     165
     170
     128
     136
     121
     132
     135
     143
     128
     151
     137
     135
     122
     129
     131
     134
     145
     148
     152
     121
     133
     130
     122
     129
     134
     153
     141
     138
     154
     133
     124
     145
     146
     125
     129
     122
     137
     147
     145
     131
     148
     143
     146
     135
     126
     121
     124
     135
     131
     145
     114
     137
     175
     118
     165
     144
     137
     137
     163
     142
     114
     134
     138
     142
     171
     128
     117
     128
     122
     144
     151
     149
     146
     158
     138
     133
     133
     147
     132
     142
     129
     141
     139
     151
     155
     139
     146
     131
     153
     143
     153
     130
     127
     144
     130
     138
     150
     142
     117
     118
     152
     156
     138
     157
     128
     141
     131
     139
     147
     156
     155
     136
     132
     150
     131
     140
     139
     144
     162
     154
     131
     139
     149
     151
     136
     125
     158
     153
     137
     151
     129
     146
     132
     128
     143
     111
     131
     132
     148
     139
     133
     152
     150
     151
     140
     140
     163
     137
     147
     155
     135
     141
     154
     117
     148
     140
     140
     164
     131
     150
     126
     125
     142
     137
     141
     140
     141
     163
     155
     157
     146
     142
     120
     146
     131
     137
     167
     168
     154
     136
     148
     150
     159
     148
     155
     147
     127
     137
     154
     149
     148
     139
     130
     158
     159
     140
     145
     147
     158
     173
     131
     178
     150
     160
     140
     159
     165
     158
     157
     157
     139
     169
     156
     146
     140
     153
     154
     132
     150
     135
     154
     154
     137
     141
     162
     139
     137
     137
     148
     133
     139
     150
     151
     149
     152
     141
     119
     123
     166
     148
     143
     133
     150
     132
     128
     155
     161
     153
     142
     140
     173
     161
     143
     146
     165
     145
     176
     147
     155
     159
     156
     157
     157
     168
     139
     143
     160
     171
     170
     174
     148
     150
     140
     151
     160
     172
     155
     170
     168
     185
     136
     155
     140
     147
     172
     166
     133
     153
     131
     162
     148
     143
     144
     162
     164
     178
     153
     191
     155
     150
     151
     155
     163
     165
     161
     149
     149
     174
     157
     171
     163
     188
     154
     173
     174
     164
     161
     150
     189
     145
     171
     135
     161
     149
     146
     167
     159
     183
     159
     162
     165
     149
     172
     174
     158
     160
     151
     173
     146
     155
     152
     151
     178
     170
     167
     170
     150
     148
     164
     169
     131
     176
     178
     170
     163
     177
     166
     156
     162
     161
     184
     135
     169
     166
     152
     150
     163
     150
     166
     155
     145
     176
     172
     162
     187
     151
     159
     157
     157
     156
     160
     181
     140
     167
     144
     177
     141
     178
     176
     158
     169
     173
     157
     152
     190
     162
     156
     167
     158
     159
     174
     184
     134
     153
     149
     150
     196
     143
     173
     177
     181
     175
     165
     143
     158
     180
     167
     158
     174
     168
     184
     161
     159
     173
     179
     156
     150
     157
     163
     149
     167
     170
     195
     209
     198
     188
     155
     173
     201
     148
     170
     175
     146
     154
     190
     194
     141
     176
     185
     182
     183
     170
     165
     172
     165
     177
     156
     185
     183
     150
     174
     163
     200
     133
     187
     172
     173
     186
     172
     171
     198
     176
     163
     163
     172
     172
     158
     192
     191
     193
     163
     182
     167
     179
     151
     158
     163
     173
     175
     149
     170
     169
     185
     162
     189
     173
     168
     193
     158
     177
     194
     182
     180
     165
     173
     165
     167
     176
     181
     188
     179
     179
     160
     162
     158
     180
     181
     152
     183
     180
     198
     187
     185
     160
     182
     167
     174
     168
     202
     172
     207
     186
     181
     177
     168
     169
     171
     194
     166
     175
     196
     190
     191
     189
     175
     206
     197
     170
     190
     187
     173
     165
     184
     194
     189
     169
     193
     186
     168
     186
     187
     192
     205
     175
     193
     196
     188
     175
     170
     163
     174
     184
     169
     191
     187
     159
     196
     207
     194
     206
     171
     186
     177
     166
     181
     191
     174
     200
     180
     185
     192
     189
     180
     196
     198
     233
     193
     208
     204
     178
     200
     195
     173
     191
     188
     190
     176
     165
     171
     215
     163
     180
     178
     181
     191
     193
     169
     196
     187
     194
     190
     174
     166
     191
     153
     186
     203
     193
     178
     191
     184
     202
     185
     187
     186
     179
     174
     169
     174
     168
     203
     177
     201
     167
     168
     179
     190
     148
     169
     176
     191
     191
     191
     193
     167
     198
     175
     201
     198
     187
     189
     167
     190
     188
     175
     167
     165
     176
     169
     176
     170
     173
     194
     169
     165
     172
     171
     185
     179
     163
     161
     157
     171
     177
     140
     137
     183
     150
     142
     164
     154
     181
     163
     149
     167
     128
     140
     144
     152
     127
     144
     142
     148
     173
     123
     139
     157
     145
     167
     154
     156
     139
     147
     145
     168
     168
     149
     131
     134
     171
     148
     132
     132
     122
     145
     155
     141
     147
     139
     128
     152
     138
     139
     144
     134
     141
     148
     142
     130
     130
     136
     140
     133
     135
     135
     139
     147
     120
     135
     135
     154
     138
     151
     131
     160
     101
     122
     141
     127
     129
     113
     144
     147
     157
     124
     144
     130
     133
     129
     136
     127
     132
     114
     141
     118
     135
     144
     121
     123
     119
     132
     128
     132
     138
     107
     133
     127
     150
     133
     124
     143
     123
     126
     130
     120
     127
     130
     153
     125
     142
     135
     145
     139
     147
     114
     134
     135
     132
     138
     121
     131
     120
     114
     145
     141
     143
     136
     150
     130
     104
     142
     143
     121
     135
     127
     129
     151
     132
     111
     117
     128
     130
     123
     141
     133
     114
     117
     113
     125
     127
     129
     124
     114
     117
     131
     154
     141
     136
     124
     125
     124
     129
     139
     109
     133
     140
     124
     135
     125
     124
     115
     125
     145
     140
     128
     145
     146
     131
     120
     121
     134
     110
     120
     143
     127
     120
     146
     124
     132
     130
     120
     113
     123
     150
     137
     109
     117
     122
     122
     139
     118
     119
     134
     130
     126
     128
     136
     141
     125
     129
     124
     134
     119
     134
     132
     123
     135
     139
     132
     118
     123
     142
     115
     140
     136
     125
     132
     107
     118
     101
     109
     122
     124
     131
     134
     115
     122
     120
     120
     116
     120
     141
     133
     133
     143
     123
     133
     131
     128
     127
     133
     106
     111
     134
     139
     132
     132
     113
     115
     144
     119
     119
     129
      97
     134
     104
     111
     128
     117
     130
     138
     113
     135
     105
     125
     111
     118
     140
     120
     128
     133
     112
     148
     121
     117
     131
     118
     121
     138
     113
     118
     111
     115
     106
     122
     116
     129
     131
     106
     113
      97
     115
     103
     112
     127
     116
     130
     134
     127
     131
     131
     125
     112
     101
     120
     123
     124
     129
     129
     120
     108
     109
     100
     102
     121
     115
     116
     124
     118
     115
     130
     110
     137
     130
     111
     133
     130
     138
     126
     110
     113
     111
     127
     109
     118
     135
     140
     117
     115
     124
     131
     140
     117
     132
     128
     136
     132
     113
     104
     124
     108
     113
     121
     128
     130
     119
     123
     129
     123
     129
     110
     126
     112
     120
     107
     130
     105
     121
     140
     118
     112
     119
     125
     106
     120
     123
     134
     123
     135
     123
     126
     110
     120
     103
     116
     114
     120
     118
     108
     129
     114
     117
     110
     118
     128
     140
     131
     135
     116
     114
     119
     118
     134
     109
     110
     111
     111
      95
     122
     119
     134
     110
     121
     128
     129
     120
     134
     130
     123
     121
     108
     104
     122
     113
      98
     112
     129
     113
     123
     114
     104
     119
     114
     109
     101
     128
     109
     101
     120
     116
     119
     109
     121
     115
     118
     122
     138
     130
     134
     113
     129
     116
     118
     133
     103
     114
     115
     105
     118
     114
     115
     112
     114
     115
     109
     109
     112
     105
     128
     116
     109
     119
     127
     123
     106
     136
     128
     109
      94
     116
     104
     118
     120
     113
     121
     118
     108
     141
     120
      99
     125
     122
     117
     115
     108
     102
     122
     133
      97
     111
     103
     110
     113
     119
     121
     112
     106
     109
     114
     116
     129
     129
     115
     115
     104
     127
     111
     105
     110
     121
     101
     104
     112
     133
     121
     108
     110
     137
     108
     134
     119
     112
     123
     107
     120
     130
     127
     102
     124
     109
     113
     112
     107
     102
     114
     104
     122
     121
     119
      97
     112
     120
     115
     110
     116
     140
     103
     111
     113
     102
     135
     115
     101
     102
     119
     139
     120
     113
     127
     123
     112
     115
     107
      96
      91
     114
     125
     117
     108
     131
     132
     108
     103
     111
     106
     105
     123
     119
     114
     122
     118
     118
     112
     107
     120
      97
     123
     104
     114
     108
     120
     119
     106
     114
     107
     130
     108
     117
     117
     127
     116
     123
     129
     112
     140
     111
     131
     126
     106
     103
      97
     110
     121
     107
     106
     113
     115
     119
     109
     116
     122
     126
     127
     111
     114
      93
     107
     122
     104
     127
      97
     117
     121
     123
     125
     108
     115
     110
     112
     126
     112
     122
     116
     105
      94
     106
     128
     116
     125
     122
     109
     113
     126
     123
     117
     119
     108
     117
      98
     108
     124
     120
     104
     100
     116
     121
      99
     109
     117
     117
     110
     124
     112
     115
     117
      98
     127
     110
     113
     124
     141
     121
     112
     104
     133
     110
      91
     133
     125
     136
     116
     135
     107
     110
     115
     114
     118
     106
      94
     128
     111
     118
      93
     138
     123
     124
     109
     108
     110
     117
     125
     123
     105
     114
     104
     114
     107
     112
     117
     116
     130
     109
      87
     121
     111
     112
     117
     115
     112
     105
     112
     112
     117
     118
     123
     129
     118
     120
     103
     127
     120
     105
     124
     137
     116
     113
     110
     106
     114
     118
     124
     135
     113
     112
     129
     104
     120
     116
     111
     107
      98
     120
     112
     117
     118
     110
     130
     117
     141
     108
     129
     106
     123
     112
     106
     118
     106
     133
     132
     116
     118
     110
     124
     124
     137
     137
     110
     154
     136
     114
     118
     149
     136
     123
     124
     122
     110
     106
     123
     106
      97
     125
     122
     115
     111
     108
     138
     118
     128
     114
     124
     139
     117
     133
     110
     116
     121
     104
     124
     124
     124
     139
     127
     110
     122
     116
     108
     128
     119
     126
     110
      98
     126
     116
     139
     124
     117
     111
     134
     139
     132
     117
     123
     107
     122
     128
     104
      90
     131
     112
     106
     123
     131
     114
     105
     111
     118
     128
     118
     150
     113
     110
     102
     109
     120
     115
     109
      97
      96
     124
     113
      92
     127
      95
      89
     108
     109
     117
      93
     118
     102
     112
     111
      92
      88
     101
      92
     103
      97
     105
      92
      90
      90
      81
      85
      89
      81
      89
      91
      77
      86
     100
     102
      76
      65
      96
      79
      87
      89
      71
      65
      74
      80
      75
      77
      92
      65
      84
      82
      95
      97
      75
      89
      87
      91
      77
      76
      76
      76
      94
      60
      77
      81
      89
      83
      85
      82
      73
      83
      71
      91
      82
      62
      76
      85
      83
      71
      76
      64
      85
      81
      59
      64
      58
      84
      70
      74
      76
      77
      68
      73
      78
      73
      61
      61
      73
      76
      72
      77
      68
      75
      80
      72
      84
      63
      57
      47
      74
      85
      76
      80
      84
      74
      76
      64
      74
      53
      66
      62
      73
      73
      76
      64
      74
      67
      79
      58
      64
      73
      67
      66
      64
      51
      77
      74
      57
      87
      69
      55
      74
      71
      63
      52
      68
      68
      72
      57
      54
      63
      70
      76
      83
      59
      58
      57
      58
      62
      71
      72
      70
      67
      58
      72
      67
      77
      76
      61
      60
      43
      58
      73
      62
      74
      72
      67
      68
      51
      55
      53
      53
      74
      64
      60
      70
      65
      69
      61
      60
      70
      59
      68
      60
      91
      59
      54
      67
      57
      84
      61
      61
      62
      66
      63
      68
      63
      62
      66
      65
      70
      61
      63
      81
      74
      62
      71
      60
      59
      48
      55
      64
      53
      57
      63
      70
      63
      57
      71
      69
      69
      60
      53
      69
      60
      60
      54
      59
      70
      71
      62
      64
      76
      57
      49
      54
      76
      62
      54
      61
      63
      57
      65
      54
      42
      50
      79
      57
      71
      57
      70
      74
      65
      56
      56
      69
      55
      61
      44
      51
      53
      70
      69
      56
      51
      65
      54
      55
      54
      51
      53
      60
      57
      55
      43
      61
      51
      55
      61
      61
      69
      51
      60
      53
      61
      59
      60
      58
      64
      78
      57
      56
      63
      65
      52
      59
      56
      55
      65
      42
      66
      60
      57
      59
      53
      65
      68
      61
      47
      54
      98
      77
      76
      86
     100
     129
     166
     189
     295
     387
     551
     762
    1118
    1487
    2072
    2693
    3434
    4061
    4787
    5377
    5737
    5688
    5464
    5020
    4161
    3486
    2778
    2094
    1515
    1018
     673
     482
     323
     243
     208
     178
     154
     149
     123
     126
     141
     134
     125
     111
     111
     109
      87
      88
      89
      85
      69
      57
      62
      61
      54
      49
      53
      58
      46
      47
      31
      54
      51
      53
      43
      43
      35
      49
      46
      43
      37
      34
      43
      45
      42
      43
      43
      29
      46
      35
      34
      40
      26
      41
      34
      29
      41
      45
      31
      36
      43
      25
      31
      37
      36
      30
      40
      48
      44
      37
      48
      37
      38
      39
      39
      40
      33
      49
      40
      39
      38
      36
      44
      28
      28
      34
      43
      29
      30
      42
      29
      36
      32
      44
      24
      30
      42
      41
      45
      30
      32
      46
      29
      27
      26
      43
      31
      29
      32
      29
      25
      25
      32
      29
      39
      37
      30
      41
      39
      30
      30
      38
      28
      33
      30
      31
      32
      30
      21
      41
      33
      31
      30
      41
      32
      30
      26
      30
      29
      30
      27
      29
      24
      31
      34
      31
      31
      35
      36
      31
      32
      30
      30
      32
      20
      28
      22
      33
      24
      32
      31
      23
      27
      29
      29
      38
      28
      32
      32
      28
      45
      28
      24
      24
      19
      22
      21
      27
      33
      30
      23
      18
      30
      22
      30
      21
      28
      18
      25
      30
      29
      21
      27
      25
      26
      28
      24
      29
      28
      27
      25
      29
      37
      21
      33
      27
      12
      21
      21
      25
      25
      30
      24
      18
      21
      33
      28
      29
      20
      29
      24
      25
      24
      28
      24
      27
      21
      23
      21
      20
      27
      22
      21
      15
      23
      17
      17
      31
      21
      24
      19
      24
      26
      21
      33
      22
      29
      26
      24
      31
      19
      19
      13
      15
      25
      26
      24
      19
      23
      16
      19
      20
      15
      19
      20
      20
      25
      17
      23
      23
      15
      19
      16
      12
      21
      11
      20
      23
      14
      25
      17
      17
      17
      23
      13
      15
      21
      16
      23
      10
      22
      19
      24
      25
      23
      18
      20
      15
      21
      20
      18
      15
      16
      25
      19
      10
      15
      17
      18
      20
      16
      11
      20
      11
      23
      15
      25
      19
      20
      23
      13
      18
      17
      20
      20
      26
      18
      14
      23
      15
      12
      11
      22
      19
      19
      12
      11
      18
      10
      21
      21
      16
      22
      17
      13
      14
      16
       6
      10
      14
       9
      17
      12
       9
      21
      13
      13
      23
      22
      21
      17
      13
      11
      16
      14
      18
      17
      22
      20
      19
      12
      14
      25
      15
      14
      16
       9
      16
      10
      14
      20
      15
      10
      15
      12
      16
      21
      18
      12
      16
      15
       8
      14
      15
      14
      15
      12
      16
      13
       7
      12
      18
      12
      10
      15
       9
       7
      20
      13
       9
       9
      19
      12
      16
      10
      10
      12
      12
      12
       7
       7
      10
      18
      10
      14
       8
      10
      13
       3
      12
      10
      13
       9
       9
      14
       7
       9
       9
      15
      14
      11
      12
      16
       8
      17
      19
      19
       8
       9
      20
      12
      15
       9
       9
      13
       6
       8
       5
       8
       9
      14
       4
      18
      15
      17
      11
      16
       8
      13
      10
      16
      10
      14
       8
       7
      17
       9
      11
       8
      20
       8
      11
      10
       8
      18
       6
       5
      14
       6
      12
      11
       7
      13
      13
      13
       7
      11
      10
      14
      12
       9
      12
      12
       7
      11
       7
      17
      15
      11
       9
      12
      20
      11
       7
      18
      11
      11
       7
       9
      12
      12
      11
      13
       8
      12
       8
      10
      17
      11
       7
      10
       8
      10
      13
      12
       8
      12
      11
       7
       7
       7
      10
       3
      14
      10
       7
      10
      13
      18
       9
      11
       8
      10
      11
      10
      12
      12
      16
       8
       9
      12
       9
       6
       7
      13
      15
       7
      10
      13
      11
       9
      17
      10
       8
       8
      14
       7
      13
      11
       9
       8
      10
      15
      11
      12
       8
       9
      13
      10
       6
       9
       7
       9
      11
      13
       7
      11
      17
      15
       7
      11
       4
       7
      12
      10
       8
      13
      10
       7
      15
      10
      11
      11
       9
      14
       8
      10
      11
       6
      10
      13
      12
       9
       9
      13
      15
       9
       7
      11
       9
      11
       6
      14
       6
      14
      10
       7
      11
       9
      15
      10
      12
       9
      12
       8
       5
       6
      16
       5
       8
      10
      10
      10
       7
      10
       9
      10
       9
      11
      11
       8
       6
       9
      10
       9
       9
      11
       9
      12
      14
       8
      20
       8
       8
      17
      12
      12
      11
       8
       9
      12
      13
      10
      13
       9
       4
      11
       7
       9
       6
       6
       9
      11
      13
      12
      10
      10
       8
      10
       9
      19
      13
      10
       8
      14
       8
       8
       9
       9
       8
       9
      11
      10
      13
      11
      10
      10
      12
       9
      11
      15
       8
       6
       8
       9
      13
      12
       6
       8
      10
      13
      11
       7
      10
      11
       7
      12
       9
      10
       8
      10
       7
      12
       8
      13
      13
      11
       7
       3
       7
       6
       7
       9
       9
      11
      10
      17
      12
      16
      11
      17
       8
       9
      18
      14
      10
      10
      14
      13
       8
      14
      13
       7
      12
      14
       9
      12
       6
      13
      12
      13
      12
      13
      13
      14
      15
       4
      14
       8
       6
      11
      15
       5
       7
      22
      10
      10
       8
       9
      12
       9
       7
      11
      13
      12
      15
      12
      13
      15
       7
      11
      10
      18
      11
      13
       5
      15
      13
       4
      13
       5
      11
      11
      13
      10
      14
      11
       5
      13
       8
      12
      14
       9
      14
       9
       9
      12
      14
      10
      10
       7
      12
      14
      15
       8
      11
      14
       6
       5
       7
      10
      11
      12
      19
       9
       6
       5
      13
      11
      10
      16
       8
      14
       8
      11
      15
      11
      10
      12
      14
       9
      10
      16
      10
       9
       8
      11
       9
      12
      13
       5
       7
      11
       3
      12
      13
       7
      17
      16
      17
       8
       8
      10
      18
      15
      16
      14
      15
       3
      17
      12
      16
      17
      15
      13
      12
      20
      35
      27
      33
      63
      79
      88
     118
     198
     260
     315
     512
     659
     938
    1282
    1693
    2176
    2738
    3226
    3787
    4251
    4548
    4590
    4589
    4150
    3957
    3365
    2687
    2059
    1614
    1118
     850
     554
     388
     244
     164
     126
     120
     113
     103
      88
      95
      90
      62
      80
      68
      57
      44
      49
      51
      26
      27
      35
      24
      14
      18
      14
       5
       7
      12
       5
       9
       2
       4
       1
       7
       3
       3
       3
       4
       4
       5
       5
       2
       3
       2
       2
       1
       3
       3
       2
       2
       2
       2
       4
       3
       1
       4
       1
       4
       2
       3
       3
       1
       5
       3
       2
       4
       4
       4
       0
       2
       1
       2
       5
       1
       0
       3
       1
       3
       1
       2
       1
       2
       1
       3
       3
       4
       7
       1
       4
       1
       0
       2
       1
       2
       1
       3
       1
       3
       3
       5
       7
       5
       1
       5
       2
       3
       1
       3
       0
       1
       2
       1
       1
       2
       3
       2
       0
       1
       2
       4
       2
       4
       0
       1
       3
       2
       2
       3
       0
       2
       2
       3
       2
       1
       1
       2
       1
       2
       2
       3
       3
       4
       3
       3
       3
       2
       1
       1
       2
       2
       1
       1
       1
       2
       2
       3
       2
       3
       1
       1
       2
       2
       2
       1
       4
       1
       0
       3
       1
       0
       4
       2
       4
       0
       2
       4
       0
       3
       1
       4
       2
       1
       3
       2
       3
       1
       0
       2
       0
       1
       0
       1
       3
       2
       2
       1
       5
       1
       5
       2
       2
       0
       4
       3
       4
       1
       1
       1
       0
       4
       2
       0
       0
       0
       0
       0
       0
       0
       0
       0
       0
       0
       0
       0
       0
       0
       0
       0
       0
       0
       0
       0
       0
       0
       0
       0
       0
       0
       0
       0
       0
       0
       0
       0
       0
       0
       0
       0
       0
       0
       0
       0
       0
       0
       0
       0
       0
       0
       0
       0
       0
       0
       0
       0
       0
       0
       0
       0
       0
       0
       0
       0
       0
       0
       0
       0
       0
       0
       0
       0
       0
       0
       0
       0
       0
       0
       0
       0
       0
       0
       0
       0
       0
       0
       0
       0
       0
       0
       0
       0
       0
       0
       0
       0
       0
       0
       0
       0
       0
       0
       0
       0
       0
       0
       0
       0
       0
       0
       0
       0
       0
       0
       0
       0
       0
       0
       0
       0
       0
       0
       0
       0
       0
       0
       0
       0
       0
       0
       0
$ROI:
0
$PRESETS:
None
0
0
$ENER_FIT:
-0.946274 0.242428
$MCA_CAL:
3
-9.462742E-001 2.424276E-001 -2.056130E-007 keV
$SHAPE_CAL:
3
4.142836E+001 -1.952030E-002 2.453628E-006
