236.65
236.642
236.635
236.627
236.619
236.612
236.604
236.596
236.588
236.58
236.572
236.564
236.555
236.547
236.539
236.53
236.522
236.513
236.504
236.496
236.487
236.478
236.469
236.46
236.451
236.442
236.433
236.423
236.414
236.405
236.395
236.386
236.376
236.366
236.357
236.347
236.337
236.327
236.317
236.307
236.297
236.287
236.276
236.266
236.255
236.245
236.234
236.224
236.213
236.202
236.192
236.181
236.17
236.159
236.148
236.136
236.125
236.114
236.102
236.091
236.079
236.068
236.056
236.045
236.033
236.021
236.009
235.997
235.985
235.973
235.961
235.948
235.936
235.924
235.911
235.899
235.886
235.874
235.861
235.848
235.835
235.822
235.809
235.796
235.783
235.77
235.757
235.743
235.73
235.717
235.703
235.689
235.676
235.662
235.648
235.634
235.62
235.606
235.592
235.578
235.564
235.55
235.535
235.521
235.507
235.492
235.477
235.463
235.448
235.433
235.418
235.403
235.388
235.373
235.358
235.343
235.328
235.312
235.297
235.282
235.266
235.25
235.235
235.219
235.203
235.187
235.172
235.156
235.139
235.123
235.107
235.091
235.075
235.058
235.042
235.025
235.009
234.992
234.975
234.958
234.942
234.925
234.908
234.891
234.873
234.856
234.839
234.822
234.804
234.787
234.769
234.752
234.734
234.716
234.699
234.681
234.663
234.645
234.627
234.609
234.59
234.572
234.554
234.535
234.517
234.499
234.48
234.461
234.443
234.424
234.405
234.386
234.367
234.348
234.329
234.31
234.291
234.271
234.252
234.233
234.213
234.193
234.174
234.154
234.134
234.115
234.095
234.075
234.055
234.035
234.014
233.994
233.974
233.954
233.933
233.913
233.892
233.872
233.851
233.83
233.809
233.789
233.768
233.747
233.726
233.705
233.683
233.662
233.641
233.619
233.598
233.576
233.555
233.533
233.511
233.49
233.468
233.446
233.424
233.402
233.38
233.358
233.336
233.313
233.291
233.269
233.246
233.223
233.201
233.178
233.155
233.133
233.11
233.087
233.064
233.041
233.018
232.995
232.971
232.948
232.925
232.901
232.878
232.854
232.83
232.807
232.783
232.759
232.735
232.711
232.687
232.663
232.639
232.615
232.591
232.566
232.542
232.517
232.493
232.468
232.444
232.419
232.394
232.369
232.344
232.319
232.294
232.269
232.244
232.219
232.194
232.168
232.143
232.117
232.092
232.066
232.041
232.015
231.989
231.963
231.937
231.911
231.885
231.859
231.833
231.807
231.781
231.754
231.728
231.701
231.675
231.648
231.622
231.595
231.568
231.541
231.514
231.487
231.46
231.433
231.406
231.379
231.351
231.324
231.297
231.269
231.242
231.214
231.186
231.159
231.131
231.103
231.075
231.047
231.019
230.991
230.963
230.935
230.906
230.878
230.85
230.821
230.793
230.764
230.735
230.707
230.678
230.649
230.62
230.591
230.562
230.533
230.504
230.475
230.446
230.416
230.387
230.357
230.328
230.298
230.269
230.239
230.209
230.179
230.15
230.12
230.09
230.06
230.029
229.999
229.969
229.939
229.908
229.878
229.847
229.817
229.786
229.756
229.725
229.694
229.663
229.632
229.601
229.57
229.539
229.508
229.477
229.446
229.414
229.383
229.351
229.32
229.288
229.257
229.225
229.193
229.161
229.13
229.098
229.066
229.034
229.002
228.969
228.937
228.905
228.873
228.84
228.808
228.775
228.743
228.71
228.677
228.644
228.612
228.579
228.546
228.513
228.48
228.447
228.413
228.38
228.347
228.314
228.28
228.247
228.213
228.18
228.146
228.112
228.078
228.045
228.011
227.977
227.943
227.909
227.875
227.84
227.806
227.772
227.738
227.703
227.669
227.634
227.6
227.565
227.53
227.495
227.461
227.426
227.391
227.356
227.321
227.286
227.25
227.215
227.18
227.145
227.109
227.074
227.038
227.003
226.967
226.931
226.896
226.86
226.824
226.788
226.752
226.716
226.68
226.644
226.608
226.571
226.535
226.499
226.462
226.426
226.389
226.353
226.316
226.279
226.243
226.206
226.169
226.132
226.095
226.058
226.021
225.984
225.946
225.909
225.872
225.834
225.797
225.759
225.722
225.684
225.647
225.609
225.571
225.533
225.495
225.457
225.419
225.381
225.343
225.305
225.267
225.229
225.19
225.152
225.113
225.075
225.036
224.998
224.959
224.92
224.881
224.843
224.804
224.765
224.726
224.687
224.648
224.608
224.569
224.53
224.491
224.451
224.412
224.372
224.333
224.293
224.253
224.214
224.174
224.134
224.094
224.054
224.014
223.974
223.934
223.894
223.854
223.814
223.773
223.733
223.692
223.652
223.611
223.571
223.53
223.489
223.449
223.408
223.367
223.326
223.285
223.244
223.203
223.162
223.121
223.08
223.038
222.997
222.956
222.914
222.873
222.831
222.79
222.748
222.706
222.664
222.623
222.581
222.539
222.497
222.455
222.413
222.371
222.328
222.286
222.244
222.202
222.159
222.117
222.074
222.032
221.989
221.946
221.904
221.861
221.818
221.775
221.732
221.689
221.646
221.603
221.56
221.517
221.474
221.431
221.387
221.344
221.3
221.257
221.213
221.17
221.126
221.082
221.039
220.995
220.951
220.907
220.863
220.819
220.775
220.731
220.687
220.643
220.599
220.554
220.51
220.466
220.421
220.377
220.332
220.287
220.243
220.198
220.153
220.109
220.064
220.019
219.974
219.929
219.884
219.839
219.794
219.748
219.703
219.658
219.612
219.567
219.522
219.476
219.431
219.385
219.339
219.294
219.248
219.202
219.156
219.11
219.064
219.018
218.972
218.926
218.88
218.834
218.788
218.741
218.695
218.649
218.602
218.556
218.509
218.463
218.416
218.369
218.323
218.276
218.229
218.182
218.135
218.088
218.041
217.994
217.947
217.9
217.853
217.806
217.758
217.711
217.663
217.616
217.569
217.521
217.473
217.426
217.378
217.33
217.283
217.235
217.187
217.139
217.091
217.043
216.995
216.947
216.899
216.851
216.802
216.754
216.706
216.657
216.609
216.56
216.512
216.463
216.415
216.366
216.317
216.269
216.22
216.171
216.122
216.073
216.024
215.975
215.926
215.877
215.828
215.779
215.729
215.68
215.631
215.581
215.532
215.482
215.433
215.383
215.334
215.284
215.234
215.185
215.135
215.085
215.035
214.985
214.935
214.885
214.835
214.785
214.735
214.685
214.634
214.584
214.534
214.483
214.433
214.382
214.332
214.281
214.231
214.18
214.129
214.079
214.028
213.977
213.926
213.875
213.824
213.773
213.722
213.671
213.62
213.569
213.518
213.467
213.415
213.364
213.313
213.261
213.21
213.158
213.107
213.055
213.003
212.952
212.9
212.848
212.796
212.745
212.693
212.641
212.589
212.537
212.485
212.433
212.38
212.328
212.276
212.224
212.171
212.119
212.067
212.014
211.962
211.909
211.857
211.804
211.751
211.699
211.646
211.593
211.54
211.488
211.435
211.382
211.329
211.276
211.223
211.17
211.117
211.063
211.01
210.957
210.904
210.85
210.797
210.743
210.69
210.636
210.583
210.529
210.476
210.422
210.368
210.315
210.261
210.207
210.153
210.099
210.045
209.991
209.937
209.883
209.829
209.775
209.721
209.667
209.612
209.558
209.504
209.449
209.395
209.341
209.286
209.232
209.177
209.122
209.068
209.013
208.958
208.904
208.849
208.794
208.739
208.684
208.629
208.574
208.519
208.464
208.409
208.354
208.299
208.244
208.188
208.133
208.078
208.022
207.967
207.912
207.856
207.801
207.745
207.69
207.634
207.578
207.523
207.467
207.411
207.355
207.299
207.244
207.188
207.132
207.076
207.02
206.964
206.908
206.851
206.795
206.739
206.683
206.627
206.57
206.514
206.457
206.401
206.345
206.288
206.232
206.175
206.118
206.062
206.005
205.948
205.892
205.835
205.778
205.721
205.664
205.608
205.551
205.494
205.437
205.38
205.322
205.265
205.208
205.151
205.094
205.037
204.979
204.922
204.865
204.807
204.75
204.692
204.635
204.577
204.52
204.462
204.404
204.347
204.289
204.231
204.174
204.116
204.058
204
203.942
203.884
203.826
203.768
203.71
203.652
203.594
203.536
203.478
203.42
203.362
203.303
203.245
203.187
203.128
203.07
203.012
202.953
202.895
202.836
202.778
202.719
202.661
202.602
202.543
202.485
202.426
202.367
202.308
202.25
202.191
202.132
202.073
202.014
201.955
201.896
201.837
201.778
201.719
201.66
201.601
201.542
201.483
201.423
201.364
201.305
201.246
201.186
201.127
201.068
201.008
200.949
200.889
200.83
200.771
200.711
200.652
200.592
200.533
200.473
200.413
200.354
200.294
200.235
200.175
200.115
200.056
199.996
199.936
199.877
199.817
199.757
199.697
199.638
199.578
199.518
199.458
199.399
199.339
199.279
199.219
199.16
199.1
199.04
198.981
198.921
198.861
198.802
198.742
198.683
198.623
198.564
198.504
198.445
198.385
198.326
198.267
198.207
198.148
198.089
198.03
197.971
197.912
197.853
197.795
197.736
197.678
197.619
197.561
197.503
197.445
197.387
197.329
197.271
197.214
197.157
197.1
197.043
196.986
196.93
196.873
196.817
196.761
196.706
196.651
196.596
196.541
196.486
196.432
196.379
196.325
196.272
196.22
196.167
196.116
196.064
196.013
195.963
195.913
195.864
195.815
195.767
195.719
195.672
195.625
195.58
195.535
195.49
195.447
195.404
195.362
195.321
195.281
195.241
195.203
195.166
195.129
195.094
195.06
195.027
194.995
194.964
194.935
194.907
194.88
194.855
194.831
194.809
194.788
194.769
194.751
194.735
194.721
194.709
194.699
194.691
194.684
194.68
194.678
194.678
194.681
194.685
194.692
194.702
194.714
194.729
194.747
194.767
194.79
194.816
194.846
194.878
194.914
194.952
194.994
195.04
195.089
195.142
195.199
195.259
195.323
195.391
195.464
195.54
195.621
195.707
195.796
195.891
195.99
196.094
196.203
196.316
196.435
196.559
196.689
196.824
196.964
197.11
197.262
197.42
197.584
197.754
197.929
198.112
198.3
198.496
198.697
198.906
199.121
199.343
199.572
199.809
200.052
200.303
200.561
200.827
201.1
201.381
201.67
201.967
202.271
202.584
202.905
203.233
203.571
203.916
204.27
204.632
205.003
205.383
205.771
206.168
206.573
206.988
207.411
207.843
208.284
208.733
209.192
209.66
210.136
210.622
211.116
211.62
212.132
212.654
213.184
213.723
214.271
214.828
215.393
215.968
216.55
217.142
217.742
218.35
218.967
219.592
220.225
220.866
221.515
222.172
222.836
223.508
224.188
224.874
225.568
226.269
226.976
227.69
228.41
229.136
229.869
230.607
231.35
232.099
232.853
233.612
234.375
235.143
235.915
236.69
237.469
238.251
239.037
239.825
240.615
241.407
242.201
242.997
243.793
244.59
245.388
246.186
246.983
247.78
248.576
249.37
250.163
250.954
251.742
252.528
253.31
254.089
254.864
255.634
256.4
257.161
257.916
258.665
259.408
260.144
260.873
261.595
262.309
263.015
263.712
264.4
265.078
265.747
266.405
267.053
267.69
268.316
268.93
269.532
270.122
270.699
271.263
271.813
272.349
272.872
273.38
273.873
274.351
274.814
275.261
275.692
276.106
276.504
276.886
277.25
277.597
277.926
278.238
278.531
278.807
279.063
279.302
279.521
279.722
279.903
280.065
280.208
280.331
280.435
280.518
280.582
280.626
280.65
280.654
280.638
280.602
280.546
280.47
280.373
280.257
280.12
279.963
279.787
279.59
279.374
279.138
278.882
278.607
278.312
277.998
277.665
277.313
276.942
276.553
276.145
275.719
275.275
274.813
274.334
273.837
273.324
272.793
272.246
271.683
271.103
270.508
269.898
269.273
268.632
267.978
267.309
266.627
265.931
265.222
264.5
263.766
263.02
262.262
261.493
260.713
259.922
259.121
258.311
257.491
256.662
255.825
254.979
254.125
253.265
252.397
251.522
250.641
249.754
248.862
247.965
247.062
246.156
245.246
244.332
243.415
242.495
241.573
240.649
239.723
238.796
237.867
236.939
236.01
235.081
234.152
233.225
232.298
231.373
230.45
229.528
228.609
227.693
226.78
225.87
224.963
224.061
223.162
222.268
221.378
220.493
219.614
218.739
217.871
217.007
216.15
215.3
214.455
213.617
212.786
211.962
211.144
210.335
209.532
208.737
207.95
207.17
206.399
205.635
204.88
204.133
203.394
202.664
201.942
201.229
200.524
199.829
199.142
198.463
197.794
197.133
196.482
195.839
195.206
194.581
193.965
193.359
192.761
192.172
191.592
191.021
190.459
189.906
189.362
188.826
188.3
187.782
187.272
186.771
186.279
185.795
185.32
184.853
184.394
183.944
183.501
183.067
182.641
182.222
181.811
181.408
181.013
180.625
180.244
179.871
179.505
179.147
178.795
178.45
178.112
177.781
177.456
177.138
176.826
176.521
176.221
175.928
175.641
175.36
175.084
174.814
174.55
174.291
174.038
173.789
173.546
173.308
173.075
172.847
172.623
172.404
172.19
171.98
171.774
171.572
171.375
171.182
170.992
170.807
170.625
170.447
170.272
170.101
169.933
169.769
169.608
169.45
169.295
169.143
168.993
168.847
168.704
168.563
168.424
168.288
168.155
168.024
167.895
167.769
167.644
167.522
167.402
167.284
167.167
167.053
166.94
166.83
166.72
166.613
166.507
166.402
166.299
166.198
166.098
165.999
165.902
165.805
165.71
165.616
165.524
165.432
165.342
165.252
165.163
165.076
164.989
164.903
164.818
164.734
164.651
164.568
164.486
164.405
164.324
164.244
164.165
164.087
164.008
163.931
163.854
163.777
163.702
163.626
163.551
163.476
163.402
163.328
163.255
163.182
163.109
163.037
162.965
162.893
162.822
162.751
162.68
162.61
162.539
162.469
162.399
162.33
162.26
162.191
162.122
162.054
161.985
161.917
161.848
161.78
161.712
161.644
161.577
161.509
161.442
161.375
161.307
161.24
161.173
161.107
161.04
160.973
160.907
160.84
160.774
160.708
160.641
160.575
160.509
160.443
160.377
160.311
160.245
160.18
160.114
160.048
159.983
159.917
159.852
159.786
159.721
159.655
159.59
159.525
159.459
159.394
159.329
159.264
159.199
159.134
159.069
159.004
158.939
158.874
158.809
158.744
158.679
158.614
158.549
158.484
158.42
158.355
158.29
158.225
158.161
158.096
158.031
157.967
157.902
157.838
157.773
157.709
157.644
157.58
157.515
157.451
157.386
157.322
157.257
157.193
157.129
157.064
157
156.936
156.871
156.807
156.743
156.679
156.614
156.55
156.486
156.422
156.358
156.294
156.229
156.165
156.101
156.037
155.973
155.909
155.845
155.781
155.717
155.653
155.589
155.525
155.462
155.398
155.334
155.27
155.206
155.142
155.079
155.015
154.951
154.887
154.824
154.76
154.696
154.633
154.569
154.505
154.442
154.378
154.315
154.251
154.188
154.124
154.061
153.997
153.934
153.87
153.807
153.744
153.68
153.617
153.554
153.49
153.427
153.364
153.301
153.237
153.174
153.111
153.048
152.985
152.921
152.858
152.795
152.732
152.669
152.606
152.543
152.48
152.417
152.354
152.291
152.229
152.166
152.103
152.04
151.977
151.914
151.852
151.789
151.726
151.663
151.601
151.538
151.475
151.413
151.35
151.288
151.225
151.163
151.1
151.038
150.975
150.913
150.85
150.788
150.726
150.663
150.601
150.539
150.476
150.414
150.352
150.29
150.227
150.165
150.103
150.041
149.979
149.917
149.855
149.793
149.731
149.669
149.607
149.545
149.483
149.421
149.359
149.297
149.236
149.174
149.112
149.05
148.989
148.927
148.865
148.804
148.742
148.68
148.619
148.557
148.496
148.434
148.373
148.311
148.25
148.189
148.127
148.066
148.005
147.943
147.882
147.821
147.76
147.698
147.637
147.576
147.515
147.454
147.393
147.332
147.271
147.21
147.149
147.088
147.027
146.966
146.905
146.844
146.784
146.723
146.662
146.601
146.541
146.48
146.419
146.359
146.298
146.238
146.177
146.117
146.056
145.996
145.935
145.875
145.815
145.754
145.694
145.634
145.573
145.513
145.453
145.393
145.333
145.273
145.212
145.152
145.092
145.032
144.972
144.912
144.852
144.793
144.733
144.673
144.613
144.553
144.494
144.434
144.374
144.315
144.255
144.195
144.136
144.076
144.017
143.957
143.898
143.838
143.779
143.72
143.66
143.601
143.542
143.482
143.423
143.364
143.305
143.246
143.187
143.127
143.068
143.009
142.95
142.892
142.833
142.774
142.715
142.656
142.597
142.538
142.48
142.421
142.362
142.304
142.245
142.187
142.128
142.069
142.011
141.953
141.894
141.836
141.777
141.719
141.661
141.602
141.544
141.486
141.428
141.37
141.312
141.254
141.195
141.137
141.079
141.022
140.964
140.906
140.848
140.79
140.732
140.675
140.617
140.559
140.501
140.444
140.386
140.329
140.271
140.214
140.156
140.099
140.041
139.984
139.927
139.869
139.812
139.755
139.698
139.641
139.583
139.526
139.469
139.412
139.355
139.298
139.241
139.185
139.128
139.071
139.014
138.957
138.901
138.844
138.787
138.731
138.674
138.618
138.561
138.505
138.448
138.392
138.335
138.279
138.223
138.166
138.11
138.054
137.998
137.942
137.886
137.83
137.774
137.718
137.662
137.606
137.55
137.494
137.438
137.382
137.327
137.271
137.215
137.16
137.104
137.048
136.993
136.937
136.882
136.827
136.771
136.716
136.661
136.605
136.55
136.495
136.44
136.385
136.329
136.274
136.219
136.164
136.11
136.055
136
135.945
135.89
135.835
135.781
135.726
135.671
135.617
135.562
135.508
135.453
135.399
135.344
135.29
135.236
135.181
135.127
135.073
135.019
134.964
134.91
134.856
134.802
134.748
134.694
134.64
134.586
134.533
134.479
134.425
134.371
134.318
134.264
134.21
134.157
134.103
134.05
133.996
133.943
133.889
133.836
133.783
133.729
133.676
133.623
133.57
133.517
133.464
133.411
133.358
133.305
133.252
133.199
133.146
133.093
133.041
132.988
132.935
132.882
132.83
132.777
132.725
132.672
132.62
132.568
132.515
132.463
132.411
132.358
132.306
132.254
132.202
132.15
132.098
132.046
131.994
131.942
131.89
131.838
131.786
131.735
131.683
131.631
131.58
131.528
131.477
131.425
131.374
131.322
131.271
131.219
131.168
131.117
131.066
131.015
130.963
130.912
130.861
130.81
130.759
130.708
130.657
130.607
130.556
130.505
130.454
130.404
130.353
130.303
130.252
130.201
130.151
130.101
130.05
130
129.95
129.899
129.849
129.799
129.749
129.699
129.649
129.599
129.549
129.499
129.449
129.399
129.349
129.3
129.25
129.2
129.151
129.101
129.052
129.002
128.953
128.903
128.854
128.805
128.756
128.706
128.657
128.608
128.559
128.51
128.461
128.412
128.363
128.314
128.265
128.217
128.168
128.119
128.071
128.022
127.973
127.925
127.876
127.828
127.78
127.731
127.683
127.635
127.587
127.538
127.49
127.442
127.394
127.346
127.298
127.25
127.203
127.155
127.107
127.059
127.012
126.964
126.916
126.869
126.821
126.774
126.727
126.679
126.632
126.585
126.538
126.49
126.443
126.396
126.349
126.302
126.255
126.208
126.162
126.115
126.068
126.021
125.975
125.928
125.881
125.835
125.788
125.742
125.696
125.649
125.603
125.557
125.51
125.464
125.418
125.372
125.326
125.28
125.234
125.188
125.143
125.097
125.051
125.005
124.96
124.914
124.869
124.823
124.778
124.732
124.687
124.641
124.596
124.551
124.506
124.461
124.416
124.371
124.326
124.281
124.236
124.191
124.146
124.101
124.057
124.012
123.967
123.923
123.878
123.834
123.789
123.745
123.701
123.656
123.612
123.568
123.524
123.48
123.436
123.392
123.348
123.304
123.26
123.216
123.173
123.129
123.085
123.042
122.998
122.955
122.911
122.868
122.824
122.781
122.738
122.695
122.651
122.608
122.565
122.522
122.479
122.436
122.393
122.351
122.308
122.265
122.222
122.18
122.137
122.095
122.052
122.01
121.967
121.925
121.883
121.84
121.798
121.756
121.714
121.672
121.63
121.588
121.546
121.504
121.462
121.421
121.379
121.337
121.296
121.254
121.213
121.171
121.13
121.089
121.047
121.006
120.965
120.924
120.882
120.841
120.8
120.759
120.719
120.678
120.637
120.596
120.555
120.515
120.474
120.434
120.393
120.353
120.312
120.272
120.232
120.191
120.151
120.111
120.071
120.031
119.991
119.951
119.911
119.871
119.831
119.792
119.752
119.712
119.673
119.633
119.594
119.554
119.515
119.475
119.436
119.397
119.358
119.318
119.279
119.24
119.201
119.162
119.124
119.085
119.046
119.007
118.968
118.93
118.891
118.853
118.814
118.776
118.737
118.699
118.661
118.623
118.584
118.546
118.508
118.47
118.432
118.394
118.356
118.319
118.281
118.243
118.206
118.168
118.13
118.093
118.055
118.018
117.981
117.943
117.906
117.869
117.832
117.795
117.758
117.721
117.684
117.647
117.61
117.573
117.537
117.5
117.463
117.427
117.39
117.354
117.317
117.281
117.245
117.208
117.172
117.136
117.1
117.064
117.028
116.992
116.956
116.92
116.884
116.849
116.813
116.777
116.742
116.706
116.671
116.635
116.6
116.565
116.529
116.494
116.459
116.424
116.389
116.354
116.319
116.284
116.249
116.214
116.18
116.145
116.11
116.076
116.041
116.007
115.972
115.938
115.903
115.869
115.835
115.801
115.767
115.733
115.699
115.665
115.631
115.597
115.563
115.529
115.496
115.462
115.429
115.395
115.362
115.328
115.295
115.261
115.228
115.195
115.162
115.129
115.096
115.063
115.03
114.997
114.964
114.931
114.899
114.866
114.833
114.801
114.768
114.736
114.703
114.671
114.639
114.606
114.574
114.542
114.51
114.478
114.446
114.414
114.382
114.35
114.319
114.287
114.255
114.224
114.192
114.161
114.129
114.098
114.066
114.035
114.004
113.973
113.942
113.911
113.879
113.849
113.818
113.787
113.756
113.725
113.695
113.664
113.633
113.603
113.572
113.542
113.511
113.481
113.451
113.421
113.391
113.36
113.33
113.3
113.27
113.241
113.211
113.181
113.151
113.122
113.092
113.062
113.033
113.003
112.974
112.945
112.915
112.886
112.857
112.828
112.799
112.77
112.741
112.712
112.683
112.654
112.625
112.597
112.568
112.539
112.511
112.482
112.454
112.426
112.397
112.369
112.341
112.313
112.285
112.257
112.229
112.201
112.173
112.145
112.117
112.089
112.062
112.034
112.007
111.979
111.952
111.924
111.897
111.87
111.842
111.815
111.788
111.761
111.734
111.707
111.68
111.653
111.626
111.6
111.573
111.546
111.52
111.493
111.467
111.44
111.414
111.388
111.361
111.335
111.309
111.283
111.257
111.231
111.205
111.179
111.153
111.127
111.102
111.076
111.05
111.025
110.999
110.974
110.949
110.923
110.898
110.873
110.847
110.822
110.797
110.772
110.747
110.722
110.698
110.673
110.648
110.623
110.599
110.574
110.55
110.525
110.501
110.476
110.452
110.428
110.404
110.379
110.355
110.331
110.307
110.283
110.26
110.236
110.212
110.188
110.165
110.141
110.117
110.094
110.071
110.047
110.024
110.001
109.977
109.954
109.931
109.908
109.885
109.862
109.839
109.816
109.794
109.771
109.748
109.725
109.703
109.68
109.658
109.636
109.613
109.591
109.569
109.546
109.524
109.502
109.48
109.458
109.436
109.414
109.393
109.371
109.349
109.328
109.306
109.284
109.263
109.241
109.22
109.199
109.177
109.156
109.135
109.114
109.093
109.072
109.051
109.03
109.009
108.988
108.968
108.947
108.926
108.906
108.885
108.865
108.844
108.824
108.804
108.784
108.763
108.743
108.723
108.703
108.683
108.663
108.643
108.624
108.604
108.584
108.564
108.545
108.525
108.506
108.486
108.467
108.448
108.428
108.409
108.39
108.371
108.352
108.333
108.314
108.295
108.276
108.257
108.239
108.22
108.201
108.183
108.164
108.146
108.127
108.109
108.091
108.072
108.054
108.036
108.018
108
107.982
107.964
107.946
107.928
107.91
107.893
107.875
107.857
107.84
107.822
107.805
107.787
107.77
107.753
107.736
107.718
107.701
107.684
107.667
107.65
107.633
107.616
107.6
107.583
107.566
107.549
107.533
107.516
107.5
107.483
107.467
107.451
107.434
107.418
107.402
107.386
107.37
107.354
107.338
107.322
107.306
107.29
107.274
107.259
107.243
107.227
107.212
107.196
107.181
107.165
107.15
107.135
107.12
107.104
107.089
107.074
107.059
107.044
107.029
107.014
107
106.985
106.97
106.956
106.941
106.926
106.912
106.897
106.883
106.869
106.854
106.84
106.826
106.812
106.798
106.784
106.77
106.756
106.742
106.728
106.714
106.701
106.687
106.673
106.66
106.646
106.633
106.619
106.606
106.593
106.58
106.566
106.553
106.54
106.527
106.514
106.501
106.488
106.475
106.463
106.45
106.437
106.425
106.412
106.4
106.387
106.375
106.362
106.35
106.338
106.325
106.313
106.301
106.289
106.277
106.265
106.253
106.241
106.23
106.218
106.206
106.194
106.183
106.171
106.16
106.148
106.137
106.126
106.114
106.103
106.092
106.081
106.07
106.059
106.048
106.037
106.026
106.015
106.004
105.993
105.983
105.972
105.962
105.951
105.941
105.93
105.92
105.909
105.899
105.889
105.879
105.869
105.858
105.848
105.838
105.829
105.819
105.809
105.799
105.789
105.78
105.77
105.76
105.751
105.741
105.732
105.723
105.713
105.704
105.695
105.686
105.676
105.667
105.658
105.649
105.64
105.632
105.623
105.614
105.605
105.596
105.588
105.579
105.571
105.562
105.554
105.545
105.537
105.529
105.52
105.512
105.504
105.496
105.488
105.48
105.472
105.464
105.456
105.449
105.441
105.433
105.425
105.418
105.41
105.403
105.395
105.388
105.38
105.373
105.366
105.359
105.351
105.344
105.337
105.33
105.323
105.316
105.309
105.303
105.296
105.289
105.282
105.276
105.269
105.263
105.256
105.25
105.243
105.237
105.231
105.224
105.218
105.212
105.206
105.2
105.194
105.188
105.182
105.176
105.17
105.164
105.159
105.153
105.147
105.142
105.136
105.131
105.125
105.12
105.114
105.109
105.104
105.099
105.093
105.088
105.083
105.078
105.073
105.068
105.063
105.059
105.054
105.049
105.044
105.04
105.035
105.03
105.026
105.021
105.017
105.013
105.008
105.004
105
104.996
104.991
104.987
104.983
104.979
104.975
104.971
104.967
104.964
104.96
104.956
104.952
104.949
104.945
104.942
104.938
104.935
104.931
104.928
104.924
104.921
104.918
104.915
104.912
104.908
104.905
104.902
104.899
104.896
104.894
104.891
104.888
104.885
104.882
104.88
104.877
104.875
104.872
104.87
104.867
104.865
104.862
104.86
104.858
104.856
104.853
104.851
104.849
104.847
104.845
104.843
104.841
104.839
104.838
104.836
104.834
104.832
104.831
104.829
104.828
104.826
104.825
104.823
104.822
104.82
104.819
104.818
104.817
104.815
104.814
104.813
104.812
104.811
104.81
104.809
104.808
104.808
104.807
104.806
104.805
104.805
104.804
104.804
104.803
104.803
104.802
104.802
104.801
104.801
104.801
104.8
104.8
104.8
104.8
104.8
104.8
104.8
104.8
104.8
104.8
104.8
104.801
104.801
104.801
104.801
104.802
104.802
104.803
104.803
104.804
104.804
104.805
104.806
104.806
104.807
104.808
104.809
104.81
104.81
104.811
104.812
104.813
104.815
104.816
104.817
104.818
104.819
104.821
104.822
104.823
104.825
104.826
104.827
104.829
104.831
104.832
104.834
104.835
104.837
104.839
104.841
104.843
104.844
104.846
104.848
104.85
104.852
104.854
104.856
104.859
104.861
104.863
104.865
104.868
104.87
104.872
104.875
104.877
104.88
104.882
104.885
104.887
104.89
104.893
104.895
104.898
104.901
104.904
104.907
104.909
104.912
104.915
104.918
104.921
104.925
104.928
104.931
104.934
104.937
104.941
104.944
104.947
104.951
104.954
104.958
104.961
104.965
104.968
104.972
104.975
104.979
104.983
104.987
104.99
104.994
104.998
105.002
105.006
105.01
105.014
105.018
105.022
105.026
105.03
105.035
105.039
105.043
105.047
105.052
105.056
105.06
105.065
105.069
105.074
105.078
105.083
105.088
105.092
105.097
105.102
105.106
105.111
105.116
105.121
105.126
105.131
105.136
105.141
105.146
105.151
105.156
105.161
105.166
105.171
105.177
105.182
105.187
105.193
105.198
105.203
105.209
105.214
105.22
105.225
105.231
105.237
105.242
105.248
105.254
105.259
105.265
105.271
105.277
105.283
105.288
105.294
105.3
105.306
105.312
105.318
105.325
105.331
105.337
105.343
105.349
105.356
105.362
105.368
105.375
105.381
105.387
105.394
105.4
105.407
105.413
105.42
105.427
105.433
105.44
105.447
105.453
105.46
105.467
105.474
105.48
105.487
105.494
105.501
105.508
105.515
105.522
105.529
105.536
105.544
105.551
105.558
105.565
105.572
105.58
105.587
105.594
105.602
105.609
105.617
105.624
105.631
105.639
105.647
105.654
105.662
105.669
105.677
105.685
105.692
105.7
105.708
105.716
105.724
105.731
105.739
105.747
105.755
105.763
105.771
105.779
105.787
105.795
105.804
105.812
105.82
105.828
105.836
105.845
105.853
105.861
105.869
105.878
105.886
105.895
105.903
105.912
105.92
105.929
105.937
105.946
105.954
105.963
105.972
105.98
105.989
105.998
106.007
106.015
106.024
106.033
106.042
106.051
106.06
106.069
106.078
106.087
106.096
106.105
106.114
106.123
106.132
106.141
106.15
106.16
106.169
106.178
106.187
106.197
106.206
106.215
106.225
106.234
106.244
106.253
106.263
106.272
106.282
106.291
106.301
106.31
106.32
106.33
106.339
106.349
106.359
106.368
106.378
106.388
106.398
106.408
106.418
106.427
106.437
106.447
106.457
106.467
106.477
106.487
106.497
106.507
106.517
106.528
106.538
106.548
106.558
106.568
106.578
106.589
106.599
106.609
106.62
106.63
106.64
106.651
106.661
106.671
106.682
106.692
106.703
106.713
106.724
106.734
106.745
106.756
106.766
106.777
106.787
106.798
106.809
106.819
106.83
106.841
106.852
106.863
106.873
106.884
106.895
106.906
106.917
106.928
106.939
106.95
106.961
106.972
106.983
106.994
107.005
107.016
107.027
107.038
107.049
107.06
107.071
107.083
107.094
107.105
107.116
107.127
107.139
107.15
107.161
107.173
107.184
107.195
107.207
107.218
107.23
107.241
107.252
107.264
107.275
107.287
107.298
107.31
107.322
107.333
107.345
107.356
107.368
107.38
107.391
107.403
107.415
107.426
107.438
107.45
107.462
107.473
107.485
107.497
107.509
107.521
107.532
107.544
107.556
107.568
107.58
107.592
107.604
107.616
107.628
107.64
107.652
107.664
107.676
107.688
107.7
107.712
107.724
107.736
107.748
107.76
107.773
107.785
107.797
107.809
107.821
107.834
107.846
107.858
107.87
107.883
107.895
107.907
107.92
107.932
107.944
107.957
107.969
107.981
107.994
108.006
108.019
108.031
108.043
108.056
108.068
108.081
108.093
108.106
108.118
108.131
108.143
108.156
108.169
108.181
108.194
108.206
108.219
108.232
108.244
108.257
108.27
108.282
108.295
108.308
108.32
108.333
108.346
108.358
108.371
108.384
108.397
108.41
108.422
108.435
108.448
108.461
108.474
108.486
108.499
108.512
108.525
108.538
108.551
108.564
108.577
108.589
108.602
108.615
108.628
108.641
108.654
108.667
108.68
108.693
108.706
108.719
108.732
108.745
108.758
108.771
108.784
108.797
108.81
108.823
108.836
108.85
108.863
108.876
108.889
108.902
108.915
108.928
108.941
108.954
108.968
108.981
108.994
109.007
109.02
109.033
109.047
109.06
109.073
109.086
109.1
109.113
109.126
109.139
109.152
109.166
109.179
109.192
109.205
109.219
109.232
109.245
109.259
109.272
109.285
109.298
109.312
109.325
109.338
109.352
109.365
109.378
109.392
109.405
109.418
109.432
109.445
109.458
109.472
109.485
109.498
109.512
109.525
109.539
109.552
109.565
109.579
109.592
109.606
109.619
109.632
109.646
109.659
109.673
109.686
109.699
109.713
109.726
109.74
109.753
109.766
109.78
109.793
109.807
109.82
109.834
109.847
109.86
109.874
109.887
109.901
109.914
109.928
109.941
109.955
109.968
109.981
109.995
110.008
110.022
110.035
110.049
110.062
110.076
110.089
110.103
110.116
110.13
110.143
110.156
110.17
110.183
110.197
110.21
110.224
110.237
110.251
110.264
110.278
110.291
110.304
110.318
110.331
110.345
110.358
110.372
110.385
110.399
110.412
110.425
110.439
110.452
110.466
110.479
110.493
110.506
110.52
110.533
110.546
110.56
110.573
110.587
110.6
110.613
110.627
110.64
110.654
110.667
110.68
110.694
110.707
110.721
110.734
110.747
110.761
110.774
110.788
110.801
110.814
110.828
110.841
110.854
110.868
110.881
110.894
110.908
110.921
110.934
110.948
110.961
110.974
110.988
111.001
111.014
111.027
111.041
111.054
111.067
111.081
111.094
111.107
111.12
111.134
111.147
111.16
111.173
111.187
111.2
111.213
111.226
111.239
111.253
111.266
111.279
111.292
111.305
111.318
111.332
111.345
111.358
111.371
111.384
111.397
111.41
111.423
111.437
111.45
111.463
111.476
111.489
111.502
111.515
111.528
111.541
111.554
111.567
111.58
111.593
111.606
111.619
111.632
111.645
111.658
111.671
111.684
111.697
111.71
111.723
111.736
111.748
111.761
111.774
111.787
111.8
111.813
111.826
111.838
111.851
111.864
111.877
111.89
111.902
111.915
111.928
111.941
111.953
111.966
111.979
111.992
112.004
112.017
112.03
112.042
112.055
112.068
112.08
112.093
112.105
112.118
112.131
112.143
112.156
112.168
112.181
112.193
112.206
112.218
112.231
112.243
112.256
112.268
112.281
112.293
112.305
112.318
112.33
112.343
112.355
112.367
112.38
112.392
112.404
112.417
112.429
112.441
112.453
112.466
112.478
112.49
112.502
112.515
112.527
112.539
112.551
112.563
112.575
112.587
112.599
112.612
112.624
112.636
112.648
112.66
112.672
112.684
112.696
112.708
112.72
112.731
112.743
112.755
112.767
112.779
112.791
112.803
112.815
112.826
112.838
112.85
112.862
112.873
112.885
112.897
112.909
112.92
112.932
112.944
112.955
112.967
112.978
112.99
113.002
113.013
113.025
113.036
113.048
113.059
113.071
113.082
113.093
113.105
113.116
113.128
113.139
113.15
113.162
113.173
113.184
113.195
113.207
113.218
113.229
113.24
113.252
113.263
113.274
113.285
113.296
113.307
113.318
113.329
113.34
113.351
113.362
113.373
113.384
113.395
113.406
113.417
113.428
113.439
113.45
113.46
113.471
113.482
113.493
113.504
113.514
113.525
113.536
113.546
113.557
113.568
113.578
113.589
113.599
113.61
113.62
113.631
113.641
113.652
113.662
113.673
113.683
113.694
113.704
113.714
113.725
113.735
113.745
113.755
113.766
113.776
113.786
113.796
113.806
113.817
113.827
113.837
113.847
113.857
113.867
113.877
113.887
113.897
113.907
113.917
113.927
113.936
113.946
113.956
113.966
113.976
113.985
113.995
114.005
114.015
114.024
114.034
114.043
114.053
114.063
114.072
114.082
114.091
114.101
114.11
114.12
114.129
114.138
114.148
114.157
114.166
114.176
114.185
114.194
114.204
114.213
114.222
114.231
114.24
114.249
114.258
114.267
114.277
114.286
114.295
114.303
114.312
114.321
114.33
114.339
114.348
114.357
114.366
114.374
114.383
114.392
114.401
114.409
114.418
114.426
114.435
114.444
114.452
114.461
114.469
114.478
114.486
114.495
114.503
114.511
114.52
114.528
114.536
114.545
114.553
114.561
114.569
114.577
114.586
114.594
114.602
114.61
114.618
114.626
114.634
114.642
114.65
114.658
114.666
114.674
114.681
114.689
114.697
114.705
114.712
114.72
114.728
114.736
114.743
114.751
114.758
114.766
114.773
114.781
114.788
114.796
114.803
114.811
114.818
114.825
114.833
114.84
114.847
114.855
114.862
114.869
114.876
114.883
114.89
114.897
114.904
114.911
114.918
114.925
114.932
114.939
114.946
114.953
114.96
114.967
114.973
114.98
114.987
114.994
115
115.007
115.014
115.02
115.027
115.033
115.04
115.046
115.053
115.059
115.066
115.072
115.078
115.085
115.091
115.097
115.104
115.11
115.116
115.122
115.128
115.134
115.14
115.146
115.152
115.158
115.164
115.17
115.176
115.182
115.188
115.194
115.2
115.206
115.211
115.217
115.223
115.228
115.234
115.24
115.245
115.251
115.256
115.262
115.267
115.273
115.278
115.284
115.289
115.294
115.3
115.305
115.31
115.316
115.321
115.326
115.331
115.336
115.341
115.346
115.352
115.357
115.362
115.367
115.371
115.376
115.381
115.386
115.391
115.396
115.401
115.405
115.41
115.415
115.42
115.424
115.429
115.433
115.438
115.443
115.447
115.452
115.456
115.461
115.465
115.469
115.474
115.478
115.482
115.487
115.491
115.495
115.499
115.504
115.508
115.512
115.516
115.52
115.524
115.528
115.532
115.536
115.54
115.544
115.548
115.552
115.556
115.56
115.563
115.567
115.571
115.575
115.579
115.582
115.586
115.59
115.593
115.597
115.6
115.604
115.607
115.611
115.614
115.618
115.621
115.625
115.628
115.631
115.635
115.638
115.641
115.645
115.648
115.651
115.654
115.657
115.661
115.664
115.667
115.67
115.673
115.676
115.679
115.682
115.685
115.688
115.691
115.694
115.697
115.7
115.702
115.705
115.708
115.711
115.714
115.716
115.719
115.722
115.724
115.727
115.73
115.732
115.735
115.738
115.74
115.743
115.745
115.748
115.75
115.753
115.755
115.758
115.76
115.762
115.765
115.767
115.769
115.772
115.774
115.776
115.779
115.781
115.783
115.785
115.787
115.79
115.792
115.794
115.796
115.798
115.8
115.802
115.804
115.807
115.809
115.811
115.813
115.815
115.817
115.819
115.821
115.822
115.824
115.826
115.828
115.83
115.832
115.834
115.836
115.837
115.839
115.841
115.843
115.845
115.846
115.848
115.85
115.852
115.853
115.855
115.857
115.859
115.86
115.862
115.864
115.865
115.867
115.869
115.87
115.872
115.873
115.875
115.877
115.878
115.88
115.881
115.883
115.884
115.886
115.888
115.889
115.891
115.892
115.894
115.895
115.897
115.898
115.9
115.901
115.903
115.904
115.906
115.907
115.909
115.91
115.912
115.913
115.915
115.916
115.918
115.919
115.921
115.922
115.924
115.925
115.927
115.928
115.929
115.931
115.932
115.934
115.935
115.937
115.938
115.94
115.941
115.943
115.944
115.946
115.947
115.949
115.951
115.952
115.954
115.955
115.957
115.958
115.96
115.961
115.963
115.965
115.966
115.968
115.969
115.971
115.973
115.974
115.976
115.978
115.979
115.981
115.983
115.984
115.986
115.988
115.99
115.991
115.993
115.995
115.997
115.999
116.001
116.002
116.004
116.006
116.008
116.01
116.012
116.014
116.016
116.018
116.02
116.022
116.024
116.026
116.028
116.031
116.033
116.035
116.037
116.039
116.042
116.044
116.046
116.048
116.051
116.053
116.056
116.058
116.06
116.063
116.065
116.068
116.071
116.073
116.076
116.078
116.081
116.084
116.087
116.089
116.092
116.095
116.098
116.101
116.104
116.107
116.11
116.113
116.116
116.119
116.122
116.126
116.129
116.132
116.135
116.139
116.142
116.146
116.149
116.153
116.156
116.16
116.164
116.167
116.171
116.175
116.179
116.183
116.187
116.191
116.195
116.199
116.203
116.207
116.211
116.215
116.22
116.224
116.229
116.233
116.238
116.242
116.247
116.252
116.256
116.261
116.266
116.271
116.276
116.281
116.286
116.291
116.297
116.302
116.307
116.313
116.318
116.324
116.329
116.335
116.341
116.346
116.352
116.358
116.364
116.37
116.376
116.383
116.389
116.395
116.402
116.408
116.415
116.421
116.428
116.435
116.442
116.449
116.456
116.463
116.47
116.477
116.484
116.492
116.499
116.507
116.514
116.522
116.53
116.538
116.546
116.554
116.562
116.57
116.579
116.587
116.595
116.604
116.613
116.621
116.63
116.639
116.648
116.657
116.667
116.676
116.685
116.695
116.704
116.714
116.724
116.734
116.744
116.754
116.764
116.774
116.785
116.795
116.806
116.816
116.827
116.838
116.849
116.86
116.872
116.883
116.894
116.906
116.918
116.929
116.941
116.953
116.965
116.978
116.99
117.002
117.015
117.028
117.04
117.053
117.066
117.08
117.093
117.106
117.12
117.133
117.147
117.161
117.175
117.189
117.204
117.218
117.233
117.247
117.262
117.277
117.292
117.307
117.322
117.338
117.354
117.369
117.385
117.401
117.417
117.434
117.45
117.466
117.483
117.5
117.517
117.534
117.551
117.569
117.586
117.604
117.622
117.64
117.658
117.676
117.695
117.713
117.732
117.751
117.77
117.789
117.809
117.828
117.848
117.868
117.887
117.908
117.928
117.948
117.969
117.99
118.011
118.032
118.053
118.075
118.096
118.118
118.14
118.162
118.184
118.207
118.229
118.252
118.275
118.298
118.321
118.345
118.369
118.392
118.416
118.441
118.465
118.489
118.514
118.539
118.564
118.589
118.615
118.64
118.666
118.692
118.718
118.745
118.771
118.798
118.825
118.852
118.879
118.907
118.935
118.962
118.99
119.019
119.047
119.076
119.105
119.134
119.163
119.192
119.222
119.252
119.282
119.312
119.343
119.373
119.404
119.435
119.467
119.498
119.53
119.562
119.594
119.626
119.659
119.691
119.724
119.757
119.791
119.824
119.858
119.892
119.926
119.961
119.995
120.03
120.065
120.101
120.136
120.172
120.208
120.244
120.281
120.317
120.354
120.391
120.428
120.466
120.504
120.542
120.58
120.618
120.657
120.696
120.735
120.774
120.814
120.854
120.894
120.934
120.975
121.016
121.057
121.098
121.139
121.181
121.223
121.265
121.307
121.35
121.393
121.436
121.48
121.523
121.567
121.611
121.656
121.7
121.745
121.79
121.835
121.881
121.927
121.973
122.019
122.066
122.113
122.16
122.207
122.255
122.302
122.351
122.399
122.447
122.496
122.545
122.595
122.644
122.694
122.744
122.795
122.845
122.896
122.947
122.999
123.05
123.102
123.154
123.207
123.26
123.312
123.366
123.419
123.473
123.527
123.581
123.636
123.69
123.745
123.801
123.856
123.912
123.968
124.025
124.081
124.138
124.195
124.253
124.31
124.368
124.427
124.485
124.544
124.603
124.662
124.722
124.782
124.842
124.902
124.963
125.024
125.085
125.146
125.208
125.27
125.332
125.395
125.458
125.521
125.584
125.648
125.711
125.776
125.84
125.905
125.97
126.035
126.1
126.166
126.232
126.299
126.365
126.432
126.499
126.567
126.634
126.702
126.77
126.839
126.908
126.977
127.046
127.116
127.186
127.256
127.326
127.397
127.468
127.539
127.61
127.682
127.754
127.827
127.899
127.972
128.045
128.119
128.192
128.266
128.34
128.415
128.49
128.565
128.64
128.715
128.791
128.867
128.944
129.02
129.097
129.174
129.252
129.329
129.407
129.486
129.564
129.643
129.722
129.801
129.881
129.96
130.041
130.121
130.201
130.282
130.363
130.445
130.527
130.608
130.691
130.773
130.856
130.939
131.022
131.105
131.189
131.273
131.357
131.442
131.526
131.611
131.697
131.782
131.868
131.954
132.04
132.127
132.214
132.301
132.388
132.475
132.563
132.651
132.739
132.828
132.917
133.006
133.095
133.184
133.274
133.364
133.454
133.544
133.635
133.726
133.817
133.909
134
134.092
134.184
134.276
134.369
134.462
134.555
134.648
134.741
134.835
134.929
135.023
135.117
135.212
135.307
135.402
135.497
135.592
135.688
135.784
135.88
135.976
136.073
136.17
136.267
136.364
136.461
136.559
136.656
136.754
136.853
136.951
137.05
137.148
137.247
137.346
137.446
137.545
137.645
137.745
137.845
137.946
138.046
138.147
138.248
138.349
138.45
138.552
138.653
138.755
138.857
138.959
139.061
139.164
139.267
139.369
139.472
139.576
139.679
139.783
139.886
139.99
140.094
140.198
140.302
140.407
140.512
140.616
140.721
140.826
140.931
141.037
141.142
141.248
141.354
141.46
141.566
141.672
141.778
141.885
141.991
142.098
142.205
142.312
142.419
142.526
142.633
142.741
142.848
142.956
143.064
143.172
143.28
143.388
143.496
143.604
143.713
143.821
143.93
144.038
144.147
144.256
144.365
144.474
144.583
144.692
144.802
144.911
145.021
145.13
145.24
145.349
145.459
145.569
145.679
145.789
145.899
146.009
146.119
146.229
146.339
146.449
146.56
146.67
146.781
146.891
147.001
147.112
147.222
147.333
147.444
147.554
147.665
147.776
147.886
147.997
148.108
148.218
148.329
148.44
148.551
148.662
148.772
148.883
148.994
149.105
149.215
149.326
149.437
149.548
149.658
149.769
149.88
149.99
150.101
150.212
150.322
150.433
150.543
150.654
150.764
150.874
150.985
151.095
151.205
151.315
151.425
151.535
151.645
151.755
151.865
151.975
152.085
152.194
152.304
152.413
152.523
152.632
152.741
152.851
152.96
153.069
153.178
153.286
153.395
153.504
153.612
153.72
153.829
153.937
154.045
154.153
154.26
154.368
154.475
154.583
154.69
154.797
154.904
155.011
155.118
155.224
155.331
155.437
155.543
155.649
155.755
155.86
155.966
156.071
156.176
156.281
156.386
156.49
156.595
156.699
156.803
156.907
157.01
157.114
157.217
157.32
157.423
157.526
157.628
157.73
157.832
157.934
158.036
158.137
158.238
158.339
158.44
158.54
158.64
158.74
158.84
158.939
159.038
159.137
159.236
159.335
159.433
159.531
159.628
159.726
159.823
159.92
160.017
160.113
160.209
160.305
160.4
160.495
160.59
160.685
160.779
160.873
160.967
161.06
161.153
161.246
161.339
161.431
161.523
161.614
161.705
161.796
161.887
161.977
162.067
162.156
162.246
162.335
162.423
162.511
162.599
162.687
162.774
162.861
162.947
163.033
163.119
163.204
163.289
163.374
163.458
163.542
163.625
163.708
163.791
163.873
163.955
164.036
164.117
164.198
164.279
164.358
164.438
164.517
164.596
164.674
164.752
164.829
164.906
164.983
165.059
165.135
165.21
165.285
165.359
165.433
165.507
165.58
165.653
165.725
165.797
165.868
165.939
166.009
166.079
166.149
166.218
166.286
166.354
166.422
166.489
166.556
166.622
166.688
166.753
166.818
166.882
166.946
167.009
167.072
167.134
167.196
167.257
167.318
167.378
167.438
167.497
167.556
167.614
167.672
167.729
167.786
167.842
167.897
167.953
168.007
168.061
168.115
168.168
168.22
168.272
168.324
168.374
168.425
168.474
168.524
168.572
168.62
168.668
168.715
168.761
168.807
168.853
168.897
168.942
168.985
169.028
169.071
169.113
169.154
169.195
169.235
169.275
169.314
169.352
169.39
169.428
169.464
169.5
169.536
169.571
169.605
169.639
169.672
169.705
169.737
169.768
169.799
169.829
169.859
169.888
169.916
169.944
169.971
169.998
170.024
170.049
170.074
170.098
170.122
170.144
170.167
170.188
170.209
170.23
170.25
170.269
170.287
170.305
170.323
170.339
170.355
170.371
170.385
170.4
170.413
170.426
170.438
170.45
170.461
170.471
170.481
170.49
170.498
170.506
170.513
170.52
170.525
170.531
170.535
170.539
170.542
170.545
170.547
170.548
170.549
170.549
170.549
170.547
170.545
170.543
170.54
170.536
170.531
170.526
170.52
170.514
170.507
170.499
170.491
170.481
170.472
170.461
170.45
170.439
170.426
170.413
170.4
170.385
170.37
170.355
170.338
170.321
170.304
170.286
170.267
170.247
170.227
170.206
170.185
170.162
170.14
170.116
170.092
170.067
170.042
170.016
169.989
169.961
169.933
169.905
169.875
169.845
169.815
169.783
169.751
169.719
169.686
169.652
169.617
169.582
169.546
169.509
169.472
169.434
169.396
169.357
169.317
169.277
169.236
169.194
169.152
169.109
169.065
169.021
168.976
168.931
168.885
168.838
168.79
168.742
168.694
168.644
168.595
168.544
168.493
168.441
168.389
168.335
168.282
168.227
168.173
168.117
168.061
168.004
167.947
167.889
167.83
167.771
167.711
167.65
167.589
167.528
167.465
167.402
167.339
167.275
167.21
167.145
167.079
167.012
166.945
166.878
166.809
166.741
166.671
166.601
166.531
166.459
166.388
166.315
166.242
166.169
166.095
166.02
165.945
165.869
165.793
165.716
165.638
165.56
165.481
165.402
165.323
165.242
165.161
165.08
164.998
164.916
164.833
164.749
164.665
164.58
164.495
164.41
164.323
164.237
164.149
164.062
163.973
163.884
163.795
163.705
163.615
163.524
163.432
163.341
163.248
163.155
163.062
162.968
162.874
162.779
162.683
162.587
162.491
162.394
162.297
162.199
162.101
162.002
161.903
161.803
161.703
161.603
161.502
161.4
161.298
161.196
161.093
160.99
160.886
160.782
160.677
160.572
160.467
160.361
160.255
160.148
160.041
159.933
159.825
159.717
159.608
159.499
159.389
159.279
159.169
159.058
158.947
158.835
158.723
158.611
158.498
158.385
158.272
158.158
158.044
157.929
157.815
157.699
157.584
157.468
157.351
157.235
157.118
157.001
156.883
156.765
156.647
156.528
156.409
156.29
156.17
156.05
155.93
155.81
155.689
155.568
155.446
155.325
155.203
155.08
154.958
154.835
154.712
154.589
154.465
154.341
154.217
154.092
153.968
153.843
153.718
153.592
153.467
153.341
153.215
153.088
152.962
152.835
152.708
152.581
152.453
152.325
152.198
152.07
151.941
151.813
151.684
151.555
151.426
151.297
151.168
151.038
150.908
150.778
150.648
150.518
150.388
150.257
150.126
149.996
149.865
149.733
149.602
149.471
149.339
149.208
149.076
148.944
148.812
148.68
148.548
148.415
148.283
148.15
148.018
147.885
147.752
147.619
147.486
147.353
147.22
147.087
146.954
146.82
146.687
146.554
146.42
146.287
146.153
146.019
145.886
145.752
145.618
145.485
145.351
145.217
145.083
144.95
144.816
144.682
144.548
144.414
144.281
144.147
144.013
143.879
143.746
143.612
143.478
143.344
143.211
143.077
142.944
142.81
142.677
142.543
142.41
142.277
142.143
142.01
141.877
141.744
141.611
141.478
141.346
141.213
141.08
140.948
140.815
140.683
140.551
140.419
140.287
140.155
140.023
139.891
139.76
139.628
139.497
139.366
139.235
139.104
138.973
138.842
138.712
138.582
138.452
138.322
138.192
138.062
137.933
137.803
137.674
137.545
137.416
137.288
137.159
137.031
136.903
136.775
136.648
136.52
136.393
136.266
136.139
136.012
135.886
135.76
135.634
135.508
135.383
135.258
135.133
135.008
134.883
134.759
134.635
134.511
134.388
134.264
134.141
134.018
133.896
133.774
133.652
133.53
133.409
133.287
133.167
133.046
132.926
132.806
132.686
132.567
132.447
132.329
132.21
132.092
131.974
131.856
131.739
131.622
131.505
131.389
131.273
131.157
131.042
130.927
130.812
130.698
130.584
130.47
130.357
130.244
130.131
130.019
129.907
129.795
129.684
129.573
129.462
129.352
129.242
129.133
129.024
128.915
128.807
128.699
128.591
128.484
128.377
128.271
128.164
128.059
127.953
127.849
127.744
127.64
127.536
127.433
127.33
127.227
127.125
127.023
126.922
126.821
126.721
126.621
126.521
126.422
126.323
126.224
126.126
126.029
125.932
125.835
125.738
125.643
125.547
125.452
125.357
125.263
125.17
125.076
124.983
124.891
124.799
124.707
124.616
124.526
124.435
124.346
124.256
124.167
124.079
123.991
123.903
123.816
123.73
123.643
123.558
123.472
123.388
123.303
123.219
123.136
123.053
122.971
122.888
122.807
122.726
122.645
122.565
122.485
122.406
122.327
122.249
122.171
122.094
122.017
121.94
121.864
121.789
121.714
121.639
121.565
121.491
121.418
121.346
121.274
121.202
121.131
121.06
120.989
120.92
120.85
120.781
120.713
120.645
120.578
120.511
120.444
120.378
120.313
120.248
120.183
120.119
120.056
119.992
119.93
119.868
119.806
119.745
119.684
119.624
119.564
119.504
119.446
119.387
119.329
119.272
119.215
119.158
119.102
119.047
118.992
118.937
118.883
118.83
118.776
118.724
118.671
118.62
118.568
118.517
118.467
118.417
118.368
118.319
118.27
118.222
118.175
118.128
118.081
118.035
117.989
117.944
117.899
117.854
117.811
117.767
117.724
117.682
117.639
117.598
117.557
117.516
117.475
117.436
117.396
117.357
117.319
117.281
117.243
117.206
117.169
117.133
117.097
117.061
117.026
116.991
116.957
116.923
116.89
116.857
116.825
116.793
116.761
116.73
116.699
116.668
116.638
116.609
116.58
116.551
116.523
116.495
116.467
116.44
116.413
116.387
116.361
116.335
116.31
116.285
116.261
116.237
116.213
116.19
116.167
116.145
116.123
116.101
116.08
116.059
116.038
116.018
115.998
115.978
115.959
115.94
115.922
115.904
115.886
115.869
115.852
115.835
115.819
115.803
115.787
115.772
115.757
115.742
115.727
115.713
115.7
115.686
115.673
115.661
115.648
115.636
115.624
115.613
115.602
115.591
115.58
115.57
115.56
115.55
115.541
115.531
115.523
115.514
115.506
115.498
115.49
115.483
115.475
115.468
115.462
115.455
115.449
115.443
115.438
115.432
115.427
115.422
115.417
115.413
115.409
115.405
115.401
115.398
115.394
115.391
115.388
115.386
115.383
115.381
115.379
115.377
115.376
115.374
115.373
115.372
115.371
115.371
115.37
115.37
115.37
115.37
115.37
115.37
115.371
115.372
115.373
115.374
115.375
115.376
115.378
115.379
115.381
115.383
115.385
115.387
115.389
115.392
115.394
115.397
115.4
115.403
115.406
115.409
115.412
115.415
115.419
115.422
115.426
115.429
115.433
115.437
115.441
115.445
115.449
115.453
115.457
115.461
115.466
115.47
115.474
115.479
115.483
115.488
115.492
115.497
115.501
115.506
115.511
115.515
115.52
115.525
115.53
115.534
115.539
115.544
115.548
115.553
115.558
115.563
115.567
115.572
115.577
115.581
115.586
115.591
115.595
115.6
115.604
115.608
115.613
115.617
115.621
115.626
115.63
115.634
115.638
115.642
115.646
115.649
115.653
115.657
115.66
115.664
115.667
115.67
115.674
115.677
115.68
115.682
115.685
115.688
115.69
115.693
115.695
115.697
115.699
115.701
115.703
115.704
115.706
115.707
115.708
115.709
115.71
115.71
115.711
115.711
115.711
115.711
115.711
115.711
115.71
115.71
115.709
115.708
115.706
115.705
115.703
115.701
115.699
115.697
115.694
115.691
115.689
115.685
115.682
115.678
115.674
115.67
115.666
115.661
115.657
115.652
115.646
115.641
115.635
115.629
115.623
115.616
115.609
115.602
115.595
115.587
115.579
115.571
115.562
115.554
115.545
115.535
115.526
115.516
115.505
115.495
115.484
115.473
115.462
115.45
115.438
115.425
115.413
115.4
115.386
115.373
115.359
115.344
115.33
115.315
115.299
115.284
115.268
115.251
115.235
115.218
115.2
115.182
115.164
115.146
115.127
115.108
115.088
115.068
115.048
115.027
115.006
114.985
114.963
114.941
114.918
114.895
114.872
114.848
114.824
114.8
114.775
114.749
114.724
114.698
114.671
114.644
114.617
114.589
114.561
114.532
114.503
114.474
114.444
114.414
114.383
114.352
114.32
114.288
114.256
114.223
114.19
114.156
114.122
114.088
114.053
114.017
113.981
113.945
113.908
113.871
113.833
113.795
113.756
113.717
113.678
113.638
113.597
113.557
113.515
113.473
113.431
113.388
113.345
113.301
113.257
113.213
113.168
113.122
113.076
113.029
112.982
112.935
112.887
112.839
112.79
112.74
112.69
112.64
112.589
112.538
112.486
112.434
112.381
112.328
112.274
112.219
112.165
112.109
112.054
111.997
111.941
111.883
111.826
111.767
111.709
111.649
111.59
111.529
111.469
111.407
111.346
111.283
111.22
111.157
111.093
111.029
110.964
110.899
110.833
110.767
110.7
110.633
110.565
110.497
110.428
110.358
110.288
110.218
110.147
110.076
110.004
109.931
109.858
109.785
109.711
109.636
109.561
109.486
109.41
109.333
109.256
109.179
109.101
109.022
108.943
108.864
108.783
108.703
108.622
108.54
108.458
108.375
108.292
108.208
108.124
108.04
107.954
107.869
107.782
107.696
107.608
107.521
107.432
107.344
107.254
107.165
107.074
106.984
106.892
106.8
106.708
106.615
106.522
106.428
106.334
106.239
106.144
106.048
105.952
105.855
105.758
105.66
105.562
105.463
105.364
105.264
105.164
105.063
104.962
104.86
104.758
104.655
104.552
104.449
104.344
104.24
104.135
104.029
103.923
103.817
103.71
103.602
103.494
103.386
103.277
103.168
103.058
102.947
102.837
102.725
102.614
102.502
102.389
102.276
102.162
102.048
101.934
101.819
101.703
101.588
101.471
101.355
101.237
101.12
101.002
100.883
100.764
100.645
100.525
100.405
100.284
100.163
100.041
99.9194
99.7969
99.6741
99.5508
99.4271
99.3029
99.1784
99.0534
98.928
98.8021
98.6759
98.5493
98.4222
98.2948
98.1669
98.0386
97.9099
97.7808
97.6513
97.5215
97.3912
97.2605
97.1294
96.998
96.8661
96.7339
96.6013
96.4683
96.3349
96.2011
96.067
95.9325
95.7976
95.6623
95.5267
95.3907
95.2543
95.1176
94.9805
94.8431
94.7053
94.5671
94.4286
94.2897
94.1505
94.011
93.8711
93.7308
93.5902
93.4493
93.3081
93.1665
93.0246
92.8823
92.7397
92.5968
92.4536
92.3101
92.1662
92.022
91.8775
91.7327
91.5876
91.4422
91.2965
91.1505
91.0042
90.8575
90.7106
90.5634
90.4159
90.2681
90.1201
89.9717
89.8231
89.6742
89.525
89.3755
89.2258
89.0758
88.9255
88.775
88.6242
88.4731
88.3218
88.1702
88.0184
87.8664
87.714
87.5615
87.4087
87.2556
87.1023
86.9488
86.7951
86.6411
86.4869
86.3325
86.1778
86.0229
85.8678
85.7125
85.557
85.4013
85.2453
85.0892
84.9328
84.7763
84.6195
84.4626
84.3055
84.1481
83.9906
83.8329
83.6751
83.517
83.3588
83.2003
83.0418
82.883
82.7241
82.565
82.4057
82.2463
82.0868
81.927
81.7671
81.6071
81.4469
81.2866
81.1262
80.9656
80.8048
80.644
80.4829
80.3218
80.1605
79.9992
79.8377
79.676
79.5143
79.3524
79.1904
79.0284
78.8662
78.7039
78.5415
78.379
78.2164
78.0537
77.8909
77.7281
77.5651
77.4021
77.239
77.0758
76.9125
76.7491
76.5857
76.4222
76.2587
76.095
75.9313
75.7676
75.6038
75.4399
75.276
75.1121
74.9481
74.784
74.6199
74.4558
74.2916
74.1274
73.9632
73.7989
73.6346
73.4703
73.306
73.1416
72.9773
72.8129
72.6485
72.484
72.3196
72.1552
71.9908
71.8263
71.6619
71.4975
71.333
71.1686
71.0042
70.8398
70.6755
70.5111
70.3468
70.1824
70.0182
69.8539
69.6897
69.5255
69.3613
69.1972
69.0331
68.869
68.705
68.5411
68.3771
68.2133
68.0495
67.8857
67.722
67.5584
67.3948
67.2313
67.0678
66.9044
66.7411
66.5779
66.4147
66.2516
66.0886
65.9257
65.7628
65.6001
65.4374
65.2748
65.1123
64.9499
64.7876
64.6254
64.4633
64.3013
64.1394
63.9776
63.8159
63.6543
63.4929
63.3315
63.1703
63.0091
62.8481
62.6873
62.5265
62.3659
62.2054
62.045
61.8848
61.7247
61.5647
61.4049
61.2452
61.0856
60.9262
60.767
60.6079
60.4489
60.2901
60.1314
59.9729
59.8146
59.6564
59.4983
59.3405
59.1828
59.0252
58.8678
58.7106
58.5536
58.3967
58.24
58.0835
57.9272
57.771
57.6151
57.4593
57.3036
57.1482
56.993
56.8379
56.6831
56.5284
56.3739
56.2197
56.0656
55.9117
55.758
55.6045
55.4512
55.2982
55.1453
54.9926
54.8402
54.688
54.5359
54.3841
54.2325
54.0811
53.93
53.779
53.6283
53.4778
53.3275
53.1775
53.0276
52.878
52.7287
52.5795
52.4306
52.282
52.1335
51.9853
51.8373
51.6896
51.5421
51.3949
51.2479
51.1011
50.9546
50.8083
50.6623
50.5165
50.371
50.2257
50.0807
49.9359
49.7914
49.6471
49.5031
49.3593
49.2159
49.0726
48.9296
48.7869
48.6445
48.5023
48.3604
48.2187
48.0773
47.9362
47.7953
47.6548
47.5144
47.3744
47.2346
47.0951
46.9559
46.817
46.6783
46.5399
46.4018
46.264
46.1264
45.9891
45.8521
45.7154
45.579
45.4428
45.307
45.1714
45.0361
44.9011
44.7664
44.632
44.4978
44.364
44.2304
44.0971
43.9642
43.8315
43.6991
43.567
43.4352
43.3037
43.1725
43.0416
42.911
42.7806
42.6506
42.5209
42.3915
42.2624
42.1335
42.005
41.8768
41.7489
41.6213
41.494
41.367
41.2403
41.1139
40.9878
40.862
40.7365
40.6113
40.4865
40.3619
40.2376
40.1137
39.9901
39.8667
39.7437
39.621
39.4986
39.3765
39.2547
39.1333
39.0121
38.8913
38.7707
38.6505
38.5306
38.411
38.2917
38.1727
38.0541
37.9357
37.8177
37.7
37.5826
37.4655
37.3487
37.2323
37.1161
37.0003
36.8848
36.7696
36.6547
36.5401
36.4259
36.3119
36.1983
36.085
35.972
35.8593
35.747
35.6349
35.5232
35.4118
35.3007
35.1899
35.0795
34.9693
34.8595
34.75
34.6408
34.5319
34.4233
34.3151
34.2072
34.0995
33.9922
33.8853
33.7786
33.6722
33.5662
33.4605
33.3551
33.25
33.1452
33.0407
32.9366
32.8328
32.7293
32.6261
32.5232
32.4206
32.3183
32.2164
32.1148
32.0134
31.9124
31.8117
31.7114
31.6113
31.5115
31.4121
31.313
31.2142
31.1156
31.0174
30.9196
30.822
30.7247
30.6278
30.5311
30.4348
30.3387
30.243
30.1476
30.0525
29.9577
29.8632
29.769
29.6752
29.5816
29.4883
29.3954
29.3027
29.2104
29.1183
29.0266
28.9351
28.844
28.7532
28.6627
28.5724
28.4825
28.3929
28.3035
28.2145
28.1258
28.0374
27.9492
27.8614
27.7739
27.6867
27.5997
27.5131
27.4267
27.3407
27.2549
27.1695
27.0843
26.9994
26.9149
26.8306
26.7466
26.6629
26.5795
26.4963
26.4135
26.331
26.2487
26.1667
26.0851
26.0037
25.9226
25.8418
25.7612
25.681
25.601
25.5213
25.4419
25.3628
25.284
25.2054
25.1272
25.0492
24.9715
24.894
24.8169
24.74
24.6634
24.5871
24.511
24.4352
24.3597
24.2845
24.2096
24.1349
24.0605
23.9864
23.9125
23.8389
23.7656
23.6925
23.6197
23.5472
23.475
23.403
23.3313
23.2598
23.1886
23.1177
23.047
22.9766
22.9065
22.8366
22.767
22.6976
22.6285
22.5597
22.4911
22.4227
22.3547
22.2868
22.2193
22.152
22.0849
22.0181
21.9515
21.8852
21.8192
21.7534
21.6878
21.6225
21.5575
21.4926
21.4281
21.3638
21.2997
21.2359
21.1723
21.1089
21.0458
20.9829
20.9203
20.8579
20.7958
20.7339
20.6722
20.6108
20.5496
20.4886
20.4279
20.3674
20.3071
20.2471
20.1873
20.1277
20.0684
20.0093
19.9504
19.8918
19.8333
19.7751
19.7172
19.6594
19.6019
19.5446
19.4875
19.4307
19.374
19.3176
19.2614
19.2054
19.1497
19.0941
19.0388
18.9837
18.9288
18.8741
18.8196
18.7654
18.7113
18.6575
18.6039
18.5505
18.4973
18.4443
18.3915
18.3389
18.2865
18.2344
18.1824
18.1307
18.0791
18.0277
17.9766
17.9256
17.8749
17.8243
17.774
17.7238
17.6739
17.6241
17.5745
17.5252
17.476
17.427
17.3782
17.3296
17.2812
17.233
17.185
17.1371
17.0895
17.042
16.9947
16.9477
16.9007
16.854
16.8075
16.7611
16.715
16.669
16.6232
16.5775
16.5321
16.4868
16.4417
16.3968
16.3521
16.3075
16.2631
16.2189
16.1749
16.131
16.0873
16.0438
16.0005
15.9573
15.9143
15.8714
15.8288
15.7863
15.7439
15.7017
15.6597
15.6179
15.5762
15.5347
15.4933
15.4521
15.4111
15.3702
15.3295
15.289
15.2486
15.2084
15.1683
15.1284
15.0886
15.049
15.0095
14.9702
14.9311
14.8921
14.8532
14.8145
14.776
14.7376
14.6994
14.6613
14.6233
14.5855
14.5478
14.5103
14.473
14.4357
14.3987
14.3617
14.3249
14.2883
14.2518
14.2154
14.1792
14.1431
14.1071
14.0713
14.0357
14.0001
13.9647
13.9294
13.8943
13.8593
13.8244
13.7897
13.7551
13.7206
13.6863
13.6521
13.618
13.5841
13.5503
13.5166
13.483
13.4496
13.4163
13.3831
13.35
13.3171
13.2843
13.2516
13.219
13.1866
13.1543
13.1221
13.09
13.058
13.0262
12.9945
12.9629
12.9314
12.9
12.8687
12.8376
12.8066
12.7757
12.7449
12.7142
12.6836
12.6532
12.6229
12.5926
12.5625
12.5325
12.5026
12.4728
12.4431
12.4136
12.3841
12.3547
12.3255
12.2963
12.2673
12.2384
12.2095
12.1808
12.1522
12.1237
12.0953
12.0669
12.0387
12.0106
11.9826
11.9547
11.9269
11.8992
11.8716
11.844
11.8166
11.7893
11.7621
11.7349
11.7079
11.681
11.6541
11.6274
11.6007
11.5741
11.5477
11.5213
11.495
11.4688
11.4427
11.4167
11.3908
11.3649
11.3392
11.3135
11.288
11.2625
11.2371
11.2118
11.1866
11.1614
11.1364
11.1114
11.0865
11.0617
11.037
11.0124
10.9878
10.9634
10.939
10.9147
10.8905
10.8663
10.8423
10.8183
10.7944
10.7706
10.7468
10.7232
10.6996
10.6761
10.6527
10.6293
10.606
10.5828
10.5597
10.5367
10.5137
10.4908
10.468
10.4452
10.4225
10.3999
10.3774
10.3549
10.3325
10.3102
10.288
10.2658
10.2437
10.2217
10.1997
10.1778
10.156
10.1342
10.1125
10.0909
10.0693
10.0478
10.0264
10.0051
9.98376
9.96254
9.94138
9.92028
9.89925
9.87829
9.85739
9.83655
9.81578
9.79506
9.77442
9.75383
9.73331
9.71285
9.69245
9.67211
9.65183
9.63161
9.61145
9.59136
9.57132
9.55134
9.53142
9.51156
9.49176
9.47202
9.45233
9.4327
9.41313
9.39362
9.37416
9.35476
9.33541
9.31612
9.29689
9.27771
9.25859
9.23952
9.22051
9.20155
9.18264
9.16379
9.14499
9.12624
9.10755
9.08891
9.07032
9.05178
9.0333
9.01487
8.99648
8.97815
8.95987
8.94164
8.92346
8.90533
8.88725
8.86922
8.85124
8.83331
8.81543
8.79759
8.7798
8.76207
8.74437
8.72673
8.70914
8.69159
8.67408
8.65663
8.63922
8.62186
8.60454
8.58727
8.57004
8.55286
8.53573
8.51864
8.50159
8.48459
8.46763
8.45072
8.43385
8.41702
8.40024
8.3835
8.3668
8.35015
8.33354
8.31697
8.30044
8.28396
8.26751
8.25111
8.23475
8.21843
8.20215
8.18592
8.16972
8.15356
8.13745
8.12137
8.10533
8.08933
8.07338
8.05746
8.04158
8.02574
8.00994
7.99417
7.97845
7.96276
7.94711
7.9315
7.91593
7.90039
7.88489
7.86943
7.85401
7.83862
7.82327
7.80795
7.79267
7.77743
7.76222
7.74705
7.73192
7.71682
7.70175
7.68672
7.67173
7.65677
7.64185
7.62696
7.6121
7.59728
7.58249
7.56774
7.55302
7.53833
7.52368
7.50906
7.49448
7.47993
7.46541
7.45092
7.43646
7.42204
7.40765
7.3933
7.37897
7.36468
7.35042
7.33619
7.32199
7.30782
7.29369
7.27958
7.26551
7.25147
7.23746
7.22348
7.20953
7.19561
7.18172
7.16786
7.15403
7.14023
7.12646
7.11272
7.09901
7.08533
7.07168
7.05806
7.04446
7.0309
7.01736
7.00386
6.99038
6.97693
6.96351
6.95012
6.93675
6.92341
6.91011
6.89683
6.88357
6.87035
6.85715
6.84398
6.83084
6.81772
6.80463
6.79157
6.77854
6.76553
6.75255
6.73959
6.72666
6.71376
6.70089
6.68804
6.67521
6.66242
6.64965
6.6369
6.62418
6.61149
6.59882
6.58618
6.57356
6.56097
6.5484
6.53586
6.52334
6.51085
6.49839
6.48594
6.47353
6.46113
6.44876
6.43642
6.4241
6.41181
6.39954
6.38729
6.37507
6.36287
6.35069
6.33854
6.32641
6.31431
6.30223
6.29017
6.27814
6.26613
6.25414
6.24218
6.23023
6.21832
6.20642
6.19455
6.1827
6.17087
6.15907
6.14729
6.13553
6.12379
6.11208
6.10039
6.08872
6.07707
6.06544
6.05384
6.04226
6.0307
6.01916
6.00764
5.99615
5.98468
5.97322
5.96179
5.95039
5.939
5.92763
5.91629
5.90497
5.89366
5.88238
5.87112
5.85988
5.84866
5.83746
5.82629
5.81513
5.804
5.79288
5.78179
5.77071
5.75966
5.74862
5.73761
5.72662
5.71564
5.70469
5.69376
5.68285
5.67195
5.66108
5.65023
5.63939
5.62858
5.61778
5.60701
5.59626
5.58552
5.5748
5.56411
5.55343
5.54277
5.53213
5.52151
5.51091
5.50033
5.48977
5.47923
5.4687
5.4582
5.44771
5.43725
5.4268
5.41637
5.40596
5.39556
5.38519
5.37483
5.3645
5.35418
5.34388
5.3336
5.32333
5.31309
5.30286
5.29265
5.28246
5.27229
5.26213
5.252
5.24188
5.23178
5.22169
5.21163
5.20158
5.19155
5.18154
5.17155
5.16157
5.15161
5.14167
5.13175
5.12184
5.11195
5.10208
5.09223
5.08239
5.07257
5.06277
5.05298
5.04321
5.03346
5.02373
5.01401
5.00431
4.99463
4.98497
4.97532
4.96568
4.95607
4.94647
4.93689
4.92733
4.91778
4.90825
4.89873
4.88923
4.87975
4.87029
4.86084
4.85141
4.84199
4.83259
4.82321
4.81384
4.80449
4.79516
4.78584
4.77654
4.76725
4.75798
4.74873
4.73949
4.73027
4.72106
4.71187
4.7027
4.69354
4.6844
4.67528
4.66617
4.65707
4.64799
4.63893
4.62988
4.62085
4.61184
4.60284
4.59385
4.58488
4.57593
4.56699
4.55807
4.54916
4.54027
4.53139
4.52253
4.51368
4.50485
4.49604
4.48724
4.47845
4.46968
4.46093
4.45219
4.44346
4.43475
4.42606
4.41738
4.40872
4.40007
4.39143
4.38281
4.37421
4.36562
4.35704
4.34848
4.33994
4.33141
4.32289
4.31439
4.3059
4.29743
4.28897
4.28053
4.2721
4.26369
4.25529
4.2469
4.23853
4.23017
4.22183
4.21351
4.20519
4.19689
4.18861
4.18034
4.17208
4.16384
4.15561
4.1474
4.1392
4.13102
4.12285
4.11469
4.10655
4.09842
4.0903
4.0822
4.07412
4.06604
4.05799
4.04994
4.04191
4.03389
4.02589
4.0179
4.00993
4.00196
3.99402
3.98608
3.97816
3.97025
3.96236
3.95448
3.94661
3.93876
3.93092
3.9231
3.91529
3.90749
3.8997
3.89193
3.88417
3.87643
3.8687
3.86098
3.85328
3.84558
3.83791
3.83024
3.82259
3.81495
3.80733
3.79972
3.79212
3.78453
3.77696
3.7694
3.76186
3.75432
3.7468
3.7393
3.7318
3.72432
3.71686
3.7094
3.70196
3.69453
3.68711
3.67971
3.67232
3.66494
3.65758
3.65023
3.64289
3.63556
3.62825
3.62095
3.61366
3.60639
3.59912
3.59187
3.58464
3.57741
3.5702
3.563
3.55581
3.54864
3.54148
3.53433
3.52719
3.52007
3.51295
3.50585
3.49877
3.49169
3.48463
3.47758
3.47054
3.46352
3.4565
3.4495
3.44251
3.43554
3.42857
3.42162
3.41468
3.40775
3.40084
3.39393
3.38704
3.38016
3.3733
3.36644
3.3596
3.35277
3.34595
3.33914
3.33235
3.32556
3.31879
3.31203
3.30529
3.29855
3.29183
3.28511
3.27841
3.27173
3.26505
3.25839
3.25173
3.24509
3.23846
3.23184
3.22524
3.21864
3.21206
3.20549
3.19893
3.19238
3.18585
3.17932
3.17281
3.16631
3.15982
3.15334
3.14687
3.14041
3.13397
3.12754
3.12112
3.11471
3.10831
3.10192
3.09554
3.08918
3.08282
3.07648
3.07015
3.06383
3.05752
3.05123
3.04494
3.03867
3.0324
3.02615
3.01991
3.01368
3.00746
3.00125
2.99506
2.98887
2.9827
2.97653
2.97038
2.96424
2.95811
2.95199
2.94588
2.93978
2.93369
2.92762
2.92155
2.9155
2.90945
2.90342
2.8974
2.89139
2.88539
2.8794
2.87342
2.86745
2.8615
2.85555
2.84961
2.84369
2.83777
2.83187
2.82598
2.8201
2.81422
2.80836
2.80251
2.79667
2.79084
2.78502
2.77921
2.77342
2.76763
2.76185
2.75608
2.75033
2.74458
2.73885
2.73312
2.72741
2.7217
2.71601
2.71032
2.70465
2.69899
2.69333
2.68769
2.68206
2.67644
2.67083
2.66522
2.65963
2.65405
2.64848
2.64292
2.63737
2.63183
2.6263
2.62078
2.61526
2.60976
2.60427
2.59879
2.59332
2.58786
2.58241
2.57697
2.57154
2.56612
2.56071
2.55531
2.54992
2.54454
2.53916
2.5338
2.52845
2.52311
2.51778
2.51246
2.50714
2.50184
2.49655
2.49126
2.48599
2.48073
2.47547
2.47023
2.46499
2.45977
2.45455
2.44935
2.44415
2.43896
2.43379
2.42862
2.42346
2.41831
2.41317
2.40804
2.40292
2.39781
2.39271
2.38762
2.38254
2.37747
2.3724
2.36735
2.3623
2.35727
2.35224
2.34723
2.34222
2.33722
2.33223
2.32725
2.32228
2.31732
2.31237
2.30743
2.30249
2.29757
2.29265
2.28775
2.28285
2.27796
2.27308
2.26822
2.26336
