0
0
0
0
0
0
0
0
0
0
0
0
0
0
0
0
0
0
0
0
0
0
0
0
0
0
0
0
0
0
0
0
0
0
0
0
0
0
0
0
0
0
0
0
0
0
0
0
0
0
0
0
0
0
0
0
0
0
0
0
0
0
0
0
0
0
0
0
0
0
0
0
0
0
0
0
0
0
0
0
0
0
0
0
0
0
0
0
0
0
0
0
0
0
0
0
0
0
0
0
0
0
0
0
0
0
0
0
0
0
0
0
0
0
0
0
0
0
0
0
0
0
0
0
0
0
0
0
0
0
0
0
0
0
0
0
0
0
0
0
0
0
0
0
0
0
0
0
0
0
0
0
0
0
0
0
0
0
0
0
0
0
0
0
0
0
0
0
0
0
0
0
0
0
0
0
0
0
0
0
0
0
0
0
0
0
0
0
0
0
0
0
0
0
0
0
0
0
0
0
0
0
0
0
0
0
0
0
0
0
0
0
0
0
0
0
0
0
0
0
0
0
0
0
0
0
0
0
0
0
0
0
0
0
0
0
0
0
0
0
0
0
0
0
0
0
0
0
0
0
0
0
0
0
0
0
0
0
0
0
0
0
0
0
0
0
0
0
0
0
0
0
0
0
0
0
0
0
0
0
0
0
0
0
0
0
0
0
0
0
0
0
0
0
0
0
0
0
0
0
0
0
0
0
0
0
0
0
0
0
0
0
0
0
0
0
0
0
0
0
0
0
0
0
0
0
0
0
0
0
0
0
0
0
0
0
0
0
0
0
0
0
0
0
0
0
0
0
0
0
0
0
0
0
0
0
0
0
0
0
0
0
0
0
0
0
0
0
0
0
0
0
0
0
0
0
0
0
0
0
0
0
0
0
0
0
0
0
0
0
0
0
0
0
0
0
0
0
0
0
0
0
0
0
0
0
0
0
0
0
0
0
0
0
0
0
0
0
0
0
0
0
0
0
0
0
0
0
0
0
0
0
0
0
0
0
0
0
0
0
0
0
0
0
0
0
0
0
0
0
0
0
0
0
0
0
0
0
0
0
0
0
0
0
0
0
0
0
0
0
0
0
0
0
0
0
0
0
0
0
0
0
0
0
0
0
0
0
0
0
0
0
0
0
0
0
0
0
0
0
0
0
0
0
0
0
0
0
0
0
0
0
0
0
0
0
0
0
0
0
0
0
0
0
0
0
0
0
0
0
0
0
0
0
0
0
0
0
0
0
0
0
0
0
0
0
0
0
0
0
0
0
0
0
0
0
0
0
0
0
0
0
0
0
0
0
0
0
0
0
0
0
0
0
0
0
0
0
0
0
0
0
0
0
0
0
0
0
0
0
0
0
0
0
0
0
0
0
0
0
0
0
0
0
0
0
0
0
0
0
0
0
0
0
0
0
0
0
0
0
0
0
0
0
0
0
0
0
0
0
0
0
0
0
0
0
0
0
0
0
0
0
0
0
0
0
0
0
0
0
0
0
0
0
0
0
0
0
0
0
0
0
0
0
0
0
0
0
0
0
0
0
0
0
0
0
0
0
0
0
0
0
0
0
0
0
0
0
0
0
0
0
0
0
0
0
0
0
0
0
0
0
0
0
0
0
0
0
0
0
0
0
0
0
0
0
0
0
0
0
0
0
0
0
0
0
0
0
0
0
0
0
0
0
0
0
0
0
0
0
0
0
0
0
0
0
0
0
0
0
0
0
0
0
0
0
0
0
0
0
0
0
0
0
0
0
0
0
0
0
0
0
0
0
0
0
0
0
0
0
0
0
0
0
0
0
0
0
0
0
0
0
0
0
0
0
0
0
0
0
0
0
0
0
0
0
0
0
0
0
0
0
0
0
0
0
0
0
0
0
0
0
0
0
0
0
0
0
0
0
0
0
0
0
0
0
0
0
0
0
0
0
0
0
0
0
0
0
0
0
0
0
0
0
0
0
0
0
0
0
0
0
0
0
0
0
0
0
0
0
0
0
0
0
0
0
0
0
0
0
0
0
0
0
0
0
0
0
0
0
0
0
0
0
0
0
0
0
0
0
0
0
0
0
0
0
0
0
0
0
0
0
0
0
0
0
0
0
0
0
0
0
0
0
0
0
0
0
0
0
0
0
0
0
0
0
0
0
0
0
0
0
0
0
0
0
0
0
0
0
0
0
0
0
0
0
0
0
0
0
0
0
0
0
0
0
0
0
0
0
0
0
0
0
0
0
0
0
0
0
0
0
0
0
0
0
0
0
0
0
0
0
0
0
0
0
0
0
0
0
0
0
0
0
0
0
0
0
0
0
0
0
0
0
0
0
0
0
0
0
0
0
0
0
0
0
0
0
0
0
0
0
0
0
0
0
0
0
0
0
0
0
0
0
1.09683e-321
1.09683e-321
1.09683e-321
1.09683e-321
2.19859e-321
2.19859e-321
3.29542e-321
3.29542e-321
4.39718e-321
5.49401e-321
7.6926e-321
8.79437e-321
1.20898e-320
1.53852e-320
1.86856e-320
2.41796e-320
3.07753e-320
3.95648e-320
4.9456e-320
6.37443e-320
8.02313e-320
1.02212e-319
1.29687e-319
1.64855e-319
2.08817e-319
2.64869e-319
3.3631e-319
4.2753e-319
5.41832e-319
6.88006e-319
8.73745e-319
1.10894e-318
1.40788e-318
1.78706e-318
2.26734e-318
2.87841e-318
3.65214e-318
4.63469e-318
5.88101e-318
7.46364e-318
9.4705e-318
1.20159e-317
1.5246e-317
1.93433e-317
2.45396e-317
3.11328e-317
3.94943e-317
5.01001e-317
6.35525e-317
8.0613e-317
1.02249e-316
1.29688e-316
1.64483e-316
2.08605e-316
2.64553e-316
3.35493e-316
4.25441e-316
5.39482e-316
6.84068e-316
8.67369e-316
1.09974e-315
1.39432e-315
1.76774e-315
2.24107e-315
2.84103e-315
3.60147e-315
4.56529e-315
5.7868e-315
7.33487e-315
9.29672e-315
1.17829e-314
1.49332e-314
1.89252e-314
2.39835e-314
3.03924e-314
3.85125e-314
4.88003e-314
6.18337e-314
7.83451e-314
9.92618e-314
1.25758e-313
1.5932e-313
2.01832e-313
2.55678e-313
3.23877e-313
4.10251e-313
5.19639e-313
6.5817e-313
8.33599e-313
1.05575e-312
1.33704e-312
1.69322e-312
2.14421e-312
2.7152e-312
3.43812e-312
4.35334e-312
5.51198e-312
6.97873e-312
8.83543e-312
1.11857e-311
1.41606e-311
1.7926e-311
2.26917e-311
2.87234e-311
3.63569e-311
4.60173e-311
5.82424e-311
7.37123e-311
9.32877e-311
1.18057e-310
1.49397e-310
1.8905e-310
2.39218e-310
3.02688e-310
3.82982e-310
4.84558e-310
6.1305e-310
7.75585e-310
9.81175e-310
1.24121e-309
1.57011e-309
1.98608e-309
2.51216e-309
3.17746e-309
4.0188e-309
5.08271e-309
6.42804e-309
8.12914e-309
1.028e-308
1.29995e-308
1.64378e-308
2.07846e-308
2.62799e-308
3.32269e-308
4.20087e-308
5.31094e-308
6.71409e-308
8.48761e-308
1.07292e-307
1.35623e-307
1.71428e-307
2.16677e-307
2.7386e-307
3.4612e-307
4.3743e-307
5.52806e-307
6.98588e-307
8.8278e-307
1.11549e-306
1.4095e-306
1.78093e-306
2.25014e-306
2.84287e-306
3.5916e-306
4.53735e-306
5.73192e-306
7.2407e-306
9.14628e-306
1.15529e-305
1.45922e-305
1.84304e-305
2.32773e-305
2.93977e-305
3.71258e-305
4.68838e-305
5.92042e-305
7.47594e-305
9.43979e-305
1.19191e-304
1.50489e-304
1.89999e-304
2.39873e-304
3.02826e-304
3.82287e-304
4.82579e-304
6.0916e-304
7.68913e-304
9.70524e-304
1.22495e-303
1.54602e-303
1.95116e-303
2.46238e-303
3.10742e-303
3.92129e-303
4.94812e-303
6.24361e-303
7.87796e-303
9.93975e-303
1.25407e-302
1.58215e-302
1.996e-302
2.51799e-302
3.17638e-302
4.00676e-302
5.05403e-302
6.37478e-302
8.04038e-302
1.01408e-301
1.27893e-301
1.6129e-301
2.03401e-301
2.56495e-301
3.23437e-301
4.07834e-301
5.14234e-301
6.48367e-301
8.17456e-301
1.0306e-300
1.29928e-300
1.63793e-300
2.06477e-300
2.60274e-300
3.28075e-300
4.13523e-300
5.21206e-300
6.56905e-300
8.27901e-300
1.04337e-299
1.31486e-299
1.65694e-299
2.08793e-299
2.63092e-299
3.315e-299
4.17678e-299
5.2624e-299
6.62993e-299
8.35253e-299
1.05223e-298
1.32552e-298
1.66972e-298
2.10322e-298
2.64917e-298
3.33671e-298
4.20251e-298
5.29278e-298
6.66564e-298
8.39427e-298
1.05708e-297
1.33111e-297
1.67612e-297
2.11048e-297
2.65728e-297
3.34563e-297
4.21214e-297
5.30285e-297
6.67575e-297
8.40376e-297
1.05787e-296
1.33159e-296
1.67608e-296
2.10961e-296
2.65516e-296
3.34168e-296
4.20553e-296
5.2925e-296
6.66015e-296
8.3809e-296
1.05458e-295
1.32694e-295
1.66959e-295
2.10062e-295
2.64284e-295
3.32489e-295
4.18279e-295
5.26185e-295
6.61902e-295
8.32593e-295
1.04726e-294
1.31723e-294
1.65672e-294
2.08363e-294
2.62045e-294
3.29545e-294
4.14416e-294
5.21124e-294
6.55283e-294
8.23949e-294
1.03599e-293
1.30255e-293
1.63763e-293
2.05882e-293
2.58825e-293
3.2537e-293
4.09008e-293
5.14126e-293
6.46235e-293
8.12258e-293
1.0209e-292
1.28307e-292
1.61252e-292
2.02648e-292
2.54661e-292
3.20012e-292
4.02118e-292
5.0527e-292
6.34858e-292
7.97652e-292
1.00215e-291
1.25903e-291
1.5817e-291
1.98697e-291
2.496e-291
3.13532e-291
3.93823e-291
4.94656e-291
6.21283e-291
7.80294e-291
9.79966e-291
1.23068e-290
1.54549e-290
1.94074e-290
2.43699e-290
3.06e-290
3.84214e-290
4.82402e-290
6.05658e-290
7.60377e-290
9.54584e-290
1.19835e-289
1.5043e-289
1.88829e-289
2.37021e-289
2.97501e-289
3.73398e-289
4.68641e-289
5.88154e-289
7.38117e-289
9.26282e-289
1.16237e-288
1.45857e-288
1.83019e-288
2.29639e-288
2.88124e-288
3.6149e-288
4.53521e-288
5.68959e-288
7.13752e-288
8.9536e-288
1.12313e-287
1.40879e-287
1.76704e-287
2.21631e-287
2.77969e-287
3.48616e-287
4.37199e-287
5.48272e-287
6.87536e-287
8.6214e-287
1.08105e-286
1.35548e-286
1.69952e-286
2.13079e-286
2.67141e-286
3.34906e-286
4.19844e-286
5.26304e-286
6.59734e-286
8.26959e-286
1.03653e-285
1.29916e-285
1.62828e-285
2.04069e-285
2.55746e-285
3.20497e-285
4.01626e-285
5.03272e-285
6.3062e-285
7.90161e-285
9.90026e-285
1.2404e-284
1.55403e-284
1.94688e-284
2.43895e-284
3.05528e-284
3.8272e-284
4.79397e-284
6.00472e-284
7.52095e-284
9.41969e-284
1.17973e-283
1.47745e-283
1.85024e-283
2.31699e-283
2.90137e-283
3.63301e-283
4.54897e-283
5.69565e-283
7.13109e-283
8.92796e-283
1.11772e-282
1.39925e-282
1.75162e-282
2.19265e-282
2.74462e-282
3.4354e-282
4.29988e-282
5.3817e-282
6.73542e-282
8.42934e-282
1.05489e-281
1.32008e-281
1.65188e-281
2.067e-281
2.58634e-281
3.23604e-281
4.0488e-281
5.06548e-281
6.33722e-281
7.92794e-281
9.91756e-281
1.2406e-280
1.55183e-280
1.94106e-280
2.42782e-280
3.03653e-280
3.7977e-280
4.74951e-280
5.93963e-280
7.42768e-280
9.28817e-280
1.16142e-279
1.45223e-279
1.81577e-279
2.27024e-279
2.83834e-279
3.54847e-279
4.4361e-279
5.54555e-279
6.9322e-279
8.66525e-279
1.08311e-278
1.35379e-278
1.69204e-278
2.11472e-278
2.64289e-278
3.30284e-278
4.12744e-278
5.1577e-278
6.44489e-278
8.053e-278
1.0062e-277
1.25716e-277
1.57067e-277
1.96227e-277
2.45142e-277
3.06239e-277
3.82547e-277
4.77852e-277
5.96877e-277
7.45521e-277
9.31147e-277
1.16295e-276
1.45239e-276
1.81381e-276
2.26508e-276
2.82851e-276
3.53196e-276
4.41018e-276
5.50656e-276
6.87524e-276
8.58378e-276
1.07165e-275
1.33786e-275
1.67013e-275
2.08485e-275
2.60244e-275
3.24841e-275
4.05457e-275
5.06059e-275
6.31599e-275
7.88252e-275
9.8372e-275
1.22761e-274
1.53191e-274
1.91157e-274
2.38523e-274
2.97614e-274
3.71329e-274
4.63285e-274
5.77991e-274
7.21069e-274
8.9953e-274
1.12212e-273
1.39973e-273
1.74595e-273
2.17773e-273
2.71619e-273
3.38765e-273
4.22494e-273
5.26897e-273
6.57074e-273
8.19381e-273
1.02174e-272
1.27403e-272
1.58855e-272
1.98064e-272
2.46941e-272
3.07868e-272
3.83812e-272
4.78472e-272
5.96455e-272
7.43501e-272
9.26764e-272
1.15515e-271
1.43977e-271
1.79445e-271
2.23641e-271
2.78712e-271
3.4733e-271
4.32826e-271
5.39345e-271
6.72053e-271
8.37382e-271
1.04334e-270
1.29991e-270
1.61951e-270
2.01761e-270
2.51346e-270
3.13107e-270
3.90027e-270
4.85826e-270
6.05133e-270
7.53708e-270
9.38726e-270
1.16912e-269
1.456e-269
1.8132e-269
2.25795e-269
2.81169e-269
3.50109e-269
4.35935e-269
5.42779e-269
6.75785e-269
8.41351e-269
1.04744e-268
1.30396e-268
1.62324e-268
2.02061e-268
2.51518e-268
3.13066e-268
3.89661e-268
4.84978e-268
6.03587e-268
7.51174e-268
9.34814e-268
1.1633e-267
1.44758e-267
1.80126e-267
2.24127e-267
2.78866e-267
3.4696e-267
4.31664e-267
5.37028e-267
6.68083e-267
8.31088e-267
1.03383e-266
1.28597e-266
1.59955e-266
1.98951e-266
2.47446e-266
3.07749e-266
3.82733e-266
4.75969e-266
5.91896e-266
7.36029e-266
9.15224e-266
1.138e-265
1.41495e-265
1.75924e-265
2.18721e-265
2.71919e-265
3.38043e-265
4.2023e-265
5.22379e-265
6.49334e-265
8.07111e-265
1.00319e-264
1.24685e-264
1.54963e-264
1.92587e-264
2.39336e-264
2.97422e-264
3.69591e-264
4.59254e-264
5.70646e-264
7.0903e-264
8.80939e-264
1.09449e-263
1.35975e-263
1.68923e-263
2.09847e-263
2.60675e-263
3.23803e-263
4.02202e-263
4.99565e-263
6.20472e-263
7.70612e-263
9.57046e-263
1.18854e-262
1.47597e-262
1.83283e-262
2.2759e-262
2.82596e-262
3.50883e-262
4.35654e-262
5.40885e-262
6.71508e-262
8.33644e-262
1.03489e-261
1.28466e-261
1.59466e-261
1.97939e-261
2.45684e-261
3.04934e-261
3.78458e-261
4.69693e-261
5.82898e-261
7.2336e-261
8.97635e-261
1.11385e-260
1.3821e-260
1.71489e-260
2.12772e-260
2.63982e-260
3.27507e-260
4.06301e-260
5.04033e-260
6.2525e-260
7.75589e-260
9.6204e-260
1.19327e-259
1.48001e-259
1.83559e-259
2.27651e-259
2.82324e-259
3.50113e-259
4.34162e-259
5.38368e-259
6.67559e-259
8.2772e-259
1.02627e-258
1.27239e-258
1.57748e-258
1.95565e-258
2.42438e-258
3.00534e-258
3.72538e-258
4.61775e-258
5.72365e-258
7.09413e-258
8.79243e-258
1.08969e-257
1.35045e-257
1.67354e-257
2.07386e-257
2.56983e-257
3.1843e-257
3.94554e-257
4.88857e-257
6.05677e-257
7.50383e-257
9.29626e-257
1.15164e-256
1.42662e-256
1.76719e-256
2.18898e-256
2.71134e-256
3.35822e-256
4.15927e-256
5.1512e-256
6.37944e-256
7.90025e-256
9.78322e-256
1.21145e-255
1.50008e-255
1.8574e-255
2.29974e-255
2.84732e-255
3.52515e-255
4.36417e-255
5.40267e-255
6.68804e-255
8.2789e-255
1.02478e-254
1.26844e-254
1.56998e-254
1.94312e-254
2.40486e-254
2.97621e-254
3.68315e-254
4.55785e-254
5.64005e-254
6.97893e-254
8.63532e-254
1.06844e-253
1.32193e-253
1.63549e-253
2.02334e-253
2.50308e-253
3.09645e-253
3.83033e-253
4.73797e-253
5.86045e-253
7.24859e-253
8.96517e-253
1.10878e-252
1.37126e-252
1.6958e-252
2.09707e-252
2.59319e-252
3.20656e-252
3.96486e-252
4.90229e-252
6.06113e-252
7.49362e-252
9.2643e-252
1.14529e-251
1.41581e-251
1.75015e-251
2.16337e-251
2.67404e-251
3.30513e-251
4.085e-251
5.0487e-251
6.23951e-251
7.71088e-251
9.52886e-251
1.1775e-250
1.45501e-250
1.79784e-250
2.22137e-250
2.74457e-250
3.39087e-250
4.1892e-250
5.17529e-250
6.39324e-250
7.89751e-250
9.75536e-250
1.20498e-249
1.48833e-249
1.83824e-249
2.27032e-249
2.80386e-249
3.46265e-249
4.27607e-249
5.28036e-249
6.52027e-249
8.05102e-249
9.94076e-249
1.22736e-248
1.51533e-248
1.87079e-248
2.30955e-248
2.8511e-248
3.51949e-248
4.34442e-248
5.36249e-248
6.61888e-248
8.16931e-248
1.00825e-247
1.24434e-247
1.53564e-247
1.89506e-247
2.33852e-247
2.88564e-247
3.56062e-247
4.39332e-247
5.42055e-247
6.68771e-247
8.25077e-247
1.01788e-246
1.25568e-246
1.54898e-246
1.91071e-246
2.35683e-246
2.907e-246
3.58546e-246
4.4221e-246
5.45374e-246
6.7258e-246
8.29425e-246
1.02281e-245
1.26123e-245
1.55516e-245
1.91753e-245
2.36423e-245
2.91489e-245
3.59367e-245
4.43034e-245
5.4616e-245
6.73264e-245
8.29915e-245
1.02298e-244
1.2609e-244
1.5541e-244
1.91541e-244
2.36062e-244
2.90921e-244
3.58514e-244
4.41795e-244
5.44401e-244
6.70811e-244
8.26542e-244
1.01839e-243
1.25471e-243
1.54582e-243
1.90439e-243
2.34605e-243
2.89002e-243
3.55998e-243
4.38509e-243
5.40123e-243
6.65257e-243
8.19351e-243
1.0091e-242
1.24274e-242
1.53042e-242
1.88462e-242
2.32071e-242
2.85759e-242
3.51855e-242
4.33222e-242
5.33384e-242
6.56678e-242
8.08442e-242
9.95241e-242
1.22516e-241
1.50812e-241
1.85638e-241
2.28496e-241
2.81238e-241
3.46141e-241
4.26006e-241
5.24278e-241
6.45194e-241
7.93966e-241
9.77006e-241
1.2022e-240
1.47924e-240
1.82005e-240
2.23929e-240
2.75501e-240
3.38936e-240
4.16961e-240
5.12928e-240
6.30959e-240
7.76121e-240
9.54642e-240
1.17418e-239
1.44415e-239
1.77612e-239
2.18433e-239
2.68624e-239
3.30336e-239
4.06209e-239
4.9949e-239
6.14168e-239
7.55145e-239
9.28448e-239
1.14148e-238
1.40333e-238
1.72519e-238
2.12079e-238
2.607e-238
3.20455e-238
3.93892e-238
4.84139e-238
5.9504e-238
7.31318e-238
8.9877e-238
1.10452e-237
1.35733e-237
1.66793e-237
2.04952e-237
2.51832e-237
3.09424e-237
3.80171e-237
4.67077e-237
5.73826e-237
7.04945e-237
8.65992e-237
1.06379e-236
1.30672e-236
1.60505e-236
1.97143e-236
2.42134e-236
2.97382e-236
3.65221e-236
4.48518e-236
5.50792e-236
6.76362e-236
8.30526e-236
1.01979e-235
1.25214e-235
1.53736e-235
1.88749e-235
2.31726e-235
2.84478e-235
3.49225e-235
4.28693e-235
5.26223e-235
6.45917e-235
7.92806e-235
9.73062e-235
1.19426e-234
1.46567e-234
1.79871e-234
2.20733e-234
2.70867e-234
3.32376e-234
4.07836e-234
5.0041e-234
6.13972e-234
7.53277e-234
9.24153e-234
1.13375e-233
1.39082e-233
1.70613e-233
2.09283e-233
2.56708e-233
3.14868e-233
3.86189e-233
4.73648e-233
5.8089e-233
7.12387e-233
8.73617e-233
1.0713e-232
1.31365e-232
1.61078e-232
1.97503e-232
2.42156e-232
2.96893e-232
3.63989e-232
4.46231e-232
5.47034e-232
6.70582e-232
8.22002e-232
1.00757e-231
1.23499e-231
1.51368e-231
1.85519e-231
2.27366e-231
2.78642e-231
3.41469e-231
4.18444e-231
5.12753e-231
6.28292e-231
7.69836e-231
9.43232e-231
1.15564e-230
1.41582e-230
1.73451e-230
2.12486e-230
2.60296e-230
3.1885e-230
3.90562e-230
4.78383e-230
5.85929e-230
7.17626e-230
8.78889e-230
1.07635e-229
1.31812e-229
1.61414e-229
1.97656e-229
2.42026e-229
2.96345e-229
3.62841e-229
4.4424e-229
5.4388e-229
6.65843e-229
8.15124e-229
9.97834e-229
1.22145e-228
1.49513e-228
1.83005e-228
2.23991e-228
2.74146e-228
3.35519e-228
4.10615e-228
5.02499e-228
6.14921e-228
7.52466e-228
9.20742e-228
1.12661e-227
1.37844e-227
1.68651e-227
2.06335e-227
2.5243e-227
3.0881e-227
3.77767e-227
4.62106e-227
5.65251e-227
6.91393e-227
8.45652e-227
1.03429e-226
1.26495e-226
1.547e-226
1.89187e-226
2.31352e-226
2.82904e-226
3.45931e-226
4.22982e-226
5.17175e-226
6.3232e-226
7.7307e-226
9.45115e-226
1.1554e-225
1.41243e-225
1.72656e-225
2.11047e-225
2.57966e-225
3.15302e-225
3.85368e-225
4.70985e-225
5.75602e-225
7.0343e-225
8.59612e-225
1.05043e-224
1.28356e-224
1.56836e-224
1.91629e-224
2.34131e-224
2.86049e-224
3.49465e-224
4.26925e-224
5.21534e-224
6.37084e-224
7.78205e-224
9.50549e-224
1.16102e-223
1.41803e-223
1.73187e-223
2.11509e-223
2.58301e-223
3.15433e-223
3.85185e-223
4.70345e-223
5.7431e-223
7.01229e-223
8.56162e-223
1.04529e-222
1.27614e-222
1.55792e-222
1.90184e-222
2.3216e-222
2.83389e-222
3.45909e-222
4.22206e-222
5.15312e-222
6.28926e-222
7.67559e-222
9.36714e-222
1.1431e-221
1.39492e-221
1.70213e-221
2.07693e-221
2.53416e-221
3.09192e-221
3.77231e-221
4.60223e-221
5.61453e-221
6.84922e-221
8.35512e-221
1.01917e-220
1.24315e-220
1.5163e-220
1.8494e-220
2.25558e-220
2.75086e-220
3.35477e-220
4.0911e-220
4.98886e-220
6.08338e-220
7.41775e-220
9.04446e-220
1.10275e-219
1.34448e-219
1.63913e-219
1.99828e-219
2.43604e-219
2.96957e-219
3.61982e-219
4.41228e-219
5.37803e-219
6.5549e-219
7.989e-219
9.73647e-219
1.18657e-218
1.44601e-218
1.7621e-218
2.1472e-218
2.61636e-218
3.18792e-218
3.88418e-218
4.73233e-218
5.76546e-218
7.02386e-218
8.5566e-218
1.04234e-217
1.2697e-217
1.54659e-217
1.8838e-217
2.29444e-217
2.79448e-217
3.40337e-217
4.14477e-217
5.04749e-217
6.14658e-217
7.4847e-217
9.11379e-217
1.1097e-216
1.35113e-216
1.64502e-216
2.00276e-216
2.4382e-216
2.9682e-216
3.61327e-216
4.39837e-216
5.35384e-216
6.51662e-216
7.93163e-216
9.65352e-216
1.17488e-215
1.42982e-215
1.74003e-215
2.11745e-215
2.57663e-215
3.13527e-215
3.81488e-215
4.64163e-215
5.64734e-215
6.87068e-215
8.35871e-215
1.01686e-214
1.23699e-214
1.50472e-214
1.83033e-214
2.2263e-214
2.70784e-214
3.29341e-214
4.00545e-214
4.87124e-214
5.92395e-214
7.20388e-214
8.76001e-214
1.06519e-213
1.29518e-213
1.57478e-213
1.91466e-213
2.3278e-213
2.82998e-213
3.44037e-213
4.18224e-213
5.0839e-213
6.17971e-213
7.51142e-213
9.12976e-213
1.10964e-212
1.3486e-212
1.63897e-212
1.99178e-212
2.42045e-212
2.94126e-212
3.57399e-212
4.34267e-212
5.27647e-212
6.41082e-212
7.78873e-212
9.46244e-212
1.14954e-211
1.39645e-211
1.69634e-211
2.06054e-211
2.50285e-211
3.03998e-211
3.69224e-211
4.48428e-211
5.44602e-211
6.61375e-211
8.03157e-211
9.75295e-211
1.18428e-210
1.43799e-210
1.74599e-210
2.11988e-210
2.57373e-210
3.12463e-210
3.7933e-210
4.60488e-210
5.58989e-210
6.78534e-210
8.23613e-210
9.99672e-210
1.21332e-209
1.47257e-209
1.78715e-209
2.16885e-209
2.63197e-209
3.19385e-209
3.87554e-209
4.70254e-209
5.7058e-209
6.92284e-209
8.39914e-209
1.01899e-208
1.23619e-208
1.49964e-208
1.81915e-208
2.20666e-208
2.67662e-208
3.24653e-208
3.93764e-208
4.77569e-208
5.79188e-208
7.02402e-208
8.51795e-208
1.03292e-207
1.25252e-207
1.51874e-207
1.84148e-207
2.23271e-207
2.70696e-207
3.28181e-207
3.97859e-207
4.82312e-207
5.8467e-207
7.08722e-207
8.59062e-207
1.04125e-206
1.26204e-206
1.52957e-206
1.85375e-206
2.24656e-206
2.72248e-206
3.29911e-206
3.99771e-206
4.84406e-206
5.86936e-206
7.11141e-206
8.61595e-206
1.04384e-205
1.26459e-205
1.53196e-205
1.85578e-205
2.24797e-205
2.72294e-205
3.29814e-205
3.99469e-205
4.83816e-205
5.8595e-205
7.09617e-205
8.59352e-205
1.04064e-204
1.26013e-204
1.52585e-204
1.84753e-204
2.23694e-204
2.70832e-204
3.27892e-204
3.96957e-204
4.80551e-204
5.81726e-204
7.04176e-204
8.52369e-204
1.03171e-203
1.24873e-203
1.51135e-203
1.82913e-203
2.21364e-203
2.67887e-203
3.24176e-203
3.92277e-203
4.74665e-203
5.74336e-203
6.94909e-203
8.40762e-203
1.01719e-202
1.23059e-202
1.4887e-202
1.80088e-202
2.17845e-202
2.63507e-202
3.18727e-202
3.85505e-202
4.66256e-202
5.639e-202
6.81967e-202
8.24722e-202
9.97321e-202
1.20599e-201
1.45827e-201
1.76326e-201
2.13195e-201
2.57763e-201
3.11636e-201
3.76754e-201
4.55461e-201
5.50589e-201
6.65561e-201
8.04509e-201
9.72428e-201
1.17535e-200
1.42056e-200
1.71687e-200
2.07489e-200
2.50749e-200
3.03015e-200
3.66162e-200
4.42452e-200
5.34616e-200
6.45953e-200
7.80447e-200
9.42907e-200
1.13914e-199
1.37616e-199
1.66244e-199
2.00818e-199
2.42575e-199
2.93002e-199
3.53899e-199
4.27435e-199
5.16233e-199
6.23453e-199
7.52913e-199
9.09221e-199
1.09794e-198
1.32577e-198
1.60082e-198
1.93286e-198
2.33368e-198
2.81751e-198
3.40152e-198
4.10642e-198
4.95721e-198
5.98404e-198
7.22329e-198
8.71885e-198
1.05236e-197
1.27015e-197
1.53296e-197
1.85006e-197
2.23268e-197
2.69432e-197
3.25129e-197
3.92325e-197
4.7339e-197
5.71183e-197
6.89152e-197
8.31453e-197
1.0031e-196
1.21013e-196
1.45984e-196
1.76101e-196
2.12422e-196
2.56226e-196
3.0905e-196
3.7275e-196
4.49562e-196
5.42181e-196
6.53858e-196
7.88506e-196
9.50846e-196
1.14656e-195
1.38252e-195
1.66696e-195
2.00985e-195
2.42317e-195
2.92139e-195
3.5219e-195
4.24569e-195
5.11803e-195
6.16937e-195
7.43638e-195
8.96325e-195
1.08032e-194
1.30204e-194
1.5692e-194
1.8911e-194
2.27895e-194
2.74625e-194
3.30923e-194
3.98746e-194
4.80452e-194
5.78878e-194
6.9744e-194
8.40253e-194
1.01227e-193
1.21946e-193
1.46899e-193
1.76952e-193
2.13145e-193
2.56731e-193
3.09218e-193
3.72421e-193
4.48525e-193
5.4016e-193
6.50491e-193
7.83328e-193
9.43256e-193
1.13579e-192
1.36757e-192
1.64659e-192
1.98246e-192
2.38675e-192
2.87337e-192
3.45908e-192
4.16401e-192
5.01241e-192
6.03344e-192
7.26217e-192
8.7408e-192
1.05201e-191
1.26611e-191
1.52372e-191
1.83368e-191
2.2066e-191
2.65526e-191
3.19503e-191
3.84438e-191
4.62551e-191
5.56516e-191
6.69542e-191
8.05493e-191
9.69011e-191
1.16568e-190
1.40221e-190
1.68667e-190
2.02875e-190
2.44013e-190
2.93481e-190
3.52963e-190
4.24485e-190
5.1048e-190
6.13873e-190
7.38178e-190
8.87621e-190
1.06728e-189
1.28324e-189
1.54286e-189
1.85492e-189
2.23001e-189
2.68085e-189
3.22271e-189
3.87395e-189
4.6566e-189
5.59716e-189
6.72744e-189
8.08565e-189
9.7177e-189
1.16787e-188
1.40349e-188
1.68659e-188
2.0267e-188
2.43531e-188
2.92619e-188
3.51588e-188
4.22424e-188
5.07512e-188
6.09716e-188
7.32473e-188
8.79912e-188
1.05699e-187
1.26965e-187
1.52504e-187
1.83173e-187
2.20002e-187
2.64224e-187
3.17324e-187
3.81081e-187
4.57629e-187
5.49533e-187
6.59868e-187
7.92326e-187
9.51336e-187
1.14221e-186
1.37133e-186
1.64635e-186
1.97645e-186
2.37264e-186
2.84814e-186
3.4188e-186
4.10365e-186
4.92549e-186
5.91169e-186
7.09509e-186
8.51504e-186
1.02188e-185
1.22629e-185
1.47154e-185
1.76577e-185
2.11875e-185
2.54219e-185
3.05015e-185
3.65945e-185
4.3903e-185
5.2669e-185
6.3183e-185
7.57929e-185
9.09159e-185
1.09052e-184
1.30801e-184
1.56882e-184
1.88156e-184
2.25655e-184
2.70618e-184
3.24526e-184
3.89159e-184
4.66647e-184
5.59541e-184
6.70902e-184
8.04395e-184
9.64413e-184
1.15622e-183
1.38612e-183
1.66167e-183
1.99191e-183
2.3877e-183
2.86203e-183
3.43044e-183
4.11159e-183
4.92779e-183
5.9058e-183
7.07764e-183
8.48166e-183
1.01638e-182
1.21791e-182
1.45935e-182
1.74858e-182
2.09505e-182
2.51007e-182
3.00719e-182
3.60263e-182
4.31581e-182
5.16996e-182
6.19293e-182
7.41802e-182
8.88511e-182
1.0642e-181
1.27457e-181
1.52647e-181
1.82808e-181
2.18921e-181
2.62157e-181
3.13921e-181
3.7589e-181
4.50075e-181
5.38881e-181
6.45184e-181
7.72428e-181
9.24731e-181
1.10702e-180
1.3252e-180
1.58631e-180
1.89879e-180
2.27275e-180
2.72025e-180
3.25573e-180
3.89648e-180
4.66314e-180
5.58044e-180
6.67793e-180
7.99095e-180
9.56177e-180
1.14409e-179
1.36889e-179
1.63779e-179
1.95943e-179
2.34415e-179
2.8043e-179
3.35465e-179
4.01285e-179
4.80001e-179
5.74136e-179
6.86705e-179
8.21314e-179
9.82271e-179
1.17473e-178
1.40483e-178
1.67995e-178
2.00887e-178
2.4021e-178
2.87218e-178
3.43413e-178
4.10587e-178
4.90882e-178
5.86856e-178
7.01567e-178
8.38669e-178
1.00252e-177
1.19835e-177
1.43236e-177
1.71202e-177
2.04619e-177
2.44549e-177
2.9226e-177
3.49267e-177
4.17376e-177
4.98748e-177
5.95962e-177
7.12096e-177
8.50829e-177
1.01655e-176
1.2145e-176
1.45095e-176
1.73336e-176
2.07066e-176
2.4735e-176
2.95459e-176
3.52913e-176
4.21522e-176
5.0345e-176
6.01279e-176
7.18089e-176
8.57559e-176
1.02408e-175
1.22289e-175
1.46023e-175
1.74357e-175
2.08182e-175
2.48558e-175
2.96754e-175
3.54281e-175
4.22945e-175
5.04896e-175
6.02703e-175
7.1943e-175
8.5873e-175
1.02496e-174
1.22333e-174
1.46003e-174
1.74246e-174
2.07944e-174
2.4815e-174
2.96118e-174
3.53345e-174
4.21616e-174
5.03058e-174
6.00208e-174
7.16092e-174
8.54318e-174
1.01919e-173
1.21582e-173
1.45034e-173
1.73003e-173
2.06358e-173
2.46134e-173
2.93565e-173
3.50123e-173
4.17562e-173
4.97971e-173
5.93841e-173
7.08141e-173
8.44409e-173
1.00686e-172
1.20052e-172
1.43137e-172
1.70654e-172
2.03454e-172
2.42548e-172
2.89144e-172
3.44678e-172
4.10861e-172
4.89734e-172
5.83726e-172
6.95731e-172
8.29195e-172
9.88223e-172
1.17771e-171
1.40347e-171
1.67244e-171
1.99288e-171
2.37463e-171
2.8294e-171
3.37113e-171
4.01643e-171
4.78506e-171
5.70058e-171
6.79099e-171
8.08967e-171
9.63632e-171
1.14782e-170
1.36717e-170
1.62837e-170
1.9394e-170
2.30975e-170
2.75071e-170
3.27573e-170
3.90081e-170
4.64499e-170
5.53094e-170
6.5856e-170
7.84107e-170
9.33551e-170
1.11144e-169
1.32317e-169
1.57517e-169
1.8751e-169
2.23204e-169
2.65684e-169
3.16236e-169
3.76392e-169
4.47974e-169
5.33149e-169
6.34494e-169
7.55075e-169
8.98536e-169
1.06921e-168
1.27226e-168
1.51381e-168
1.80115e-168
2.14295e-168
2.54951e-168
3.03309e-168
3.60825e-168
4.29231e-168
5.10587e-168
6.07338e-168
7.22396e-168
8.59218e-168
1.02191e-167
1.21537e-167
1.44539e-167
1.71889e-167
2.04405e-167
2.43063e-167
2.89021e-167
3.43655e-167
4.08602e-167
4.85803e-167
5.77569e-167
6.86643e-167
8.16284e-167
9.70364e-167
1.15348e-166
1.37111e-166
1.62973e-166
1.93705e-166
2.30224e-166
2.73617e-166
3.25177e-166
3.86437e-166
4.59221e-166
5.45692e-166
6.48421e-166
7.70459e-166
9.15431e-166
1.08764e-165
1.29219e-165
1.53516e-165
1.82373e-165
2.16647e-165
2.57353e-165
3.05694e-165
3.63102e-165
4.31275e-165
5.12227e-165
6.0835e-165
7.22485e-165
8.57999e-165
1.01889e-164
1.20991e-164
1.43668e-164
1.70589e-164
2.02547e-164
2.40483e-164
2.85512e-164
3.3896e-164
4.02398e-164
4.77691e-164
5.67049e-164
6.73097e-164
7.98948e-164
9.48292e-164
1.12551e-163
1.33579e-163
1.5853e-163
1.88135e-163
2.23259e-163
2.64931e-163
3.14369e-163
3.73017e-163
4.4259e-163
5.25119e-163
6.23014e-163
7.39129e-163
8.76852e-163
1.0402e-162
1.23392e-162
1.46367e-162
1.73613e-162
2.05923e-162
2.44237e-162
2.89668e-162
3.43536e-162
4.07406e-162
4.83132e-162
5.72912e-162
6.79349e-162
8.05529e-162
9.55109e-162
1.13242e-161
1.3426e-161
1.59172e-161
1.887e-161
2.23697e-161
2.65174e-161
3.1433e-161
3.72583e-161
4.41615e-161
5.23417e-161
6.20348e-161
7.35201e-161
8.71285e-161
1.03252e-160
1.22354e-160
1.44985e-160
1.71794e-160
2.03554e-160
2.41175e-160
2.85739e-160
3.38524e-160
4.01045e-160
4.75094e-160
5.62793e-160
6.66656e-160
7.89657e-160
9.35315e-160
1.1078e-159
1.31204e-159
1.55387e-159
1.84022e-159
2.17924e-159
2.58062e-159
3.05581e-159
3.61836e-159
4.28431e-159
5.07262e-159
6.00576e-159
7.11028e-159
8.4176e-159
9.96492e-159
1.17962e-158
1.39635e-158
1.65283e-158
1.95635e-158
2.31552e-158
2.74052e-158
3.2434e-158
3.83842e-158
4.54241e-158
5.37532e-158
6.36071e-158
7.52644e-158
8.90547e-158
1.05368e-157
1.24664e-157
1.47489e-157
1.74486e-157
2.06416e-157
2.4418e-157
2.88842e-157
3.4166e-157
4.04121e-157
4.77982e-157
5.6532e-157
6.68592e-157
7.90698e-157
9.3507e-157
1.10576e-156
1.30755e-156
1.54612e-156
1.82814e-156
2.16152e-156
2.55559e-156
3.02139e-156
3.57196e-156
4.22268e-156
4.99176e-156
5.90069e-156
6.97485e-156
8.24424e-156
9.74427e-156
1.15168e-155
1.36112e-155
1.60859e-155
1.90098e-155
2.24642e-155
2.65454e-155
3.13669e-155
3.70626e-155
4.37909e-155
5.17387e-155
6.11265e-155
7.2215e-155
8.53117e-155
1.0078e-154
1.19048e-154
1.40621e-154
1.66098e-154
1.96184e-154
2.31709e-154
2.73657e-154
3.23187e-154
3.81667e-154
4.50711e-154
5.32224e-154
6.28456e-154
7.42059e-154
8.76163e-154
1.03446e-153
1.22132e-153
1.44186e-153
1.70217e-153
2.0094e-153
2.37199e-153
2.7999e-153
3.30488e-153
3.90078e-153
4.60395e-153
5.43366e-153
6.41266e-153
7.56776e-153
8.93058e-153
1.05384e-152
1.24352e-152
1.46729e-152
1.73126e-152
2.04263e-152
2.40991e-152
2.84313e-152
3.35409e-152
3.95673e-152
4.66746e-152
5.50566e-152
6.49412e-152
7.65976e-152
9.03426e-152
1.0655e-151
1.2566e-151
1.48192e-151
1.74758e-151
2.06078e-151
2.43001e-151
2.86529e-151
3.37841e-151
3.98327e-151
4.69624e-151
5.53661e-151
6.5271e-151
7.6945e-151
9.07035e-151
1.06918e-150
1.26026e-150
1.48544e-150
1.75077e-150
2.06343e-150
2.43183e-150
2.86589e-150
3.37729e-150
3.9798e-150
4.68962e-150
5.52582e-150
6.51087e-150
7.67123e-150
9.03803e-150
1.0648e-149
1.25442e-149
1.47775e-149
1.74077e-149
2.05054e-149
2.41533e-149
2.84491e-149
3.35076e-149
3.9464e-149
4.64775e-149
5.47353e-149
6.44579e-149
7.59045e-149
8.93803e-149
1.05245e-148
1.2392e-148
1.45903e-148
1.7178e-148
2.02238e-148
2.38088e-148
2.80282e-148
3.29941e-148
3.88383e-148
4.57159e-148
5.38093e-148
6.33332e-148
7.45398e-148
8.7726e-148
1.03241e-147
1.21495e-147
1.42971e-147
1.68237e-147
1.9796e-147
2.32926e-147
2.74057e-147
3.22439e-147
3.79347e-147
4.46282e-147
5.25007e-147
6.17596e-147
7.26486e-147
8.54541e-147
1.00513e-146
1.18221e-146
1.39043e-146
1.63527e-146
1.92314e-146
2.2616e-146
2.65953e-146
3.12735e-146
3.67732e-146
4.32384e-146
5.08384e-146
5.97718e-146
7.02724e-146
8.26145e-146
9.71205e-146
1.14169e-145
1.34205e-145
1.57752e-145
1.85422e-145
2.17938e-145
2.56146e-145
3.0104e-145
3.5379e-145
4.15766e-145
4.88581e-145
5.74126e-145
6.74622e-145
7.92679e-145
9.31361e-145
1.09426e-144
1.28561e-144
1.51035e-144
1.77432e-144
2.08434e-144
2.44843e-144
2.87601e-144
3.37814e-144
3.96777e-144
4.66014e-144
5.47313e-144
6.42769e-144
7.54844e-144
8.86427e-144
1.04091e-143
1.22226e-143
1.43516e-143
1.68507e-143
1.97843e-143
2.32277e-143
2.72694e-143
3.20131e-143
3.75805e-143
4.41144e-143
5.17824e-143
6.07809e-143
7.13404e-143
8.37311e-143
9.82701e-143
1.15329e-142
1.35345e-142
1.58827e-142
1.86377e-142
2.18698e-142
2.56613e-142
3.0109e-142
3.53262e-142
4.14458e-142
4.86237e-142
5.70424e-142
6.69163e-142
7.84963e-142
9.20766e-142
1.08002e-141
1.26678e-141
1.48576e-141
1.74254e-141
2.04362e-141
2.39662e-141
2.81049e-141
3.29571e-141
3.86455e-141
4.53139e-141
5.31309e-141
6.22941e-141
7.30347e-141
8.56239e-141
1.00379e-140
1.17673e-140
1.37941e-140
1.61693e-140
1.89528e-140
2.22146e-140
2.60368e-140
3.05154e-140
3.57631e-140
4.19115e-140
4.91151e-140
5.75546e-140
6.74416e-140
7.90241e-140
9.25922e-140
1.08486e-139
1.27102e-139
1.48908e-139
1.74448e-139
2.0436e-139
2.39393e-139
2.8042e-139
3.28465e-139
3.84728e-139
4.5061e-139
5.27754e-139
6.18081e-139
7.23839e-139
8.47662e-139
9.92627e-139
1.16234e-138
1.36102e-138
1.59359e-138
1.86583e-138
2.1845e-138
2.5575e-138
2.99407e-138
3.50503e-138
4.10303e-138
4.80287e-138
5.62187e-138
6.58026e-138
7.70175e-138
9.01402e-138
1.05495e-137
1.2346e-137
1.44479e-137
1.6907e-137
1.9784e-137
2.31495e-137
2.70866e-137
3.1692e-137
3.7079e-137
4.338e-137
5.07498e-137
5.93694e-137
6.94503e-137
8.12398e-137
9.5027e-137
1.1115e-136
1.30003e-136
1.52048e-136
1.77825e-136
2.07963e-136
2.432e-136
2.84397e-136
3.32559e-136
3.88862e-136
4.54681e-136
5.31619e-136
6.21552e-136
7.26671e-136
8.49535e-136
9.93135e-136
1.16096e-135
1.3571e-135
1.58631e-135
1.85417e-135
2.16716e-135
2.5329e-135
2.96025e-135
3.45956e-135
4.04294e-135
4.72451e-135
5.52076e-135
6.45097e-135
7.53762e-135
8.80698e-135
1.02897e-134
1.20216e-134
1.40444e-134
1.6407e-134
1.91663e-134
2.23888e-134
2.6152e-134
3.05467e-134
3.56784e-134
4.16707e-134
4.86675e-134
5.68369e-134
6.63751e-134
7.7511e-134
9.05117e-134
1.05689e-133
1.23406e-133
1.44088e-133
1.6823e-133
1.96409e-133
2.29299e-133
2.67686e-133
3.12488e-133
3.64774e-133
4.25792e-133
4.96998e-133
5.8009e-133
6.77047e-133
7.90179e-133
9.2218e-133
1.07619e-132
1.25587e-132
1.4655e-132
1.71005e-132
1.99533e-132
2.32812e-132
2.7163e-132
3.16909e-132
3.69721e-132
4.31317e-132
5.03156e-132
5.86938e-132
6.84644e-132
7.98584e-132
9.3145e-132
1.08638e-131
1.26703e-131
1.47767e-131
1.72325e-131
2.00957e-131
2.34338e-131
2.73252e-131
3.18617e-131
3.71499e-131
4.33141e-131
5.04991e-131
5.88738e-131
6.86347e-131
8.00107e-131
9.32687e-131
1.08719e-130
1.26725e-130
1.47706e-130
1.72155e-130
2.00643e-130
2.33836e-130
2.7251e-130
3.17568e-130
3.70061e-130
4.31215e-130
5.02456e-130
5.85443e-130
6.82111e-130
7.9471e-130
9.2586e-130
1.07861e-129
1.25652e-129
1.46371e-129
1.705e-129
1.98599e-129
2.31321e-129
2.69422e-129
3.13788e-129
3.65445e-129
4.2559e-129
4.95615e-129
5.77139e-129
6.72047e-129
7.82531e-129
9.11145e-129
1.06086e-128
1.23512e-128
1.43795e-128
1.67403e-128
1.94879e-128
2.26856e-128
2.64069e-128
3.07376e-128
3.5777e-128
4.16411e-128
4.84645e-128
5.64038e-128
6.56412e-128
7.63885e-128
8.88919e-128
1.03438e-127
1.2036e-127
1.40044e-127
1.62942e-127
1.89576e-127
2.20555e-127
2.56587e-127
2.98494e-127
3.47231e-127
4.03911e-127
4.69825e-127
5.46474e-127
6.35604e-127
7.39242e-127
8.59745e-127
9.99854e-127
1.16275e-126
1.35213e-126
1.5723e-126
1.82825e-126
2.12578e-126
2.47163e-126
2.87365e-126
3.34092e-126
3.88403e-126
4.51524e-126
5.24884e-126
6.1014e-126
7.09215e-126
8.24347e-126
9.58133e-126
1.11359e-125
1.29421e-125
1.50408e-125
1.74791e-125
2.0312e-125
2.3603e-125
2.74261e-125
3.18674e-125
3.70264e-125
4.30189e-125
4.99793e-125
5.80637e-125
6.74532e-125
7.8358e-125
9.10223e-125
1.05729e-124
1.22808e-124
1.4264e-124
1.65668e-124
1.92406e-124
2.23451e-124
2.59495e-124
3.01342e-124
3.49923e-124
4.06321e-124
4.71791e-124
5.47789e-124
6.36004e-124
7.38396e-124
8.57241e-124
9.95174e-124
1.15526e-123
1.34104e-123
1.55664e-123
1.80683e-123
2.09715e-123
2.43403e-123
2.82491e-123
3.27844e-123
3.80464e-123
4.41511e-123
5.12335e-123
5.94497e-123
6.89808e-123
8.00369e-123
9.28615e-123
1.07737e-122
1.2499e-122
1.45001e-122
1.68209e-122
1.95124e-122
2.26337e-122
2.62533e-122
3.04505e-122
3.53174e-122
4.09607e-122
4.75038e-122
5.509e-122
6.38852e-122
7.40817e-122
8.59023e-122
9.96052e-122
1.1549e-121
1.33902e-121
1.55244e-121
1.7998e-121
2.0865e-121
2.41877e-121
2.80385e-121
3.25011e-121
3.76725e-121
4.36651e-121
5.0609e-121
5.86549e-121
6.79773e-121
7.87784e-121
9.12921e-121
1.0579e-120
1.22584e-120
1.4204e-120
1.64578e-120
1.90683e-120
2.20922e-120
2.55946e-120
2.9651e-120
3.43491e-120
3.979e-120
4.6091e-120
5.33877e-120
6.18372e-120
7.16212e-120
8.29501e-120
9.60672e-120
1.11254e-119
1.28837e-119
1.49193e-119
1.72759e-119
2.00039e-119
2.31619e-119
2.68173e-119
3.10484e-119
3.59457e-119
4.16138e-119
4.81739e-119
5.57659e-119
6.4552e-119
7.47194e-119
8.6485e-119
1.00099e-118
1.15852e-118
1.34079e-118
1.55168e-118
1.79566e-118
2.07793e-118
2.40448e-118
2.78224e-118
3.21923e-118
3.7247e-118
4.30938e-118
4.98564e-118
5.7678e-118
6.67241e-118
7.7186e-118
8.92849e-118
1.03276e-117
1.19456e-117
1.38164e-117
1.59797e-117
1.84809e-117
2.13728e-117
2.47163e-117
2.85818e-117
3.30505e-117
3.82164e-117
4.41881e-117
5.10909e-117
5.90697e-117
6.8292e-117
7.8951e-117
9.12703e-117
1.05508e-116
1.21961e-116
1.40975e-116
1.62947e-116
1.88337e-116
2.17674e-116
2.51571e-116
2.90735e-116
3.35984e-116
3.8826e-116
4.48652e-116
5.18418e-116
5.99009e-116
6.92103e-116
7.99633e-116
9.23835e-116
1.06729e-115
1.23297e-115
1.42431e-115
1.64528e-115
1.90047e-115
2.19515e-115
2.53542e-115
2.92833e-115
3.38199e-115
3.90578e-115
4.51053e-115
5.20871e-115
6.01473e-115
6.9452e-115
8.01932e-115
9.25919e-115
1.06903e-114
1.23422e-114
1.42488e-114
1.64493e-114
1.89889e-114
2.19197e-114
2.53019e-114
2.92048e-114
3.37085e-114
3.89052e-114
4.49013e-114
5.18196e-114
5.98015e-114
6.90102e-114
7.96338e-114
9.18894e-114
1.06027e-113
1.22335e-113
1.41146e-113
1.62843e-113
1.87868e-113
2.1673e-113
2.50018e-113
2.88406e-113
3.32676e-113
3.83726e-113
4.42594e-113
5.10472e-113
5.88738e-113
6.78977e-113
7.83018e-113
9.02966e-113
1.04125e-112
1.20066e-112
1.38443e-112
1.59626e-112
1.84043e-112
2.12187e-112
2.44625e-112
2.82012e-112
3.251e-112
3.74756e-112
4.31981e-112
4.97924e-112
5.73912e-112
6.61471e-112
7.62359e-112
8.78601e-112
1.01253e-111
1.16682e-111
1.34458e-111
1.54936e-111
1.78525e-111
2.05699e-111
2.36999e-111
2.73051e-111
3.14576e-111
3.62401e-111
4.17482e-111
4.80915e-111
5.53966e-111
6.38088e-111
7.34956e-111
8.46497e-111
9.74928e-111
1.1228e-110
1.29305e-110
1.48907e-110
1.71472e-110
1.9745e-110
2.27355e-110
2.61779e-110
3.01403e-110
3.47012e-110
3.99507e-110
4.59926e-110
5.29461e-110
6.09486e-110
7.01579e-110
8.07556e-110
9.29506e-110
1.06983e-109
1.23129e-109
1.41707e-109
1.63081e-109
1.87671e-109
2.15962e-109
2.48507e-109
2.85946e-109
3.29013e-109
3.78552e-109
4.35532e-109
5.01071e-109
5.76449e-109
6.63141e-109
7.62841e-109
8.77497e-109
1.00935e-108
1.16096e-108
1.3353e-108
1.53576e-108
1.76625e-108
2.03125e-108
2.33592e-108
2.68618e-108
3.08884e-108
3.55173e-108
4.08382e-108
4.69545e-108
5.39848e-108
6.20653e-108
7.13524e-108
8.20262e-108
9.4293e-108
1.0839e-107
1.2459e-107
1.43205e-107
1.64596e-107
1.89175e-107
2.17415e-107
2.49861e-107
2.87139e-107
3.29965e-107
3.79164e-107
4.35682e-107
5.00606e-107
5.75182e-107
6.60842e-107
7.5923e-107
8.72233e-107
1.00202e-106
1.15107e-106
1.32224e-106
1.5188e-106
1.74452e-106
2.00371e-106
2.30132e-106
2.64303e-106
3.03536e-106
3.48579e-106
4.00291e-106
4.59657e-106
5.27807e-106
6.06038e-106
6.95838e-106
7.98912e-106
9.1722e-106
1.05301e-105
1.20885e-105
1.3877e-105
1.59295e-105
1.8285e-105
2.09878e-105
2.40893e-105
2.76481e-105
3.17314e-105
3.64163e-105
4.17913e-105
4.79578e-105
5.50321e-105
6.31475e-105
7.24569e-105
8.31354e-105
9.5384e-105
1.09433e-104
1.25547e-104
1.44027e-104
1.65222e-104
1.89528e-104
2.17401e-104
2.49365e-104
2.86016e-104
3.28042e-104
3.76229e-104
4.31477e-104
4.94819e-104
5.67438e-104
6.50689e-104
7.46126e-104
8.55528e-104
9.80933e-104
1.12468e-103
1.28943e-103
1.47827e-103
1.6947e-103
1.94273e-103
2.22699e-103
2.55274e-103
2.92602e-103
3.35376e-103
3.84387e-103
4.40545e-103
5.04887e-103
5.78604e-103
6.63059e-103
7.59812e-103
8.7065e-103
9.97617e-103
1.14306e-102
1.30965e-102
1.50046e-102
1.71901e-102
1.96931e-102
2.25598e-102
2.58427e-102
2.96023e-102
3.39074e-102
3.88372e-102
4.44819e-102
5.09452e-102
5.83453e-102
6.68178e-102
7.65176e-102
8.76222e-102
1.00334e-101
1.14886e-101
1.31544e-101
1.50611e-101
1.72435e-101
1.97414e-101
2.26002e-101
2.58721e-101
2.96165e-101
3.39015e-101
3.8805e-101
4.44159e-101
5.08363e-101
5.81824e-101
6.65876e-101
7.6204e-101
8.72059e-101
9.97923e-101
1.14191e-100
1.30662e-100
1.49503e-100
1.71054e-100
1.95705e-100
2.23899e-100
2.56145e-100
2.93024e-100
3.352e-100
3.83432e-100
4.38586e-100
5.01655e-100
5.73771e-100
6.56229e-100
7.50509e-100
8.583e-100
9.81534e-100
1.12242e-099
1.28348e-099
1.46759e-099
1.67805e-099
1.91861e-099
2.19358e-099
2.50786e-099
2.86705e-099
3.27756e-099
3.74671e-099
4.28285e-099
4.89551e-099
5.5956e-099
6.39557e-099
7.30962e-099
8.35398e-099
9.54718e-099
1.09104e-098
1.24678e-098
1.42469e-098
1.62793e-098
1.86009e-098
2.12527e-098
2.42817e-098
2.77414e-098
3.16927e-098
3.62054e-098
4.13591e-098
4.72446e-098
5.39655e-098
6.16402e-098
7.04036e-098
8.04098e-098
9.18345e-098
1.04879e-097
1.19771e-097
1.36772e-097
1.56181e-097
1.78337e-097
2.03628e-097
2.32497e-097
2.65449e-097
3.0306e-097
3.45986e-097
3.94976e-097
4.50887e-097
5.14692e-097
5.87503e-097
6.70588e-097
7.65395e-097
8.73571e-097
9.96997e-097
1.13782e-096
1.29848e-096
1.48177e-096
1.69087e-096
1.9294e-096
2.2015e-096
2.51187e-096
2.86588e-096
3.26967e-096
3.7302e-096
4.25543e-096
4.85444e-096
5.53754e-096
6.31653e-096
7.20483e-096
8.21772e-096
9.37266e-096
1.06895e-095
1.21909e-095
1.39026e-095
1.58541e-095
1.80787e-095
2.06148e-095
2.35057e-095
2.68009e-095
3.0557e-095
3.48381e-095
3.97175e-095
4.52785e-095
5.16162e-095
5.88386e-095
6.70691e-095
7.6448e-095
8.7135e-095
9.93122e-095
1.13187e-094
1.28995e-094
1.47005e-094
1.67523e-094
1.90898e-094
2.17526e-094
2.47858e-094
2.82409e-094
3.21765e-094
3.6659e-094
4.17644e-094
4.7579e-094
5.4201e-094
6.17423e-094
7.03302e-094
8.01095e-094
9.1245e-094
1.03924e-093
1.18361e-093
1.34798e-093
1.53512e-093
1.74817e-093
1.99071e-093
2.26682e-093
2.58112e-093
2.93889e-093
3.34611e-093
3.80962e-093
4.33717e-093
4.93758e-093
5.62089e-093
6.39851e-093
7.28343e-093
8.29043e-093
9.43628e-093
1.07401e-092
1.22236e-092
1.39114e-092
1.58317e-092
1.80164e-092
2.05018e-092
2.33292e-092
2.65454e-092
3.02038e-092
3.43652e-092
3.90983e-092
4.44817e-092
5.06043e-092
5.75675e-092
6.54862e-092
7.44913e-092
8.47315e-092
9.63757e-092
1.09616e-091
1.2467e-091
1.41786e-091
1.61246e-091
1.8337e-091
2.08522e-091
2.37114e-091
2.69616e-091
3.06561e-091
3.48555e-091
3.96287e-091
4.50538e-091
5.12196e-091
5.8227e-091
6.61906e-091
7.52403e-091
8.55241e-091
9.72097e-091
1.10488e-090
1.25575e-090
1.42716e-090
1.62191e-090
1.84316e-090
2.09452e-090
2.38006e-090
2.70443e-090
3.07289e-090
3.4914e-090
3.96677e-090
4.50669e-090
5.11989e-090
5.81631e-090
6.6072e-090
7.50535e-090
8.52525e-090
9.68338e-090
1.09984e-089
1.24915e-089
1.41868e-089
1.61116e-089
1.82968e-089
2.07775e-089
2.35937e-089
2.67906e-089
3.04194e-089
3.45385e-089
3.92138e-089
4.45203e-089
5.05429e-089
5.7378e-089
6.5135e-089
7.39377e-089
8.39269e-089
9.5262e-089
1.08124e-088
1.22717e-088
1.39275e-088
1.58061e-088
1.79374e-088
2.03553e-088
2.30983e-088
2.62098e-088
2.97393e-088
3.37429e-088
3.82839e-088
4.34344e-088
4.92759e-088
5.59009e-088
6.34141e-088
7.19344e-088
8.15963e-088
9.25523e-088
1.04975e-087
1.19061e-087
1.35032e-087
1.5314e-087
1.73669e-087
1.96942e-087
2.23325e-087
2.53233e-087
2.87135e-087
3.25564e-087
3.69121e-087
4.1849e-087
4.74444e-087
5.37857e-087
6.09724e-087
6.91166e-087
7.83456e-087
8.88035e-087
1.00654e-086
1.1408e-086
1.29293e-086
1.4653e-086
1.66057e-086
1.8818e-086
2.13241e-086
2.41631e-086
2.7379e-086
3.10217e-086
3.51477e-086
3.9821e-086
4.51138e-086
5.11082e-086
5.78969e-086
6.55848e-086
7.42906e-086
8.41489e-086
9.53116e-086
1.07951e-085
1.22262e-085
1.38464e-085
1.56808e-085
1.77575e-085
2.01085e-085
2.27698e-085
2.57824e-085
2.91924e-085
3.30522e-085
3.74208e-085
4.23653e-085
4.79612e-085
5.42941e-085
6.14609e-085
6.95711e-085
7.87484e-085
8.91329e-085
1.00883e-084
1.14177e-084
1.29219e-084
1.46236e-084
1.65488e-084
1.87268e-084
2.11905e-084
2.39775e-084
2.713e-084
3.06958e-084
3.47288e-084
3.92903e-084
4.44492e-084
5.02835e-084
5.68814e-084
6.43426e-084
7.27797e-084
8.232e-084
9.31072e-084
1.05304e-083
1.19094e-083
1.34684e-083
1.5231e-083
1.72235e-083
1.9476e-083
2.20222e-083
2.49003e-083
2.81535e-083
3.18304e-083
3.59862e-083
4.0683e-083
4.59911e-083
5.19897e-083
5.87684e-083
6.64285e-083
7.5084e-083
8.48641e-083
9.59145e-083
1.08399e-082
1.22505e-082
1.38441e-082
1.56443e-082
1.7678e-082
1.99752e-082
2.25702e-082
2.55012e-082
2.88118e-082
3.25508e-082
3.67737e-082
4.15429e-082
4.69288e-082
5.30108e-082
5.98788e-082
6.7634e-082
7.63907e-082
8.62778e-082
9.74408e-082
1.10044e-081
1.24272e-081
1.40335e-081
1.58468e-081
1.78936e-081
2.02041e-081
2.28121e-081
2.57556e-081
2.90779e-081
3.28275e-081
3.70591e-081
4.18346e-081
4.72237e-081
5.33049e-081
6.0167e-081
6.79097e-081
7.66459e-081
8.65027e-081
9.76232e-081
1.10169e-080
1.24323e-080
1.40289e-080
1.583e-080
1.78616e-080
2.01532e-080
2.27379e-080
2.56531e-080
2.89409e-080
3.26489e-080
3.68306e-080
4.15462e-080
4.68637e-080
5.28599e-080
5.96209e-080
6.72441e-080
7.58392e-080
8.55295e-080
9.64542e-080
1.0877e-079
1.22654e-079
1.38305e-079
1.55947e-079
1.75832e-079
1.98245e-079
2.23507e-079
2.51978e-079
2.84065e-079
3.20225e-079
3.60975e-079
4.06894e-079
4.58638e-079
5.16941e-079
5.82633e-079
6.56648e-079
7.40037e-079
8.33984e-079
9.39821e-079
1.05905e-078
1.19336e-078
1.34464e-078
1.51505e-078
1.70699e-078
1.92317e-078
2.16665e-078
2.44085e-078
2.74966e-078
3.09741e-078
3.48901e-078
3.92996e-078
4.42647e-078
4.98552e-078
5.61497e-078
6.32363e-078
7.12147e-078
8.01965e-078
9.03077e-078
1.0169e-077
1.14502e-077
1.28924e-077
1.45156e-077
1.63426e-077
1.83988e-077
2.07129e-077
2.33172e-077
2.62479e-077
2.95459e-077
3.32569e-077
3.74326e-077
4.2131e-077
4.74173e-077
5.33648e-077
6.0056e-077
6.75835e-077
7.60517e-077
8.55776e-077
9.62929e-077
1.08346e-076
1.21903e-076
1.3715e-076
1.543e-076
1.73586e-076
1.95276e-076
2.19668e-076
2.47097e-076
2.7794e-076
3.12621e-076
3.51616e-076
3.95459e-076
4.44752e-076
5.00171e-076
5.62473e-076
6.32511e-076
7.11243e-076
7.99744e-076
8.99223e-076
1.01104e-075
1.13671e-075
1.27796e-075
1.4367e-075
1.61509e-075
1.81557e-075
2.04086e-075
2.29401e-075
2.57846e-075
2.89807e-075
3.25718e-075
3.66064e-075
4.11392e-075
4.62315e-075
5.19521e-075
5.83783e-075
6.55968e-075
7.37051e-075
8.28125e-075
9.30417e-075
1.0453e-074
1.17433e-074
1.31923e-074
1.48196e-074
1.66469e-074
1.86988e-074
2.10029e-074
2.35899e-074
2.64946e-074
2.97558e-074
3.34171e-074
3.75274e-074
4.21417e-074
4.73216e-074
5.31361e-074
5.96628e-074
6.69885e-074
7.52108e-074
8.44391e-074
9.4796e-074
1.06419e-073
1.19463e-073
1.341e-073
1.50525e-073
1.68955e-073
1.89635e-073
2.12837e-073
2.38869e-073
2.68075e-073
3.0084e-073
3.37596e-073
3.78829e-073
4.25081e-073
4.76963e-073
5.35155e-073
6.00425e-073
6.73628e-073
7.55728e-073
8.47801e-073
9.51055e-073
1.06684e-072
1.19668e-072
1.34227e-072
1.50552e-072
1.68855e-072
1.89376e-072
2.12383e-072
2.38175e-072
2.6709e-072
2.99504e-072
3.35838e-072
3.76565e-072
4.22216e-072
4.73382e-072
5.30728e-072
5.94999e-072
6.67027e-072
7.47745e-072
8.38199e-072
9.39559e-072
1.05314e-071
1.1804e-071
1.32298e-071
1.48274e-071
1.66172e-071
1.86223e-071
2.08686e-071
2.33849e-071
2.62037e-071
2.93611e-071
3.28976e-071
3.68587e-071
4.12952e-071
4.62639e-071
5.18284e-071
5.80599e-071
6.50383e-071
7.28525e-071
8.16024e-071
9.13998e-071
1.02369e-070
1.14651e-070
1.28402e-070
1.43796e-070
1.61029e-070
1.80321e-070
2.01916e-070
2.26088e-070
2.53145e-070
2.83429e-070
3.17323e-070
3.55257e-070
3.97711e-070
4.4522e-070
4.98386e-070
5.57879e-070
6.24449e-070
6.98937e-070
7.82279e-070
8.75526e-070
9.79849e-070
1.09656e-069
1.22713e-069
1.37319e-069
1.53657e-069
1.71933e-069
1.92376e-069
2.1524e-069
2.40813e-069
2.69413e-069
3.01399e-069
3.3717e-069
3.77171e-069
4.21901e-069
4.71918e-069
5.27844e-069
5.90375e-069
6.60289e-069
7.38453e-069
8.25839e-069
9.2353e-069
1.03274e-068
1.15481e-068
1.29127e-068
1.44379e-068
1.61427e-068
1.80481e-068
2.01777e-068
2.25576e-068
2.52172e-068
2.81894e-068
3.15106e-068
3.52218e-068
3.93685e-068
4.40018e-068
4.91784e-068
5.49619e-068
6.14233e-068
6.86416e-068
7.67052e-068
8.57127e-068
9.57743e-068
1.07013e-067
1.19566e-067
1.33586e-067
1.49244e-067
1.66731e-067
1.86261e-067
2.08069e-067
2.32422e-067
2.59616e-067
2.8998e-067
3.23882e-067
3.61735e-067
4.03995e-067
4.51176e-067
5.03847e-067
5.62645e-067
6.28281e-067
7.01547e-067
7.83326e-067
8.74604e-067
9.76481e-067
1.09018e-066
1.21708e-066
1.35869e-066
1.51672e-066
1.69307e-066
1.88984e-066
2.10941e-066
2.3544e-066
2.62773e-066
2.93269e-066
3.27291e-066
3.65246e-066
4.07587e-066
4.54818e-066
5.07504e-066
5.6627e-066
6.31817e-066
7.04924e-066
7.8646e-066
8.77392e-066
9.78801e-066
1.09189e-065
1.218e-065
1.35861e-065
1.51541e-065
1.69023e-065
1.88516e-065
2.10247e-065
2.34475e-065
2.61485e-065
2.91595e-065
3.2516e-065
3.62574e-065
4.04278e-065
4.50761e-065
5.02569e-065
5.6031e-065
6.24662e-065
6.96376e-065
7.76295e-065
8.65351e-065
9.64587e-065
1.07516e-064
1.19837e-064
1.33564e-064
1.48857e-064
1.65896e-064
1.84878e-064
2.06023e-064
2.29579e-064
2.55817e-064
2.85044e-064
3.17597e-064
3.53855e-064
3.94236e-064
4.39209e-064
4.89293e-064
5.45067e-064
6.07176e-064
6.76336e-064
7.53344e-064
8.39088e-064
9.34555e-064
1.04084e-063
1.15918e-063
1.29091e-063
1.43757e-063
1.60082e-063
1.78254e-063
1.98481e-063
2.20995e-063
2.46053e-063
2.73942e-063
3.04981e-063
3.39523e-063
3.77963e-063
4.20738e-063
4.68337e-063
5.213e-063
5.80231e-063
6.45798e-063
7.18747e-063
7.99906e-063
8.90194e-063
9.90635e-063
1.10237e-062
1.22665e-062
1.3649e-062
1.51867e-062
1.6897e-062
1.87991e-062
2.09146e-062
2.32672e-062
2.58835e-062
2.87928e-062
3.2028e-062
3.56252e-062
3.9625e-062
4.40721e-062
4.90164e-062
5.45134e-062
6.06244e-062
6.74179e-062
7.49698e-062
8.33644e-062
9.26954e-062
1.03067e-061
1.14594e-061
1.27406e-061
1.41645e-061
1.57469e-061
1.75054e-061
1.94595e-061
2.1631e-061
2.40438e-061
2.67247e-061
2.97034e-061
3.30128e-061
3.66896e-061
4.07742e-061
4.53119e-061
5.03526e-061
5.59519e-061
6.21714e-061
6.90796e-061
7.67525e-061
8.52744e-061
9.47388e-061
1.0525e-060
1.16922e-060
1.29884e-060
1.44277e-060
1.60259e-060
1.78005e-060
1.97708e-060
2.19583e-060
2.43869e-060
2.70831e-060
3.00763e-060
3.33989e-060
3.70872e-060
4.11811e-060
4.57253e-060
5.07689e-060
5.63667e-060
6.25792e-060
6.94738e-060
7.71251e-060
8.56156e-060
9.50373e-060
1.05492e-059
1.17091e-059
1.29962e-059
1.44241e-059
1.60084e-059
1.77659e-059
1.97156e-059
2.18785e-059
2.42777e-059
2.6939e-059
2.98908e-059
3.31648e-059
3.6796e-059
4.08233e-059
4.52895e-059
5.02424e-059
5.57348e-059
6.18252e-059
6.85786e-059
7.60667e-059
8.43692e-059
9.35742e-059
1.0378e-058
1.15094e-058
1.27636e-058
1.4154e-058
1.56952e-058
1.74036e-058
1.92972e-058
2.1396e-058
2.37222e-058
2.63003e-058
2.91574e-058
3.23236e-058
3.58323e-058
3.97204e-058
4.40286e-058
4.88022e-058
5.40912e-058
5.99512e-058
6.64435e-058
7.3636e-058
8.16039e-058
9.04305e-058
1.00208e-057
1.11038e-057
1.23035e-057
1.36321e-057
1.51037e-057
1.67336e-057
1.85385e-057
2.05374e-057
2.27509e-057
2.5202e-057
2.79161e-057
3.09214e-057
3.42488e-057
3.79328e-057
4.20115e-057
4.65269e-057
5.15257e-057
5.70593e-057
6.31848e-057
6.99651e-057
7.74701e-057
8.57768e-057
9.49706e-057
1.05146e-056
1.16406e-056
1.28868e-056
1.42659e-056
1.57919e-056
1.74804e-056
1.93488e-056
2.1416e-056
2.37032e-056
2.62336e-056
2.90331e-056
3.21301e-056
3.5556e-056
3.93457e-056
4.35377e-056
4.81744e-056
5.33029e-056
5.89751e-056
6.52484e-056
7.21862e-056
7.98585e-056
8.8343e-056
9.77251e-056
1.08099e-055
1.1957e-055
1.32254e-055
1.46276e-055
1.6178e-055
1.7892e-055
1.97868e-055
2.18814e-055
2.41968e-055
2.67562e-055
2.95852e-055
3.2712e-055
3.61679e-055
3.99874e-055
4.42085e-055
4.88734e-055
5.40283e-055
5.97247e-055
6.60191e-055
7.29741e-055
8.06587e-055
8.91491e-055
9.85294e-055
1.08892e-054
1.20341e-054
1.32988e-054
1.46958e-054
1.6239e-054
1.79435e-054
1.98262e-054
2.19055e-054
2.4202e-054
2.67383e-054
2.95392e-054
3.26322e-054
3.60477e-054
3.98191e-054
4.39835e-054
4.85815e-054
5.3658e-054
5.92628e-054
6.54505e-054
7.22815e-054
7.98223e-054
8.81464e-054
9.73349e-054
1.07477e-053
1.18671e-053
1.31027e-053
1.44663e-053
1.59711e-053
1.76319e-053
1.94646e-053
2.1487e-053
2.37186e-053
2.61809e-053
2.88978e-053
3.18954e-053
3.52025e-053
3.88511e-053
4.28762e-053
4.73164e-053
5.22145e-053
5.76173e-053
6.35768e-053
7.015e-053
7.73998e-053
8.53956e-053
9.42137e-053
1.03938e-052
1.14662e-052
1.26488e-052
1.39528e-052
1.53906e-052
1.6976e-052
1.87239e-052
2.0651e-052
2.27755e-052
2.51177e-052
2.76997e-052
3.05458e-052
3.36832e-052
3.71413e-052
4.09529e-052
4.51539e-052
4.9784e-052
5.48867e-052
6.05101e-052
6.6707e-052
7.35357e-052
8.10604e-052
8.93516e-052
9.84871e-052
1.08552e-051
1.19642e-051
1.31859e-051
1.45318e-051
1.60145e-051
1.76477e-051
1.94468e-051
2.14285e-051
2.36112e-051
2.60152e-051
2.86629e-051
3.15788e-051
3.479e-051
3.83263e-051
4.22204e-051
4.65084e-051
5.12299e-051
5.64286e-051
6.21524e-051
6.84542e-051
7.5392e-051
8.30297e-051
9.14377e-051
1.00693e-050
1.10881e-050
1.22096e-050
1.34439e-050
1.48024e-050
1.62976e-050
1.79432e-050
1.97541e-050
2.17469e-050
2.39399e-050
2.6353e-050
2.90082e-050
3.19297e-050
3.51441e-050
3.86805e-050
4.25712e-050
4.68515e-050
5.15601e-050
5.67398e-050
6.24373e-050
6.87044e-050
7.55976e-050
8.31792e-050
9.15176e-050
1.00688e-049
1.10773e-049
1.21864e-049
1.34059e-049
1.4747e-049
1.62215e-049
1.78429e-049
1.96255e-049
2.15854e-049
2.37401e-049
2.61089e-049
2.87129e-049
3.15755e-049
3.4722e-049
3.81807e-049
4.19823e-049
4.61606e-049
5.07528e-049
5.57997e-049
6.13461e-049
6.74411e-049
7.4139e-049
8.14988e-049
8.95858e-049
9.84715e-049
1.08234e-048
1.18961e-048
1.30745e-048
1.43691e-048
1.57912e-048
1.73535e-048
1.90696e-048
2.09546e-048
2.3025e-048
2.5299e-048
2.77965e-048
3.05394e-048
3.35517e-048
3.68597e-048
4.04922e-048
4.4481e-048
4.88609e-048
5.367e-048
5.89501e-048
6.47472e-048
7.11117e-048
7.80987e-048
8.5769e-048
9.41889e-048
1.03431e-047
1.13577e-047
1.24712e-047
1.36934e-047
1.50347e-047
1.65069e-047
1.81225e-047
1.98954e-047
2.1841e-047
2.39758e-047
2.63184e-047
2.88887e-047
3.17088e-047
3.48028e-047
3.81973e-047
4.19213e-047
4.60065e-047
5.04879e-047
5.54037e-047
6.07958e-047
6.67101e-047
7.31969e-047
8.03114e-047
8.8114e-047
9.66709e-047
1.06055e-046
1.16345e-046
1.27629e-046
1.40001e-046
1.53567e-046
1.68442e-046
1.8475e-046
2.02628e-046
2.22229e-046
2.43716e-046
2.6727e-046
2.9309e-046
3.21391e-046
3.52412e-046
3.86412e-046
4.23675e-046
4.64515e-046
5.09271e-046
5.58318e-046
6.12066e-046
6.70961e-046
7.35495e-046
8.06205e-046
8.83679e-046
9.68561e-046
1.06156e-045
1.16343e-045
1.27504e-045
1.3973e-045
1.53122e-045
1.67791e-045
1.83859e-045
2.01457e-045
2.20732e-045
2.41841e-045
2.64958e-045
2.90275e-045
3.17998e-045
3.48355e-045
3.81595e-045
4.17991e-045
4.57841e-045
5.01471e-045
5.49238e-045
6.01531e-045
6.58777e-045
7.21444e-045
7.90041e-045
8.65128e-045
9.47314e-045
1.03727e-044
1.13572e-044
1.24347e-044
1.36139e-044
1.49043e-044
1.63164e-044
1.78616e-044
1.95525e-044
2.14025e-044
2.34267e-044
2.56413e-044
2.80642e-044
3.07149e-044
3.36147e-044
3.67867e-044
4.02566e-044
4.40521e-044
4.82035e-044
5.27441e-044
5.77103e-044
6.31416e-044
6.90813e-044
7.5577e-044
8.26802e-044
9.04475e-044
9.89407e-044
1.08227e-043
1.18381e-043
1.29482e-043
1.41619e-043
1.54887e-043
1.69392e-043
1.85249e-043
2.02581e-043
2.21527e-043
2.42236e-043
2.6487e-043
2.89608e-043
3.16644e-043
3.4619e-043
3.7848e-043
4.13764e-043
4.52321e-043
4.94452e-043
5.40486e-043
5.90783e-043
6.45735e-043
7.05772e-043
7.71361e-043
8.43014e-043
9.21286e-043
1.00679e-042
1.10018e-042
1.20219e-042
1.31361e-042
1.4353e-042
1.5682e-042
1.71334e-042
1.87185e-042
2.04494e-042
2.23394e-042
2.44033e-042
2.66567e-042
2.91172e-042
3.18035e-042
3.47363e-042
3.79381e-042
4.14334e-042
4.5249e-042
4.94141e-042
5.39604e-042
5.89229e-042
6.43391e-042
7.02506e-042
7.67022e-042
8.37432e-042
9.14269e-042
9.98118e-042
1.08961e-041
1.18945e-041
1.29839e-041
1.41725e-041
1.54693e-041
1.68841e-041
1.84275e-041
2.01114e-041
2.19482e-041
2.39518e-041
2.61374e-041
2.85213e-041
3.11214e-041
3.39573e-041
3.70501e-041
4.04231e-041
4.41014e-041
4.81126e-041
5.24866e-041
5.72561e-041
6.24565e-041
6.81267e-041
7.43087e-041
8.10487e-041
8.83965e-041
9.64068e-041
1.05139e-040
1.14657e-040
1.25033e-040
1.36342e-040
1.48668e-040
1.62103e-040
1.76745e-040
1.92701e-040
2.1009e-040
2.2904e-040
2.49689e-040
2.72189e-040
2.96706e-040
3.23418e-040
3.52521e-040
3.84229e-040
4.18772e-040
4.56403e-040
4.97397e-040
5.42052e-040
5.90693e-040
6.43674e-040
7.0138e-040
7.6423e-040
8.32679e-040
9.07225e-040
9.88406e-040
1.07681e-039
1.17308e-039
1.2779e-039
1.39203e-039
1.5163e-039
1.65161e-039
1.79891e-039
1.95928e-039
2.13386e-039
2.32391e-039
2.53078e-039
2.75597e-039
3.00108e-039
3.26786e-039
3.55822e-039
3.87422e-039
4.21814e-039
4.5924e-039
4.99968e-039
5.44286e-039
5.92511e-039
6.44983e-039
7.02075e-039
7.64192e-039
8.31772e-039
9.05293e-039
9.85275e-039
1.07228e-038
1.16693e-038
1.26988e-038
1.38186e-038
1.50365e-038
1.63612e-038
1.78019e-038
1.93687e-038
2.10726e-038
2.29256e-038
2.49404e-038
2.71314e-038
2.95136e-038
3.21038e-038
3.49199e-038
3.79817e-038
4.13102e-038
4.49288e-038
4.88624e-038
5.31384e-038
5.77863e-038
6.28384e-038
6.83295e-038
7.42976e-038
8.07838e-038
8.7833e-038
9.54935e-038
1.03818e-037
1.12864e-037
1.22694e-037
1.33374e-037
1.44979e-037
1.57587e-037
1.71285e-037
1.86166e-037
2.02333e-037
2.19895e-037
2.38972e-037
2.59695e-037
2.82203e-037
3.0665e-037
3.33203e-037
3.62041e-037
3.93359e-037
4.2737e-037
4.64303e-037
5.0441e-037
5.47959e-037
5.95245e-037
6.46587e-037
7.0233e-037
7.6285e-037
8.28553e-037
8.9988e-037
9.77309e-037
1.06136e-036
1.15259e-036
1.25162e-036
1.35911e-036
1.47577e-036
1.60238e-036
1.73978e-036
1.8889e-036
2.05072e-036
2.22631e-036
2.41685e-036
2.62359e-036
2.8479e-036
3.09128e-036
3.35533e-036
3.64178e-036
3.95255e-036
4.28966e-036
4.65535e-036
5.05202e-036
5.48228e-036
5.94895e-036
6.45509e-036
7.00403e-036
7.59936e-036
8.24497e-036
8.94509e-036
9.70428e-036
1.05275e-035
1.14201e-035
1.23879e-035
1.34373e-035
1.45749e-035
1.58082e-035
1.71453e-035
1.85947e-035
2.01659e-035
2.1869e-035
2.3715e-035
2.57159e-035
2.78845e-035
3.02348e-035
3.27819e-035
3.55422e-035
3.85335e-035
4.1775e-035
4.52873e-035
4.90931e-035
5.32166e-035
5.76843e-035
6.25247e-035
6.77685e-035
7.34494e-035
7.96034e-035
8.62697e-035
9.34906e-035
1.01312e-034
1.09784e-034
1.18959e-034
1.28896e-034
1.39658e-034
1.51313e-034
1.63934e-034
1.776e-034
1.92399e-034
2.08423e-034
2.25773e-034
2.44557e-034
2.64894e-034
2.86911e-034
3.10747e-034
3.36549e-034
3.6448e-034
3.94714e-034
4.27439e-034
4.62859e-034
5.01196e-034
5.42686e-034
5.87589e-034
6.36182e-034
6.88768e-034
7.45671e-034
8.07245e-034
8.73869e-034
9.45955e-034
1.02395e-033
1.10833e-033
1.19962e-033
1.29838e-033
1.40521e-033
1.52077e-033
1.64578e-033
1.78099e-033
1.92724e-033
2.08542e-033
2.25649e-033
2.4415e-033
2.64157e-033
2.85794e-033
3.0919e-033
3.34489e-033
3.61844e-033
3.91422e-033
4.234e-033
4.57974e-033
4.95351e-033
5.35759e-033
5.7944e-033
6.26658e-033
6.77698e-033
7.32868e-033
7.92497e-033
8.56946e-033
9.26599e-033
1.00188e-032
1.08323e-032
1.17114e-032
1.26613e-032
1.36878e-032
1.4797e-032
1.59954e-032
1.72902e-032
1.86891e-032
2.02003e-032
2.1833e-032
2.35967e-032
2.55019e-032
2.75598e-032
2.97827e-032
3.21836e-032
3.47768e-032
3.75774e-032
4.0602e-032
4.38683e-032
4.73956e-032
5.12045e-032
5.53174e-032
5.97584e-032
6.45534e-032
6.97305e-032
7.53198e-032
8.13541e-032
8.78683e-032
9.49006e-032
1.02492e-031
1.10686e-031
1.1953e-031
1.29077e-031
1.3938e-031
1.505e-031
1.62501e-031
1.75452e-031
1.89428e-031
2.04509e-031
2.20783e-031
2.38342e-031
2.57288e-031
2.77729e-031
2.99783e-031
3.23575e-031
3.49242e-031
3.76931e-031
4.06799e-031
4.39018e-031
4.73769e-031
5.11252e-031
5.51679e-031
5.95279e-031
6.42301e-031
6.93011e-031
7.47695e-031
8.06663e-031
8.70248e-031
9.38808e-031
1.01273e-030
1.09243e-030
1.17836e-030
1.271e-030
1.37087e-030
1.47853e-030
1.59458e-030
1.71968e-030
1.85452e-030
1.99985e-030
2.15649e-030
2.32531e-030
2.50725e-030
2.70332e-030
2.91461e-030
3.14229e-030
3.38763e-030
3.65198e-030
3.93681e-030
4.24369e-030
4.57432e-030
4.93052e-030
5.31424e-030
5.72762e-030
6.1729e-030
6.65255e-030
7.1692e-030
7.72566e-030
8.325e-030
8.97049e-030
9.66566e-030
1.04143e-029
1.12205e-029
1.20886e-029
1.30234e-029
1.40299e-029
1.51137e-029
1.62805e-029
1.75368e-029
1.88892e-029
2.03452e-029
2.19125e-029
2.35997e-029
2.54158e-029
2.73706e-029
2.94747e-029
3.17392e-029
3.41764e-029
3.67994e-029
3.96221e-029
4.26597e-029
4.59284e-029
4.94456e-029
5.32302e-029
5.73022e-029
6.16833e-029
6.63969e-029
7.14679e-029
7.69232e-029
8.27917e-029
8.91045e-029
9.58949e-029
1.03199e-028
1.11055e-028
1.19504e-028
1.28592e-028
1.38365e-028
1.48875e-028
1.60177e-028
1.7233e-028
1.85399e-028
1.99451e-028
2.14559e-028
2.30804e-028
2.48268e-028
2.67044e-028
2.87229e-028
3.08927e-028
3.32252e-028
3.57324e-028
3.84273e-028
4.13239e-028
4.44371e-028
4.7783e-028
5.13789e-028
5.52432e-028
5.93959e-028
6.38582e-028
6.86532e-028
7.38054e-028
7.93412e-028
8.52889e-028
9.16789e-028
9.85439e-028
1.05919e-027
1.13841e-027
1.22352e-027
1.31493e-027
1.41312e-027
1.51859e-027
1.63186e-027
1.75352e-027
1.88417e-027
2.02447e-027
2.17514e-027
2.33694e-027
2.51067e-027
2.69722e-027
2.89751e-027
3.11256e-027
3.34344e-027
3.5913e-027
3.8574e-027
4.14305e-027
4.44968e-027
4.77882e-027
5.13211e-027
5.5113e-027
5.91829e-027
6.35508e-027
6.82385e-027
7.32691e-027
7.86675e-027
8.44605e-027
9.06765e-027
9.73463e-027
1.04503e-026
1.12181e-026
1.20418e-026
1.29256e-026
1.38736e-026
1.48907e-026
1.59817e-026
1.71519e-026
1.84071e-026
1.97535e-026
2.11975e-026
2.27461e-026
2.4407e-026
2.61881e-026
2.80982e-026
3.01463e-026
3.23426e-026
3.46975e-026
3.72224e-026
3.99295e-026
4.28318e-026
4.59434e-026
4.9279e-026
5.28549e-026
5.6688e-026
6.07967e-026
6.52007e-026
6.99211e-026
7.49803e-026
8.04025e-026
8.62134e-026
9.24408e-026
9.91141e-026
1.06265e-025
1.13928e-025
1.22138e-025
1.30935e-025
1.4036e-025
1.50458e-025
1.61276e-025
1.72866e-025
1.85281e-025
1.9858e-025
2.12825e-025
2.28083e-025
2.44426e-025
2.6193e-025
2.80677e-025
3.00753e-025
3.22254e-025
3.45278e-025
3.69932e-025
3.96332e-025
4.246e-025
4.54866e-025
4.87271e-025
5.21964e-025
5.59106e-025
5.98867e-025
6.41432e-025
6.86995e-025
7.35767e-025
7.87971e-025
8.43846e-025
9.03648e-025
9.67651e-025
1.03615e-024
1.10945e-024
1.18789e-024
1.27183e-024
1.36165e-024
1.45775e-024
1.56058e-024
1.6706e-024
1.7883e-024
1.91422e-024
2.04893e-024
2.19304e-024
2.34719e-024
2.51208e-024
2.68845e-024
2.87709e-024
3.07885e-024
3.29463e-024
3.52539e-024
3.77218e-024
4.03608e-024
4.31828e-024
4.62004e-024
4.94269e-024
5.28767e-024
5.65651e-024
6.05084e-024
6.47241e-024
6.92309e-024
7.40487e-024
7.91987e-024
8.47035e-024
9.05875e-024
9.68765e-024
1.03598e-023
1.10782e-023
1.18459e-023
1.26664e-023
1.35431e-023
1.448e-023
1.54811e-023
1.65507e-023
1.76936e-023
1.89147e-023
2.02193e-023
2.1613e-023
2.31019e-023
2.46924e-023
2.63914e-023
2.82062e-023
3.01447e-023
3.22151e-023
3.44264e-023
3.6788e-023
3.93102e-023
4.20037e-023
4.48799e-023
4.79513e-023
5.12309e-023
5.47327e-023
5.84717e-023
6.24636e-023
6.67254e-023
7.12753e-023
7.61326e-023
8.13177e-023
8.68526e-023
9.27606e-023
9.90667e-023
1.05797e-022
1.12981e-022
1.20648e-022
1.2883e-022
1.37562e-022
1.4688e-022
1.56822e-022
1.67432e-022
1.78752e-022
1.90831e-022
2.03718e-022
2.17466e-022
2.32134e-022
2.47781e-022
2.64473e-022
2.82279e-022
3.01271e-022
3.21529e-022
3.43136e-022
3.66181e-022
3.90758e-022
4.16969e-022
4.44921e-022
4.74729e-022
5.06514e-022
5.40406e-022
5.76544e-022
6.15074e-022
6.56155e-022
6.99952e-022
7.46643e-022
7.96419e-022
8.4948e-022
9.06042e-022
9.66332e-022
1.03059e-021
1.09909e-021
1.17209e-021
1.24989e-021
1.3328e-021
1.42116e-021
1.51532e-021
1.61566e-021
1.72257e-021
1.83649e-021
1.95786e-021
2.08717e-021
2.22495e-021
2.37172e-021
2.52808e-021
2.69464e-021
2.87206e-021
3.06105e-021
3.26235e-021
3.47676e-021
3.70511e-021
3.9483e-021
4.2073e-021
4.48312e-021
4.77683e-021
5.08959e-021
5.42261e-021
5.77721e-021
6.15475e-021
6.55672e-021
6.98467e-021
7.44026e-021
7.92526e-021
8.44156e-021
8.99114e-021
9.57614e-021
1.01988e-020
1.08615e-020
1.15669e-020
1.23176e-020
1.31165e-020
1.39666e-020
1.48713e-020
1.5834e-020
1.68584e-020
1.79483e-020
1.9108e-020
2.03418e-020
2.16545e-020
2.30509e-020
2.45365e-020
2.61168e-020
2.77978e-020
2.95859e-020
3.14878e-020
3.35107e-020
3.56621e-020
3.79502e-020
4.03835e-020
4.29712e-020
4.5723e-020
4.86491e-020
5.17605e-020
5.50687e-020
5.85861e-020
6.23258e-020
6.63016e-020
7.05284e-020
7.50217e-020
7.97982e-020
8.48755e-020
9.02724e-020
9.60088e-020
1.02106e-019
1.08586e-019
1.15472e-019
1.22791e-019
1.30569e-019
1.38834e-019
1.47616e-019
1.56948e-019
1.66863e-019
1.77398e-019
1.88591e-019
2.00482e-019
2.13115e-019
2.26535e-019
2.40791e-019
2.55935e-019
2.7202e-019
2.89104e-019
3.0725e-019
3.26523e-019
3.46991e-019
3.68727e-019
3.91811e-019
4.16323e-019
4.42352e-019
4.6999e-019
4.99335e-019
5.30493e-019
5.63573e-019
5.98692e-019
6.35975e-019
6.75555e-019
7.17569e-019
7.62168e-019
8.09507e-019
8.59753e-019
9.13083e-019
9.69683e-019
1.02975e-018
1.0935e-018
1.16115e-018
1.23294e-018
1.30911e-018
1.38994e-018
1.4757e-018
1.5667e-018
1.66324e-018
1.76566e-018
1.87431e-018
1.98957e-018
2.11185e-018
2.24155e-018
2.37912e-018
2.52504e-018
2.6798e-018
2.84395e-018
3.01803e-018
3.20264e-018
3.39841e-018
3.60601e-018
3.82615e-018
4.05957e-018
4.30706e-018
4.56946e-018
4.84767e-018
5.14261e-018
5.45529e-018
5.78676e-018
6.13813e-018
6.51058e-018
6.90537e-018
7.32382e-018
7.76732e-018
8.23736e-018
8.73551e-018
9.26343e-018
9.82287e-018
1.04157e-017
1.10439e-017
1.17095e-017
1.24147e-017
1.3162e-017
1.39536e-017
1.47923e-017
1.56808e-017
1.66221e-017
1.76191e-017
1.86753e-017
1.9794e-017
2.09789e-017
2.22338e-017
2.3563e-017
2.49706e-017
2.64613e-017
2.80399e-017
2.97115e-017
3.14816e-017
3.33558e-017
3.53403e-017
3.74414e-017
3.96658e-017
4.20208e-017
4.45139e-017
4.71532e-017
4.99469e-017
5.29042e-017
5.60343e-017
5.93474e-017
6.2854e-017
6.65652e-017
7.04928e-017
7.46492e-017
7.90477e-017
8.37021e-017
8.86272e-017
9.38384e-017
9.93522e-017
1.05186e-016
1.11358e-016
1.17888e-016
1.24795e-016
1.32103e-016
1.39832e-016
1.48009e-016
1.56657e-016
1.65805e-016
1.7548e-016
1.85712e-016
1.96533e-016
2.07977e-016
2.20078e-016
2.32875e-016
2.46407e-016
2.60714e-016
2.75842e-016
2.91836e-016
3.08746e-016
3.26623e-016
3.45522e-016
3.655e-016
3.86618e-016
4.08941e-016
4.32536e-016
4.57475e-016
4.83833e-016
5.1169e-016
5.4113e-016
5.72242e-016
6.05119e-016
6.3986e-016
6.7657e-016
7.15359e-016
7.56342e-016
7.99642e-016
8.45389e-016
8.93718e-016
9.44774e-016
9.98707e-016
1.05568e-015
1.11586e-015
1.17942e-015
1.24656e-015
1.31747e-015
1.39235e-015
1.47144e-015
1.55496e-015
1.64316e-015
1.73629e-015
1.83463e-015
1.93847e-015
2.0481e-015
2.16385e-015
2.28606e-015
2.41507e-015
2.55126e-015
2.69504e-015
2.8468e-015
3.00699e-015
3.17608e-015
3.35455e-015
3.5429e-015
3.74169e-015
3.95148e-015
4.17287e-015
4.4065e-015
4.65302e-015
4.91315e-015
5.18762e-015
5.47721e-015
5.78275e-015
6.1051e-015
6.44516e-015
6.80391e-015
7.18234e-015
7.58153e-015
8.0026e-015
8.44673e-015
8.91517e-015
9.40922e-015
9.93027e-015
1.04798e-014
1.10592e-014
1.16703e-014
1.23147e-014
1.29941e-014
1.37105e-014
1.44658e-014
1.52622e-014
1.61018e-014
1.69869e-014
1.79199e-014
1.89035e-014
1.99403e-014
2.10332e-014
2.21851e-014
2.33992e-014
2.46788e-014
2.60273e-014
2.74485e-014
2.89462e-014
3.05244e-014
3.21874e-014
3.39397e-014
3.5786e-014
3.77313e-014
3.97809e-014
4.19401e-014
4.42148e-014
4.66111e-014
4.91354e-014
5.17944e-014
5.45952e-014
5.75452e-014
6.06523e-014
6.39247e-014
6.7371e-014
7.10004e-014
7.48225e-014
7.88472e-014
8.30852e-014
8.75477e-014
9.22463e-014
9.71933e-014
1.02402e-013
1.07885e-013
1.13657e-013
1.19734e-013
1.26131e-013
1.32864e-013
1.39952e-013
1.47412e-013
1.55263e-013
1.63527e-013
1.72223e-013
1.81375e-013
1.91006e-013
2.01141e-013
2.11806e-013
2.23027e-013
2.34833e-013
2.47255e-013
2.60324e-013
2.74074e-013
2.88538e-013
3.03754e-013
3.1976e-013
3.36597e-013
3.54306e-013
3.72933e-013
3.92524e-013
4.13128e-013
4.34797e-013
4.57584e-013
4.81548e-013
5.06747e-013
5.33244e-013
5.61105e-013
5.90399e-013
6.21198e-013
6.53578e-013
6.87621e-013
7.23408e-013
7.61028e-013
8.00574e-013
8.42143e-013
8.85836e-013
9.3176e-013
9.80026e-013
1.03075e-012
1.08407e-012
1.14009e-012
1.19896e-012
1.26083e-012
1.32584e-012
1.39414e-012
1.46591e-012
1.54131e-012
1.62053e-012
1.70375e-012
1.79118e-012
1.88302e-012
1.9795e-012
2.08083e-012
2.18727e-012
2.29907e-012
2.41649e-012
2.53981e-012
2.66932e-012
2.80532e-012
2.94814e-012
3.09811e-012
3.25558e-012
3.42093e-012
3.59453e-012
3.7768e-012
3.96816e-012
4.16906e-012
4.37995e-012
4.60134e-012
4.83373e-012
5.07766e-012
5.3337e-012
5.60243e-012
5.88447e-012
6.18048e-012
6.49112e-012
6.81711e-012
7.15921e-012
7.51817e-012
7.89483e-012
8.29005e-012
8.70471e-012
9.13976e-012
9.59618e-012
1.0075e-011
1.05773e-011
1.11042e-011
1.1657e-011
1.22367e-011
1.28448e-011
1.34827e-011
1.41516e-011
1.48531e-011
1.55889e-011
1.63604e-011
1.71695e-011
1.80179e-011
1.89074e-011
1.98402e-011
2.08181e-011
2.18434e-011
2.29183e-011
2.40452e-011
2.52265e-011
2.64648e-011
2.77629e-011
2.91235e-011
3.05495e-011
3.20442e-011
3.36108e-011
3.52525e-011
3.6973e-011
3.8776e-011
4.06653e-011
4.26451e-011
4.47195e-011
4.6893e-011
4.91703e-011
5.15561e-011
5.40557e-011
5.66742e-011
5.94173e-011
6.22908e-011
6.53007e-011
6.84534e-011
7.17556e-011
7.52141e-011
7.88363e-011
8.26298e-011
8.66025e-011
9.07626e-011
9.5119e-011
9.96806e-011
1.04457e-010
1.09458e-010
1.14694e-010
1.20176e-010
1.25915e-010
1.31922e-010
1.38212e-010
1.44795e-010
1.51686e-010
1.589e-010
1.66449e-010
1.74351e-010
1.82621e-010
1.91275e-010
2.00332e-010
2.0981e-010
2.19728e-010
2.30105e-010
2.40964e-010
2.52325e-010
2.64212e-010
2.76648e-010
2.89658e-010
3.03268e-010
3.17506e-010
3.32399e-010
3.47977e-010
3.64272e-010
3.81314e-010
3.99139e-010
4.17781e-010
4.37276e-010
4.57664e-010
4.78984e-010
5.01277e-010
5.24588e-010
5.48962e-010
5.74446e-010
6.0109e-010
6.28946e-010
6.58067e-010
6.8851e-010
7.20334e-010
7.53599e-010
7.8837e-010
8.24714e-010
8.627e-010
9.02401e-010
9.43892e-010
9.87253e-010
1.03257e-009
1.07992e-009
1.1294e-009
1.1811e-009
1.23512e-009
1.29156e-009
1.35053e-009
1.41213e-009
1.47649e-009
1.54372e-009
1.61395e-009
1.68732e-009
1.76394e-009
1.84398e-009
1.92758e-009
2.01488e-009
2.10606e-009
2.20128e-009
2.30072e-009
2.40456e-009
2.51299e-009
2.6262e-009
2.74441e-009
2.86783e-009
2.99668e-009
3.13121e-009
3.27164e-009
3.41824e-009
3.57128e-009
3.73102e-009
3.89775e-009
4.07179e-009
4.25342e-009
4.44299e-009
4.64083e-009
4.84729e-009
5.06274e-009
5.28756e-009
5.52216e-009
5.76694e-009
6.02233e-009
6.2888e-009
6.5668e-009
6.85683e-009
7.15939e-009
7.47501e-009
7.80425e-009
8.14768e-009
8.50588e-009
8.8795e-009
9.26917e-009
9.67556e-009
1.00994e-008
1.05414e-008
1.10023e-008
1.14829e-008
1.1984e-008
1.25066e-008
1.30514e-008
1.36194e-008
1.42116e-008
1.4829e-008
1.54725e-008
1.61435e-008
1.68428e-008
1.75718e-008
1.83316e-008
1.91235e-008
1.99489e-008
2.08091e-008
2.17055e-008
2.26397e-008
2.36132e-008
2.46276e-008
2.56845e-008
2.67859e-008
2.79333e-008
2.91288e-008
3.03743e-008
3.16718e-008
3.30235e-008
3.44315e-008
3.58982e-008
3.74259e-008
3.90171e-008
4.06744e-008
4.24005e-008
4.41981e-008
4.60702e-008
4.80196e-008
5.00497e-008
5.21636e-008
5.43646e-008
5.66563e-008
5.90424e-008
6.15266e-008
6.41128e-008
6.68052e-008
6.9608e-008
7.25255e-008
7.55624e-008
7.87235e-008
8.20136e-008
8.54379e-008
8.90018e-008
9.27108e-008
9.65706e-008
1.00587e-007
1.04767e-007
1.09116e-007
1.13641e-007
1.1835e-007
1.23248e-007
1.28345e-007
1.33647e-007
1.39163e-007
1.44901e-007
1.50869e-007
1.57078e-007
1.63535e-007
1.70252e-007
1.77237e-007
1.84502e-007
1.92058e-007
1.99915e-007
2.08085e-007
2.16582e-007
2.25416e-007
2.34601e-007
2.44152e-007
2.54082e-007
2.64405e-007
2.75137e-007
2.86293e-007
2.97891e-007
3.09946e-007
3.22477e-007
3.35501e-007
3.49038e-007
3.63107e-007
3.77729e-007
3.92924e-007
4.08715e-007
4.25124e-007
4.42175e-007
4.59892e-007
4.783e-007
4.97427e-007
5.17297e-007
5.37941e-007
5.59388e-007
5.81667e-007
6.0481e-007
6.28849e-007
6.53819e-007
6.79754e-007
7.0669e-007
7.34666e-007
7.63719e-007
7.93891e-007
8.25223e-007
8.57759e-007
8.91543e-007
9.26622e-007
9.63044e-007
1.00086e-006
1.04012e-006
1.08088e-006
1.12319e-006
1.16711e-006
1.21271e-006
1.26003e-006
1.30916e-006
1.36014e-006
1.41306e-006
1.46798e-006
1.52497e-006
1.58412e-006
1.6455e-006
1.70919e-006
1.77527e-006
1.84384e-006
1.91499e-006
1.9888e-006
2.06538e-006
2.14483e-006
2.22724e-006
2.31274e-006
2.40142e-006
2.49341e-006
2.58882e-006
2.68777e-006
2.7904e-006
2.89684e-006
3.00723e-006
3.1217e-006
3.2404e-006
3.36349e-006
3.49111e-006
3.62344e-006
3.76064e-006
3.90289e-006
4.05036e-006
4.20324e-006
4.36172e-006
4.526e-006
4.69629e-006
4.8728e-006
5.05575e-006
5.24537e-006
5.44188e-006
5.64554e-006
5.8566e-006
6.07531e-006
6.30195e-006
6.53679e-006
6.78012e-006
7.03224e-006
7.29345e-006
7.56408e-006
7.84444e-006
8.13488e-006
8.43574e-006
8.7474e-006
9.07022e-006
9.4046e-006
9.75092e-006
1.01096e-005
1.04811e-005
1.08658e-005
1.12642e-005
1.16767e-005
1.21039e-005
1.25463e-005
1.30043e-005
1.34785e-005
1.39695e-005
1.44777e-005
1.50039e-005
1.55487e-005
1.61125e-005
1.66962e-005
1.73004e-005
1.79257e-005
1.85729e-005
1.92428e-005
1.9936e-005
2.06534e-005
2.13959e-005
2.21641e-005
2.2959e-005
2.37816e-005
2.46326e-005
2.55132e-005
2.64241e-005
2.73666e-005
2.83416e-005
2.93501e-005
3.03934e-005
3.14726e-005
3.25888e-005
3.37434e-005
3.49374e-005
3.61724e-005
3.74495e-005
3.87703e-005
4.0136e-005
4.15483e-005
4.30086e-005
4.45186e-005
4.60797e-005
4.76938e-005
4.93625e-005
5.10876e-005
5.2871e-005
5.47145e-005
5.66201e-005
5.85899e-005
6.06258e-005
6.273e-005
6.49048e-005
6.71524e-005
6.94751e-005
7.18754e-005
7.43558e-005
7.69188e-005
7.9567e-005
8.23033e-005
8.51304e-005
8.80512e-005
9.10687e-005
9.4186e-005
9.74062e-005
0.000100733
0.000104169
0.000107718
0.000111384
0.00011517
0.00011908
0.000123118
0.000127288
0.000131594
0.000136041
0.000140633
0.000145374
0.000150269
0.000155323
0.00016054
0.000165927
0.000171487
0.000177227
0.000183153
0.000189269
0.000195581
0.000202097
0.000208821
0.000215761
0.000222923
0.000230314
0.000237941
0.00024581
0.000253931
0.000262309
0.000270953
0.000279872
0.000289073
0.000298565
0.000308356
0.000318457
0.000328875
0.000339622
0.000350706
0.000362138
0.000373928
0.000386087
0.000398626
0.000411556
0.000424889
0.000438638
0.000452814
0.00046743
0.000482499
0.000498035
0.000514051
0.000530562
0.000547582
0.000565126
0.00058321
0.000601849
0.00062106
0.00064086
0.000661265
0.000682294
0.000703964
0.000726294
0.000749304
0.000773014
0.000797442
0.000822611
0.000848542
0.000875256
0.000902776
0.000931126
0.000960329
0.00099041
0.00102139
0.00105331
0.00108617
0.00112002
0.00115488
0.00119078
0.00122775
0.00126582
0.00130502
0.00134537
0.00138693
0.00142971
0.00147375
0.0015191
0.00156578
0.00161383
0.00166329
0.0017142
0.0017666
0.00182053
0.00187603
0.00193316
0.00199194
0.00205244
0.00211469
0.00217874
0.00224465
0.00231246
0.00238223
0.00245401
0.00252786
0.00260382
0.00268197
0.00276236
0.00284504
0.00293009
0.00301756
0.00310753
0.00320005
0.0032952
0.00339305
0.00349367
0.00359714
0.00370352
0.00381291
0.00392538
0.004041
0.00415988
0.00428208
0.00440771
0.00453684
0.00466958
0.00480602
0.00494625
0.00509038
0.00523851
0.00539074
0.00554717
0.00570793
0.00587312
0.00604286
0.00621727
0.00639646
0.00658056
0.0067697
0.00696401
0.00716362
0.00736867
0.00757929
0.00779563
0.00801784
0.00824607
0.00848047
0.00872119
0.0089684
0.00922226
0.00948294
0.00975061
0.0100255
0.0103076
0.0105974
0.0108948
0.0112002
0.0115137
0.0118355
0.0121658
0.0125049
0.0128529
0.0132101
0.0135767
0.0139529
0.014339
0.0147352
0.0151418
0.015559
0.0159871
0.0164263
0.016877
0.0173393
0.0178136
0.0183002
0.0187994
0.0193114
0.0198366
0.0203753
0.0209278
0.0214945
0.0220757
0.0226717
0.0232829
0.0239097
0.0245524
0.0252114
0.025887
0.0265798
0.0272901
0.0280182
0.0287647
0.0295299
0.0303143
0.0311184
0.0319425
0.0327872
0.033653
0.0345403
0.0354496
0.0363814
0.0373363
0.0383148
0.0393174
0.0403446
0.0413972
0.0424755
0.0435803
0.0447121
0.0458715
0.0470591
0.0482756
0.0495217
0.050798
0.0521051
0.0534439
0.0548149
0.0562189
0.0576567
0.0591289
0.0606364
0.06218
0.0637604
0.0653784
0.0670349
0.0687307
0.0704667
0.0722438
0.0740628
0.0759247
0.0778304
0.0797809
0.0817771
0.08382
0.0859106
0.08805
0.0902392
0.0924792
0.0947712
0.0971163
0.0995155
0.10197
0.104481
0.10705
0.109678
0.112366
0.115115
0.117927
0.120803
0.123745
0.126753
0.129829
0.132975
0.136192
0.139481
0.142844
0.146283
0.149799
0.153393
0.157068
0.160824
0.164664
0.168589
0.1726
0.176701
0.180892
0.185175
0.189552
0.194026
0.198597
0.203268
0.208041
0.212918
0.2179
0.222991
0.228192
0.233505
0.238933
0.244477
0.250141
0.255925
0.261834
0.267868
0.274031
0.280325
0.286753
0.293316
0.300018
0.306862
0.313849
0.320984
0.328267
0.335704
0.343295
0.351044
0.358955
0.36703
0.375272
0.383684
0.392269
0.401031
0.409974
0.419099
0.428411
0.437913
0.447609
0.457501
0.467594
0.477892
0.488397
0.499114
0.510046
0.521198
0.532573
0.544176
0.55601
0.568079
0.580388
0.59294
0.605741
0.618795
0.632105
0.645677
0.659514
0.673622
0.688006
0.702669
0.717618
0.732856
0.748389
0.764221
0.780359
0.796806
0.813569
0.830652
0.848062
0.865803
0.883881
0.902301
0.92107
0.940194
0.959677
0.979526
0.999747
1.02035
1.04133
1.0627
1.08448
1.10665
1.12923
1.15224
1.17566
1.19951
1.2238
1.24854
1.27372
1.29937
1.32548
1.35206
1.37912
1.40667
1.43471
1.46325
1.49231
1.52189
1.55199
1.58262
1.6138
1.64553
1.67781
1.71067
1.7441
1.77812
1.81273
1.84794
1.88376
1.92021
1.95728
1.99499
2.03335
2.07237
2.11205
2.15242
2.19347
2.23521
2.27766
2.32083
2.36473
2.40936
2.45475
2.50089
2.54779
2.59548
2.64396
2.69324
2.74334
2.79426
2.84601
2.89861
2.95207
3.0064
3.06161
3.11771
3.17472
3.23265
3.2915
3.3513
3.41206
3.47378
3.53648
3.60018
3.66488
3.7306
3.79735
3.86515
3.93401
4.00394
4.07495
4.14707
4.2203
4.29465
4.37015
4.4468
4.52462
4.60363
4.68384
4.76526
4.84791
4.9318
5.01695
5.10337
5.19109
5.2801
5.37044
5.46211
5.55513
5.64952
5.74529
5.84245
5.94104
6.04105
6.14251
6.24543
6.34983
6.45573
6.56315
6.67209
6.78258
6.89463
7.00826
7.1235
7.24034
7.35882
7.47895
7.60075
7.72424
7.84943
7.97634
8.10499
8.23539
8.36758
8.50155
8.63734
8.77496
8.91443
9.05576
9.19898
9.34411
9.49116
9.64015
9.79111
9.94404
10.099
10.2559
10.4149
10.576
10.7391
10.9043
11.0716
11.2411
11.4127
11.5865
11.7625
11.9407
12.1212
12.3038
12.4888
12.676
12.8656
13.0575
13.2517
13.4484
13.6474
13.8488
14.0526
14.2589
14.4677
14.679
14.8927
15.109
15.3279
15.5493
15.7733
15.9999
16.2292
16.4611
16.6957
16.9329
17.1729
17.4156
17.6611
17.9093
18.1603
18.4141
18.6708
18.9303
19.1926
19.4579
19.726
19.9971
20.2711
20.5481
20.8281
21.111
21.397
21.686
21.9781
22.2733
22.5715
22.8729
23.1774
23.485
23.7958
24.1098
24.427
24.7474
25.071
25.3979
25.7281
26.0615
26.3983
26.7384
27.0818
27.4286
27.7787
28.1322
28.4891
28.8495
29.2133
29.5805
29.9512
30.3253
30.703
31.0841
31.4688
31.857
32.2487
32.644
33.0429
33.4454
33.8514
34.2611
34.6744
35.0913
35.5119
35.9361
36.364
36.7955
37.2308
37.6697
38.1124
38.5587
39.0088
39.4626
39.9202
40.3815
40.8466
41.3154
41.788
42.2644
42.7445
43.2285
43.7162
44.2078
44.7031
45.2022
45.7052
46.212
46.7226
47.237
47.7552
48.2773
48.8032
49.3329
49.8664
50.4038
50.945
51.49
52.0388
52.5915
53.148
53.7083
54.2724
54.8404
55.4121
55.9876
56.567
57.1501
57.737
58.3277
58.9222
59.5204
60.1224
60.7281
61.3376
61.9508
62.5677
63.1883
63.8126
64.4406
65.0723
65.7076
66.3466
66.9892
67.6354
68.2853
68.9387
69.5956
70.2562
70.9202
71.5878
72.2589
72.9335
73.6115
74.293
74.9778
75.6661
76.3578
77.0528
77.7511
78.4527
79.1576
79.8658
80.5772
81.2918
82.0096
82.7305
83.4545
84.1817
84.9119
85.6451
86.3813
87.1205
87.8626
88.6077
89.3556
90.1064
90.8599
91.6162
92.3753
93.1371
93.9015
94.6685
95.4382
96.2104
96.9851
97.7622
98.5418
99.3238
100.108
100.895
101.684
102.475
103.268
104.063
104.861
105.66
106.462
107.265
108.071
108.878
109.687
110.498
111.31
112.124
112.94
113.757
114.576
115.396
116.218
117.041
117.865
118.69
119.517
120.345
121.174
122.003
122.834
123.666
124.498
125.331
126.165
127
127.835
128.671
129.507
130.344
131.181
132.018
132.855
133.693
134.531
135.368
136.206
137.044
137.881
138.718
139.555
140.392
141.228
142.064
142.899
143.733
144.567
145.4
146.232
147.063
147.893
148.723
149.551
150.377
151.203
152.027
152.85
153.672
154.492
155.31
156.126
156.941
157.754
158.565
159.375
160.182
160.987
161.789
162.59
163.388
164.184
164.977
165.768
166.556
167.341
168.124
168.904
169.68
170.454
171.225
171.992
172.757
173.518
174.276
175.03
175.781
176.528
177.271
178.011
178.747
179.479
180.208
180.932
181.652
182.368
183.079
183.787
184.49
185.188
185.882
186.571
187.256
187.936
188.611
189.282
189.947
190.607
191.263
191.913
192.558
193.197
193.832
194.461
195.084
195.702
196.314
196.921
197.522
198.117
198.706
199.289
199.866
200.438
201.003
201.561
202.114
202.66
203.2
203.734
204.261
204.782
205.296
205.803
206.304
206.798
207.285
207.765
208.238
208.705
209.164
209.616
210.061
210.499
210.93
211.353
211.77
212.178
212.58
212.974
213.36
213.739
214.11
214.474
214.83
215.178
215.519
215.852
216.177
216.494
216.803
217.104
217.398
217.683
217.96
218.23
218.491
218.744
218.989
219.225
219.454
219.674
219.886
220.09
220.285
220.472
220.651
220.822
220.984
221.137
221.282
221.419
221.547
221.667
221.779
221.881
221.976
222.061
222.139
222.207
222.268
222.319
222.362
222.397
222.423
222.44
222.449
222.449
222.441
222.424
222.398
222.364
222.321
222.27
222.21
222.142
222.065
221.98
221.886
221.783
221.672
221.553
221.425
221.289
221.144
220.991
220.829
220.659
220.481
220.294
220.099
219.896
219.684
219.464
219.236
219
218.755
218.502
218.242
217.973
217.696
217.411
217.118
216.817
216.508
216.191
215.867
215.534
215.194
214.846
214.49
214.127
213.756
213.377
212.991
212.598
212.197
211.788
211.372
210.949
210.519
210.081
209.636
209.185
208.726
208.26
207.787
207.307
206.82
206.326
205.826
205.319
204.805
204.285
203.758
203.225
202.685
202.139
201.587
201.028
200.463
199.892
199.315
198.732
198.144
197.549
196.948
196.342
195.73
195.112
194.489
193.86
193.226
192.587
191.942
191.292
190.637
189.977
189.312
188.642
187.967
187.287
186.603
185.913
185.22
184.521
183.819
183.111
182.4
181.684
180.964
180.24
179.512
178.781
178.045
177.305
176.562
175.815
175.064
174.31
173.552
172.791
172.027
171.26
170.489
169.715
168.939
168.159
167.377
166.591
165.804
165.013
164.22
163.424
162.626
161.826
161.023
160.218
159.411
158.602
157.791
156.978
156.163
155.347
154.529
153.709
152.888
152.065
151.241
150.415
149.588
148.76
147.931
147.101
146.27
145.438
144.605
143.771
142.937
142.102
141.266
140.43
139.593
138.756
137.919
137.082
136.244
135.406
134.569
133.731
132.893
132.056
131.219
130.382
129.545
128.709
127.873
127.038
126.203
125.369
124.536
123.703
122.872
122.041
121.211
120.382
119.555
118.728
117.902
117.078
116.255
115.433
114.613
113.794
112.977
112.161
111.347
110.535
109.724
108.915
108.107
107.302
106.498
105.697
104.897
104.1
103.304
102.511
101.719
100.93
100.144
99.3593
98.5772
97.7975
97.0202
96.2454
95.4731
94.7034
93.9362
93.1717
92.4098
91.6506
90.8942
90.1405
89.3896
88.6415
87.8964
87.1541
86.4148
85.6784
84.945
84.2147
83.4874
82.7633
82.0422
81.3243
80.6095
79.898
79.1897
78.4846
77.7828
77.0843
76.3892
75.6974
75.009
74.3239
73.6423
72.9641
72.2894
71.6182
70.9504
70.2862
69.6255
68.9684
68.3148
67.6648
67.0184
66.3757
65.7365
65.101
64.4692
63.841
63.2165
62.5957
61.9787
61.3653
60.7557
60.1498
59.5476
58.9492
58.3546
57.7637
57.1766
56.5933
56.0138
55.4381
54.8662
54.2981
53.7338
53.1733
52.6167
52.0638
51.5148
50.9696
50.4283
49.8907
49.357
48.8271
48.3011
47.7788
47.2604
46.7458
46.2351
45.7281
45.225
44.7256
44.2301
43.7384
43.2505
42.7664
42.2861
41.8095
41.3367
40.8677
40.4025
39.941
39.4833
39.0293
38.5791
38.1325
37.6897
37.2506
36.8152
36.3835
35.9554
35.531
35.1103
34.6932
34.2797
33.8699
33.4637
33.0611
32.662
32.2666
31.8747
31.4863
31.1015
30.7202
30.3424
29.968
29.5972
29.2298
28.8659
28.5054
28.1483
27.7947
27.4444
27.0974
26.7539
26.4136
26.0767
25.7431
25.4128
25.0858
24.762
24.4414
24.1241
23.81
23.499
23.1912
22.8866
22.5851
22.2867
21.9914
21.6992
21.4101
21.1239
20.8408
20.5607
20.2836
20.0095
19.7383
19.47
19.2046
18.9421
18.6825
18.4257
18.1718
17.9206
17.6723
17.4267
17.1839
16.9438
16.7064
16.4717
16.2397
16.0103
15.7835
15.5594
15.3379
15.1189
14.9025
14.6886
14.4772
14.2683
14.0619
13.858
13.6564
13.4573
13.2606
13.0663
12.8743
12.6846
12.4972
12.3122
12.1294
11.9489
11.7705
11.5945
11.4206
11.2488
11.0793
10.9118
10.7465
10.5833
10.4222
10.2631
10.106
9.95102
9.798
9.64696
9.49787
9.35074
9.20552
9.06222
8.9208
8.78124
8.64354
8.50767
8.37361
8.24135
8.11086
7.98213
7.85514
7.72988
7.60632
7.48444
7.36424
7.24568
7.12876
7.01345
6.89975
6.78762
6.67707
6.56805
6.46057
6.3546
6.25013
6.14714
6.04562
5.94554
5.84689
5.74966
5.65383
5.55938
5.4663
5.37457
5.28417
5.19509
5.10732
5.02084
4.93563
4.85168
4.76898
4.6875
4.60724
4.52818
4.45031
4.3736
4.29805
4.22364
4.15036
4.0782
4.00713
3.93716
3.86825
3.80041
3.73361
3.66784
3.60309
3.53935
3.4766
3.41484
3.35404
3.2942
3.2353
3.17733
3.12028
3.06413
3.00888
2.95451
2.90101
2.84838
2.79658
2.74563
2.6955
2.64618
2.59766
2.54994
2.503
2.45682
2.41141
2.36674
2.32281
2.27961
2.23712
2.19534
2.15426
2.11387
2.07415
2.03511
1.99672
1.95897
1.92187
1.8854
1.84955
1.81431
1.77967
1.74563
1.71217
1.67929
1.64698
1.61523
1.58402
1.55336
1.52324
1.49364
1.46456
1.43599
1.40793
1.38036
1.35327
1.32667
1.30054
1.27488
1.24967
1.22492
1.20061
1.17673
1.15329
1.13027
1.10767
1.08547
1.06368
1.04229
1.02129
1.00067
0.980435
0.960569
0.941069
0.92193
0.903145
0.884709
0.866615
0.848859
0.831435
0.814337
0.797559
0.781098
0.764946
0.7491
0.733554
0.718302
0.703341
0.688665
0.674269
0.660148
0.646298
0.632715
0.619393
0.606328
0.593516
0.580952
0.568632
0.556552
0.544708
0.533095
0.521709
0.510547
0.499605
0.488878
0.478363
0.468057
0.457954
0.448053
0.438348
0.428838
0.419517
0.410383
0.401433
0.392663
0.384069
0.375649
0.3674
0.359318
0.3514
0.343643
0.336044
0.328601
0.321311
0.31417
0.307176
0.300326
0.293617
0.287047
0.280614
0.274314
0.268145
0.262105
0.256191
0.2504
0.244731
0.239182
0.233749
0.22843
0.223225
0.218129
0.213141
0.20826
0.203482
0.198807
0.194231
0.189753
0.185372
0.181084
0.176889
0.172784
0.168769
0.16484
0.160996
0.157236
0.153558
0.14996
0.146441
0.142999
0.139632
0.13634
0.133119
0.12997
0.126891
0.12388
0.120935
0.118056
0.115241
0.112489
0.109798
0.107168
0.104596
0.102083
0.0996256
0.0972239
0.0948764
0.092582
0.0903396
0.0881482
0.0860066
0.0839137
0.0818687
0.0798704
0.0779179
0.0760102
0.0741463
0.0723254
0.0705464
0.0688086
0.0671109
0.0654527
0.0638329
0.0622508
0.0607056
0.0591965
0.0577227
0.0562834
0.0548778
0.0535053
0.0521652
0.0508566
0.0495789
0.0483315
0.0471136
0.0459247
0.044764
0.043631
0.0425251
0.0414455
0.0403918
0.0393634
0.0383597
0.0373801
0.0364242
0.0354913
0.034581
0.0336927
0.032826
0.0319804
0.0311553
0.0303504
0.0295651
0.028799
0.0280517
0.0273227
0.0266116
0.0259181
0.0252416
0.0245819
0.0239385
0.023311
0.0226991
0.0221024
0.0215206
0.0209532
0.0204001
0.0198607
0.0193349
0.0188223
0.0183226
0.0178354
0.0173606
0.0168977
0.0164465
0.0160068
0.0155782
0.0151605
0.0147534
0.0143567
0.0139702
0.0135935
0.0132265
0.0128689
0.0125204
0.012181
0.0118503
0.0115281
0.0112142
0.0109085
0.0106107
0.0103206
0.0100381
0.00976292
0.00949492
0.00923393
0.00897976
0.00873226
0.00849124
0.00825656
0.00802806
0.00780558
0.00758898
0.0073781
0.0071728
0.00697295
0.0067784
0.00658903
0.0064047
0.00622529
0.00605067
0.00588072
0.00571533
0.00555437
0.00539774
0.00524532
0.00509701
0.0049527
0.00481229
0.00467569
0.00454278
0.00441349
0.0042877
0.00416535
0.00404632
0.00393055
0.00381794
0.00370842
0.0036019
0.0034983
0.00339755
0.00329958
0.00320431
0.00311167
0.00302159
0.002934
0.00284885
0.00276606
0.00268557
0.00260732
0.00253126
0.00245732
0.00238544
0.00231558
0.00224768
0.00218169
0.00211755
0.00205522
0.00199465
0.00193579
0.00187859
0.00182301
0.00176901
0.00171654
0.00166556
0.00161604
0.00156792
0.00152119
0.00147578
0.00143168
0.00138884
0.00134723
0.00130682
0.00126757
0.00122945
0.00119244
0.00115649
0.00112158
0.00108769
0.00105478
0.00102282
0.000991796
0.000961674
0.000932432
0.000904044
0.000876486
0.000849736
0.00082377
0.000798567
0.000774106
0.000750364
0.000727323
0.000704962
0.000683262
0.000662205
0.000641772
0.000621945
0.000602708
0.000584043
0.000565934
0.000548366
0.000531322
0.000514789
0.000498751
0.000483193
0.000468103
0.000453467
0.000439271
0.000425504
0.000412152
0.000399203
0.000386647
0.000374471
0.000362664
0.000351217
0.000340117
0.000329356
0.000318922
0.000308808
0.000299002
0.000289497
0.000280283
0.000271352
0.000262695
0.000254305
0.000246173
0.000238292
0.000230655
0.000223253
0.000216081
0.000209131
0.000202397
0.000195872
0.000189551
0.000183426
0.000177492
0.000171744
0.000166175
0.000160781
0.000155556
0.000150494
0.000145592
0.000140844
0.000136246
0.000131793
0.00012748
0.000123304
0.00011926
0.000115344
0.000111553
0.000107881
0.000104327
0.000100886
9.75547e-005
9.43298e-005
9.12079e-005
8.81859e-005
8.52608e-005
8.24295e-005
7.96892e-005
7.7037e-005
7.44702e-005
7.19861e-005
6.95823e-005
6.72561e-005
6.50051e-005
6.28271e-005
6.07197e-005
5.86807e-005
5.67081e-005
5.47996e-005
5.29533e-005
5.11672e-005
4.94395e-005
4.77683e-005
4.61518e-005
4.45883e-005
4.3076e-005
4.16135e-005
4.01991e-005
3.88312e-005
3.75085e-005
3.62294e-005
3.49926e-005
3.37967e-005
3.26404e-005
3.15224e-005
3.04416e-005
2.93967e-005
2.83866e-005
2.74101e-005
2.64662e-005
2.55538e-005
2.46719e-005
2.38195e-005
2.29957e-005
2.21996e-005
2.14301e-005
2.06866e-005
1.9968e-005
1.92737e-005
1.86028e-005
1.79546e-005
1.73283e-005
1.67232e-005
1.61386e-005
1.55738e-005
1.50282e-005
1.45012e-005
1.39921e-005
1.35004e-005
1.30254e-005
1.25667e-005
