0
0
0
0
0
0
0
0
0
0
0
0
0
0
0
0
0
0
0
0
0
0
0
0
0
0
0
0
0
0
0
0
0
0
0
0
0
0
0
0
0
0
0
0
0
0
0
0
0
0
0
0
0
0
0
0
0
0
0
0
0
0
0
0
0
0
0
0
0
0
0
0
0
0
0
0
0
0
0
0
0
0
0
0
0
0
0
0
0
0
0
0
0
0
0
0
0
0
0
0
0
0
0
0
0
0
0
0
0
0
0
0
0
0
0
0
0
0
0
0
0
0
0
0
0
0
0
0
0
0
0
0
0
0
0
0
0
0
0
0
0
0
0
0
0
0
0
0
0
0
0
0
0
0
0
0
0
0
0
0
0
0
0
0
0
0
0
0
0
0
0
0
0
0
0
0
0
0
0
0
0
0
0
0
0
0
0
0
0
0
0
0
0
0
0
0
0
0
0
0
0
0
0
0
0
0
0
0
0
0
0
0
0
0
0
0
0
0
0
0
0
0
0
0
0
0
0
0
0
0
0
0
0
0
0
0
0
0
0
0
0
0
0
0
0
0
0
0
0
0
0
0
0
0
0
0
0
0
0
0
0
0
0
0
0
0
0
0
0
0
0
0
0
0
0
0
0
0
0
0
0
0
0
0
0
0
0
0
0
0
0
0
0
0
0
0
0
0
0
0
0
0
0
0
0
0
0
0
0
0
0
0
0
0
0
0
0
0
0
0
0
0
0
0
0
0
0
0
0
0
0
0
0
0
0
0
0
0
0
0
0
0
0
0
0
0
0
0
0
0
0
0
0
0
0
0
0
0
0
0
0
0
0
0
0
0
0
0
0
0
0
0
0
0
0
0
0
0
0
0
0
0
0
0
0
0
0
0
0
0
0
0
0
0
0
0
0
0
0
0
0
0
0
0
0
0
0
0
0
0
0
0
0
0
0
0
0
0
0
0
0
0
0
0
0
0
0
0
0
0
0
0
0
0
0
0
0
0
0
0
0
0
0
0
0
0
0
0
0
0
0
0
0
0
0
0
0
0
0
0
0
0
0
0
0
0
0
0
0
0
0
0
0
0
0
0
0
0
0
0
0
0
0
0
0
0
0
0
0
0
0
0
0
0
0
0
0
0
0
0
0
0
0
0
0
0
0
0
0
0
0
0
0
0
0
0
0
0
0
0
0
0
0
0
0
0
0
0
0
0
0
0
0
0
0
0
0
0
0
0
0
0
0
0
0
0
0
0
0
0
0
0
0
0
0
0
0
0
0
0
0
0
0
0
0
0
0
0
0
0
0
0
0
0
0
0
0
0
0
0
0
0
0
0
0
0
0
0
0
0
0
0
0
0
0
0
0
0
0
0
0
0
0
0
0
0
0
0
0
0
0
0
0
0
0
0
0
0
0
0
0
0
0
0
0
0
0
0
0
0
0
0
0
0
0
0
0
0
0
0
0
0
0
0
0
0
0
0
0
0
0
0
0
0
0
0
0
0
0
0
0
0
0
0
0
0
0
0
0
0
0
0
0
0
0
0
0
0
0
0
0
0
0
0
0
0
0
0
0
0
0
0
0
0
0
0
0
0
0
0
0
0
0
0
0
0
0
0
0
0
0
0
0
0
0
0
0
0
0
0
0
0
0
0
0
0
0
0
0
0
0
0
0
0
0
0
0
0
0
0
0
0
0
0
0
0
0
0
0
0
0
0
0
0
0
0
0
0
0
0
0
0
0
0
1.28951e-321
1.28951e-321
1.28951e-321
1.28951e-321
2.57902e-321
2.57902e-321
3.86359e-321
5.1531e-321
6.44262e-321
7.73213e-321
1.03062e-320
1.28852e-320
1.80383e-320
2.31964e-320
2.9639e-320
3.86557e-320
5.02564e-320
6.44311e-320
8.50435e-320
1.09529e-319
1.43032e-319
1.85556e-319
2.4225e-319
3.14413e-319
4.08479e-319
5.32183e-319
6.91964e-319
8.99427e-319
1.17003e-318
1.52181e-318
1.97796e-318
2.572e-318
3.34385e-318
4.34636e-318
5.6504e-318
7.34617e-318
9.54834e-318
1.24116e-317
1.61317e-317
2.09664e-317
2.72482e-317
3.54113e-317
4.60176e-317
5.97976e-317
7.76998e-317
1.00957e-316
1.31169e-316
1.70415e-316
2.21394e-316
2.8761e-316
3.73611e-316
4.85306e-316
6.30363e-316
8.1874e-316
1.06336e-315
1.381e-315
1.79345e-315
2.32897e-315
3.02424e-315
3.9269e-315
5.09875e-315
6.61997e-315
8.59466e-315
1.11579e-314
1.44848e-314
1.88029e-314
2.4407e-314
3.16801e-314
4.11184e-314
5.33663e-314
6.92591e-314
8.98807e-314
1.16637e-313
1.51351e-313
1.96388e-313
2.54814e-313
3.30606e-313
4.28922e-313
5.5645e-313
7.21861e-313
9.36398e-313
1.21464e-312
1.57548e-312
2.04343e-312
2.65024e-312
3.43709e-312
4.45734e-312
5.78017e-312
7.49523e-312
9.71873e-312
1.26012e-311
1.63379e-311
2.11817e-311
2.74602e-311
3.5598e-311
4.61454e-311
5.98151e-311
7.75305e-311
1.00488e-310
1.30237e-310
1.68786e-310
2.18734e-310
2.8345e-310
3.67297e-310
4.75923e-310
6.16646e-310
7.98942e-310
1.03508e-309
1.34095e-309
1.73712e-309
2.25024e-309
2.91478e-309
3.7754e-309
4.88991e-309
6.33311e-309
8.20188e-309
1.06216e-308
1.37545e-308
1.78107e-308
2.30619e-308
2.98601e-308
3.86603e-308
5.00518e-308
6.47968e-308
8.38817e-308
1.08583e-307
1.40551e-307
1.81922e-307
2.35461e-307
3.04741e-307
3.94387e-307
5.10381e-307
6.60458e-307
8.54627e-307
1.10583e-306
1.43079e-306
1.85117e-306
2.39495e-306
3.09832e-306
4.00807e-306
5.18471e-306
6.70645e-306
8.67443e-306
1.12194e-305
1.45103e-305
1.87657e-305
2.42678e-305
3.13818e-305
4.05792e-305
5.24699e-305
6.78415e-305
8.77124e-305
1.13398e-304
1.46599e-304
1.89512e-304
2.44974e-304
3.16653e-304
4.09287e-304
5.28994e-304
6.83682e-304
8.83561e-304
1.14182e-303
1.47551e-303
1.90662e-303
2.46357e-303
3.18307e-303
4.11251e-303
5.31309e-303
6.86385e-303
8.86682e-303
1.14537e-302
1.47947e-302
1.91093e-302
2.46811e-302
3.1876e-302
4.11663e-302
5.31618e-302
6.86494e-302
8.8645e-302
1.14459e-301
1.47784e-301
1.90803e-301
2.46332e-301
3.18007e-301
4.10517e-301
5.29916e-301
6.84009e-301
8.82869e-301
1.13949e-300
1.47063e-300
1.89792e-300
2.44924e-300
3.16056e-300
4.07828e-300
5.26223e-300
6.78956e-300
8.75979e-300
1.13012e-299
1.45793e-299
1.88073e-299
2.42604e-299
3.12931e-299
4.03625e-299
5.20581e-299
6.71394e-299
8.65858e-299
1.11659e-298
1.43987e-298
1.85666e-298
2.39398e-298
3.08665e-298
3.97956e-298
5.13052e-298
6.61406e-298
8.52619e-298
1.09906e-297
1.41666e-297
1.82596e-297
2.35341e-297
3.03307e-297
3.90883e-297
5.03722e-297
6.49105e-297
8.36409e-297
1.07771e-296
1.38856e-296
1.78899e-296
2.30478e-296
2.96915e-296
3.82485e-296
4.92692e-296
6.34625e-296
8.17406e-296
1.05278e-295
1.35587e-295
1.74614e-295
2.24863e-295
2.8956e-295
3.72853e-295
4.80083e-295
6.18122e-295
7.95816e-295
1.02454e-294
1.31895e-294
1.69787e-294
2.18556e-294
2.81319e-294
3.62089e-294
4.66028e-294
5.99774e-294
7.71868e-294
9.93295e-294
1.27818e-293
1.6447e-293
2.11622e-293
2.7228e-293
3.50307e-293
4.50674e-293
5.7977e-293
7.45811e-293
9.59359e-293
1.23399e-292
1.58718e-292
2.04135e-292
2.62535e-292
3.37628e-292
4.3418e-292
5.58315e-292
7.1791e-292
9.2308e-292
1.18683e-291
1.52587e-291
1.96167e-291
2.52183e-291
3.24178e-291
4.16708e-291
5.35623e-291
6.8844e-291
8.84817e-291
1.13716e-290
1.46139e-290
1.87799e-290
2.41323e-290
3.10087e-290
3.98427e-290
5.1191e-290
6.57686e-290
8.44934e-290
1.08544e-289
1.39435e-289
1.79107e-289
2.30058e-289
2.95488e-289
3.79509e-289
4.87398e-289
6.2593e-289
8.03799e-289
1.03216e-288
1.32535e-288
1.70173e-288
2.1849e-288
2.80512e-288
3.60123e-288
4.62306e-288
5.93457e-288
7.61777e-288
9.77792e-288
1.255e-287
1.61073e-287
2.06719e-287
2.65288e-287
3.40435e-287
4.36849e-287
5.60541e-287
7.19223e-287
9.22782e-287
1.1839e-286
1.51883e-286
1.94843e-286
2.49942e-286
3.20608e-286
4.11233e-286
5.2745e-286
6.7648e-286
8.67577e-286
1.1126e-285
1.42677e-285
1.82955e-285
2.34594e-285
3.00794e-285
3.85656e-285
4.94437e-285
6.33872e-285
8.12591e-285
1.04165e-284
1.33522e-284
1.71144e-284
2.19356e-284
2.81138e-284
3.60303e-284
4.61738e-284
5.91703e-284
7.58213e-284
9.71535e-284
1.24482e-283
1.5949e-283
2.04333e-283
2.61773e-283
3.35344e-283
4.29572e-283
5.50251e-283
7.048e-283
9.02715e-283
1.15615e-282
1.48067e-282
1.89619e-282
2.42821e-282
3.10935e-282
3.98136e-282
5.0977e-282
6.52674e-282
8.356e-282
1.06974e-281
1.36943e-281
1.753e-281
2.2439e-281
2.87212e-281
3.67606e-281
4.70482e-281
6.02119e-281
7.70551e-281
9.86053e-281
1.26177e-280
1.6145e-280
2.06574e-280
2.64297e-280
3.38135e-280
4.3258e-280
5.5338e-280
7.0788e-280
9.05474e-280
1.15817e-279
1.48131e-279
1.89453e-279
2.42291e-279
3.0985e-279
3.96229e-279
5.06664e-279
6.47849e-279
8.28338e-279
1.05906e-278
1.35398e-278
1.73095e-278
2.21278e-278
2.82859e-278
3.61561e-278
4.62139e-278
5.90668e-278
7.54908e-278
9.64771e-278
1.23292e-277
1.57552e-277
2.01323e-277
2.57243e-277
3.28679e-277
4.19933e-277
5.36498e-277
6.85388e-277
8.75556e-277
1.11844e-276
1.42863e-276
1.82476e-276
2.33062e-276
2.97658e-276
3.8014e-276
4.85455e-276
6.19918e-276
7.91587e-276
1.01075e-275
1.29053e-275
1.64768e-275
2.10356e-275
2.68546e-275
3.42817e-275
4.37607e-275
5.58582e-275
7.12967e-275
9.09979e-275
1.16138e-274
1.48216e-274
1.89145e-274
2.41366e-274
3.0799e-274
3.92985e-274
5.01413e-274
6.39728e-274
8.16158e-274
1.0412e-273
1.32823e-273
1.6943e-273
2.16117e-273
2.75655e-273
3.51579e-273
4.48394e-273
5.71843e-273
7.29244e-273
9.29928e-273
1.18578e-272
1.51196e-272
1.92777e-272
2.45782e-272
3.13347e-272
3.99466e-272
5.09229e-272
6.49123e-272
8.2741e-272
1.05461e-271
1.34415e-271
1.71308e-271
2.18319e-271
2.78217e-271
3.54531e-271
4.51758e-271
5.75621e-271
7.33411e-271
9.34411e-271
1.19044e-270
1.51655e-270
1.93191e-270
2.46091e-270
3.13462e-270
3.99258e-270
5.08513e-270
6.47634e-270
8.24778e-270
1.05033e-269
1.33749e-269
1.70309e-269
2.16853e-269
2.76103e-269
3.51525e-269
4.4753e-269
5.69728e-269
7.25258e-269
9.23202e-269
1.17512e-268
1.4957e-268
1.90366e-268
2.42277e-268
3.0833e-268
3.92372e-268
4.99299e-268
6.35335e-268
8.08397e-268
1.02855e-267
1.3086e-267
1.66482e-267
2.11792e-267
2.6942e-267
3.42712e-267
4.35923e-267
5.54458e-267
7.05193e-267
8.96865e-267
1.14058e-266
1.45045e-266
1.84443e-266
2.3453e-266
2.98206e-266
3.79152e-266
4.82048e-266
6.12839e-266
7.79081e-266
9.90373e-266
1.25891e-265
1.60018e-265
2.03388e-265
2.58499e-265
3.28529e-265
4.1751e-265
5.30568e-265
6.74209e-265
8.56697e-265
1.08853e-264
1.38303e-264
1.75713e-264
2.23232e-264
2.83588e-264
3.60246e-264
4.57605e-264
5.81248e-264
7.38264e-264
9.37652e-264
1.19083e-263
1.51231e-263
1.92048e-263
2.4387e-263
3.09662e-263
3.93184e-263
4.9921e-263
6.33799e-263
8.04634e-263
1.02147e-262
1.29668e-262
1.64596e-262
2.08922e-262
2.65174e-262
3.36555e-262
4.27131e-262
5.42059e-262
6.87877e-262
8.72882e-262
1.10759e-261
1.40535e-261
1.78306e-261
2.26219e-261
2.86994e-261
3.64078e-261
4.61846e-261
5.8584e-261
7.43088e-261
9.42501e-261
1.19537e-260
1.51601e-260
1.92258e-260
2.43806e-260
3.0916e-260
3.92015e-260
4.97052e-260
6.30204e-260
7.98987e-260
1.01293e-259
1.28409e-259
1.62777e-259
2.06334e-259
2.61534e-259
3.31486e-259
4.20127e-259
5.32448e-259
6.74766e-259
8.55083e-259
1.08354e-258
1.37296e-258
1.73962e-258
2.20408e-258
2.79243e-258
3.53765e-258
4.48155e-258
5.67704e-258
7.19109e-258
9.1085e-258
1.15366e-257
1.46114e-257
1.85047e-257
2.34344e-257
2.9676e-257
3.75782e-257
4.75824e-257
6.02471e-257
7.62792e-257
9.65729e-257
1.2226e-256
1.54772e-256
1.95921e-256
2.47999e-256
3.13905e-256
3.97307e-256
5.02844e-256
6.36385e-256
8.05354e-256
1.01914e-255
1.28961e-255
1.63179e-255
2.06467e-255
2.61226e-255
3.30492e-255
4.18105e-255
5.2892e-255
6.69074e-255
8.46326e-255
1.07049e-254
1.35395e-254
1.71241e-254
2.16566e-254
2.73875e-254
3.46333e-254
4.37941e-254
5.53753e-254
7.0016e-254
8.85234e-254
1.11918e-253
1.41488e-253
1.78862e-253
2.26099e-253
2.85797e-253
3.6124e-253
4.56577e-253
5.77049e-253
7.29274e-253
9.21612e-253
1.16462e-252
1.47164e-252
1.85951e-252
2.3495e-252
2.96847e-252
3.75032e-252
4.73787e-252
5.9852e-252
7.56055e-252
9.55011e-252
1.20626e-251
1.52355e-251
1.9242e-251
2.4301e-251
3.06886e-251
3.87534e-251
4.89353e-251
6.17894e-251
7.80164e-251
9.85004e-251
1.24357e-250
1.56993e-250
1.98185e-250
2.50173e-250
3.15785e-250
3.98585e-250
5.03072e-250
6.34921e-250
8.01288e-250
1.0112e-249
1.27604e-249
1.61018e-249
2.03171e-249
2.56347e-249
3.23426e-249
4.08039e-249
5.14764e-249
6.49374e-249
8.19145e-249
1.03325e-248
1.30326e-248
1.64375e-248
2.0731e-248
2.61448e-248
3.29708e-248
4.1577e-248
5.24272e-248
6.61058e-248
8.33494e-248
1.05086e-247
1.32485e-247
1.6702e-247
2.10548e-247
2.65407e-247
3.34544e-247
4.21671e-247
5.31464e-247
6.69814e-247
8.44139e-247
1.06378e-246
1.34052e-246
1.68916e-246
2.12838e-246
2.68169e-246
3.37867e-246
4.25661e-246
5.36242e-246
6.7552e-246
8.50932e-246
1.07184e-245
1.35004e-245
1.70037e-245
2.1415e-245
2.69696e-245
3.39632e-245
4.27685e-245
5.3854e-245
6.78097e-245
8.5378e-245
1.07493e-244
1.35329e-244
1.70367e-244
2.14466e-244
2.69967e-244
3.39814e-244
4.27714e-244
5.38325e-244
6.7751e-244
8.52641e-244
1.07299e-243
1.35023e-243
1.69901e-243
2.1378e-243
2.68977e-243
3.38411e-243
4.25748e-243
5.35601e-243
6.73766e-243
8.47533e-243
1.06607e-242
1.34088e-242
1.68647e-242
2.12102e-242
2.66741e-242
3.35441e-242
4.21815e-242
5.30404e-242
6.66917e-242
8.38526e-242
1.05424e-241
1.32539e-241
1.66621e-241
2.09456e-241
2.63291e-241
3.30947e-241
4.15969e-241
5.22809e-241
6.5706e-241
8.25746e-241
1.03769e-240
1.30397e-240
1.63851e-240
2.05878e-240
2.58672e-240
3.2499e-240
4.0829e-240
5.12919e-240
6.44328e-240
8.09368e-240
1.01663e-239
1.27692e-239
1.60376e-239
2.01417e-239
2.5295e-239
3.17652e-239
3.98885e-239
5.00868e-239
6.28897e-239
7.89614e-239
9.91357e-239
1.24459e-238
1.56243e-238
1.96135e-238
2.462e-238
3.09031e-238
3.87878e-238
4.8682e-238
6.10972e-238
7.6675e-238
9.62202e-238
1.20742e-237
1.51506e-237
1.90099e-237
2.38513e-237
2.99242e-237
3.75416e-237
4.70959e-237
5.9079e-237
7.41075e-237
9.29548e-237
1.1659e-236
1.46228e-236
1.83391e-236
2.29988e-236
2.88412e-236
3.6166e-236
4.5349e-236
5.6861e-236
7.1292e-236
8.93813e-236
1.12055e-235
1.40475e-235
1.76094e-235
2.20734e-235
2.76677e-235
3.46783e-235
4.34632e-235
5.4471e-235
6.82635e-235
8.55444e-235
1.07195e-234
1.34319e-234
1.68298e-234
2.10863e-234
2.64182e-234
3.30967e-234
4.14615e-234
5.19381e-234
6.50589e-234
8.14904e-234
1.02067e-233
1.27834e-233
1.60098e-233
2.00495e-233
2.51074e-233
3.14399e-233
3.93676e-233
4.9292e-233
6.17154e-233
7.72664e-233
9.67314e-233
1.21094e-232
1.51586e-232
1.89748e-232
2.37504e-232
2.97267e-232
3.72051e-232
4.65625e-232
5.82708e-232
7.29197e-232
9.1247e-232
1.14175e-231
1.42858e-231
1.78739e-231
2.2362e-231
2.79758e-231
3.49973e-231
4.37791e-231
5.47618e-231
6.84966e-231
8.56721e-231
1.07149e-230
1.34005e-230
1.67583e-230
2.09565e-230
2.62053e-230
3.27671e-230
4.097e-230
5.12241e-230
6.40416e-230
8.00627e-230
1.00087e-229
1.25114e-229
1.56391e-229
1.95478e-229
2.44323e-229
3.05358e-229
3.81624e-229
4.76915e-229
5.95972e-229
7.44715e-229
9.30539e-229
1.16268e-228
1.45265e-228
1.81487e-228
2.2673e-228
2.83238e-228
3.53813e-228
4.41953e-228
5.52025e-228
6.89477e-228
8.61115e-228
1.07543e-227
1.34302e-227
1.67712e-227
2.09423e-227
2.61495e-227
3.265e-227
4.07645e-227
5.08934e-227
6.3536e-227
7.93155e-227
9.90093e-227
1.23587e-226
1.54259e-226
1.92534e-226
2.40295e-226
2.9989e-226
3.74246e-226
4.67018e-226
5.82759e-226
7.2715e-226
9.07276e-226
1.13197e-225
1.41224e-225
1.76182e-225
2.19784e-225
2.74163e-225
3.41982e-225
4.26555e-225
5.3202e-225
6.6353e-225
8.27508e-225
1.03196e-224
1.28687e-224
1.60467e-224
2.00086e-224
2.49475e-224
3.11041e-224
3.87782e-224
4.83434e-224
6.02651e-224
7.51233e-224
9.36405e-224
1.16716e-223
1.45472e-223
1.81304e-223
2.25951e-223
2.8158e-223
3.50888e-223
4.37235e-223
5.44805e-223
6.78809e-223
8.45732e-223
1.05365e-222
1.31263e-222
1.63519e-222
2.03691e-222
2.53721e-222
3.16024e-222
3.93608e-222
4.90215e-222
6.10505e-222
7.60277e-222
9.46748e-222
1.1789e-221
1.4679e-221
1.82768e-221
2.27552e-221
2.83296e-221
3.5268e-221
4.39037e-221
5.46514e-221
6.80269e-221
8.4672e-221
1.05385e-220
1.31159e-220
1.63228e-220
2.0313e-220
2.52773e-220
3.14535e-220
3.91369e-220
4.86948e-220
6.05842e-220
7.53729e-220
9.37673e-220
1.16645e-219
1.45098e-219
1.80483e-219
2.24487e-219
2.79207e-219
3.47248e-219
4.31851e-219
5.37041e-219
6.67822e-219
8.30412e-219
1.03254e-218
1.2838e-218
1.59614e-218
1.98437e-218
2.46691e-218
3.06665e-218
3.81202e-218
4.73833e-218
5.88946e-218
7.3199e-218
9.09735e-218
1.13059e-217
1.40499e-217
1.74591e-217
2.16945e-217
2.69562e-217
3.34924e-217
4.16115e-217
5.16964e-217
6.42225e-217
7.97799e-217
9.91014e-217
1.23096e-216
1.52894e-216
1.89896e-216
2.35842e-216
2.92891e-216
3.63723e-216
4.51663e-216
5.60839e-216
6.96373e-216
8.64619e-216
1.07346e-215
1.33269e-215
1.65445e-215
2.05378e-215
2.54939e-215
3.16444e-215
3.9277e-215
4.87483e-215
6.05006e-215
7.50827e-215
9.3175e-215
1.15622e-214
1.43469e-214
1.78015e-214
2.2087e-214
2.74028e-214
3.39963e-214
4.21745e-214
5.23175e-214
6.4897e-214
8.04973e-214
9.9843e-214
1.23832e-213
1.53578e-213
1.90461e-213
2.3619e-213
2.92884e-213
3.6317e-213
4.50303e-213
5.58314e-213
6.92202e-213
8.58156e-213
1.06385e-212
1.31878e-212
1.63472e-212
2.02627e-212
2.51147e-212
3.11272e-212
3.85773e-212
4.78083e-212
5.92453e-212
7.34149e-212
9.09692e-212
1.12716e-211
1.39654e-211
1.73023e-211
2.14354e-211
2.65546e-211
3.28949e-211
4.07471e-211
5.04713e-211
6.25132e-211
7.74246e-211
9.58883e-211
1.1875e-210
1.47055e-210
1.82098e-210
2.25481e-210
2.79187e-210
3.45669e-210
4.27962e-210
5.29821e-210
6.55893e-210
8.11927e-210
1.00503e-209
1.24401e-209
1.53974e-209
1.90568e-209
2.35848e-209
2.91873e-209
3.61189e-209
4.46947e-209
5.53041e-209
6.84287e-209
8.4664e-209
1.04746e-208
1.29586e-208
1.60309e-208
1.98307e-208
2.45299e-208
3.03413e-208
3.75278e-208
4.64142e-208
5.74023e-208
7.09882e-208
8.77856e-208
1.08553e-207
1.34226e-207
1.65964e-207
2.05196e-207
2.53691e-207
3.13632e-207
3.87717e-207
4.7928e-207
5.92439e-207
7.32281e-207
9.0509e-207
1.11863e-206
1.38248e-206
1.70849e-206
2.11127e-206
2.60889e-206
3.22365e-206
3.98309e-206
4.9212e-206
6.07998e-206
7.51126e-206
9.27904e-206
1.14623e-205
1.41587e-205
1.74885e-205
2.16004e-205
2.66779e-205
3.29473e-205
4.06881e-205
5.02454e-205
6.20446e-205
7.6611e-205
9.45928e-205
1.1679e-204
1.44189e-204
1.78007e-204
2.19747e-204
2.71262e-204
3.34838e-204
4.13294e-204
5.1011e-204
6.29577e-204
7.76985e-204
9.58863e-204
1.18326e-203
1.4601e-203
1.80163e-203
2.22294e-203
2.74265e-203
3.38371e-203
4.1744e-203
5.14963e-203
6.35239e-203
7.8357e-203
9.66492e-203
1.19206e-202
1.47021e-202
1.81317e-202
2.23603e-202
2.75737e-202
3.40012e-202
4.1925e-202
5.16929e-202
6.37336e-202
7.85753e-202
9.68686e-202
1.19415e-201
1.47203e-201
1.81448e-201
2.2365e-201
2.75654e-201
3.39734e-201
4.18692e-201
5.15976e-201
6.35834e-201
7.83498e-201
9.65409e-201
1.1895e-200
1.46554e-200
1.80556e-200
2.22435e-200
2.74016e-200
3.37542e-200
4.15776e-200
5.12119e-200
6.30757e-200
7.76842e-200
9.56716e-200
1.17818e-199
1.45085e-199
1.78654e-199
2.19979e-199
2.70851e-199
3.33472e-199
4.10552e-199
5.05424e-199
6.22191e-199
7.65898e-199
9.42753e-199
1.16039e-198
1.42821e-198
1.75775e-198
2.16323e-198
2.66213e-198
3.27593e-198
4.03106e-198
4.96003e-198
6.10279e-198
7.50849e-198
9.23754e-198
1.13642e-197
1.39799e-197
1.71967e-197
2.11528e-197
2.60178e-197
3.20002e-197
3.93563e-197
4.84012e-197
5.95219e-197
7.31944e-197
9.00033e-197
1.10667e-196
1.36069e-196
1.67293e-196
2.05673e-196
2.52846e-196
3.10824e-196
3.82079e-196
4.69646e-196
5.77256e-196
7.0949e-196
8.71974e-196
1.07162e-195
1.31691e-195
1.61828e-195
1.98851e-195
2.44334e-195
3.00206e-195
3.68837e-195
4.53137e-195
5.56678e-195
6.83845e-195
8.40024e-195
1.03182e-194
1.26736e-194
1.55658e-194
1.91172e-194
2.34777e-194
2.88316e-194
3.54046e-194
4.34742e-194
5.33805e-194
6.5541e-194
8.04681e-194
9.87902e-194
1.21278e-193
1.48879e-193
1.82752e-193
2.24322e-193
2.75334e-193
3.37931e-193
4.1474e-193
5.08984e-193
6.24614e-193
7.66476e-193
9.40514e-193
1.15402e-192
1.41592e-192
1.73718e-192
2.13123e-192
2.61454e-192
3.2073e-192
3.93428e-192
4.8258e-192
5.91907e-192
7.25967e-192
8.9035e-192
1.0919e-191
1.33902e-191
1.64199e-191
2.01341e-191
2.46873e-191
3.02688e-191
3.71105e-191
4.54965e-191
5.57749e-191
6.83721e-191
8.38106e-191
1.0273e-190
1.25915e-190
1.54326e-190
1.89137e-190
2.3179e-190
2.84049e-190
3.48074e-190
4.2651e-190
5.22597e-190
6.40301e-190
7.84478e-190
9.61075e-190
1.17737e-189
1.44228e-189
1.76671e-189
2.16402e-189
2.65055e-189
3.24631e-189
3.9758e-189
4.86899e-189
5.96256e-189
7.3014e-189
8.94045e-189
1.09469e-188
1.34031e-188
1.64096e-188
2.00895e-188
2.45935e-188
3.01059e-188
3.68522e-188
4.51081e-188
5.52109e-188
6.75732e-188
8.26998e-188
1.01208e-187
1.23852e-187
1.51556e-187
1.85448e-187
2.26908e-187
2.77624e-187
3.39661e-187
4.1554e-187
5.08346e-187
6.21851e-187
7.60664e-187
9.30421e-187
1.13801e-186
1.39185e-186
1.70222e-186
2.08172e-186
2.54569e-186
3.11294e-186
3.8064e-186
4.65413e-186
5.69039e-186
6.95705e-186
8.50527e-186
1.03975e-185
1.27102e-185
1.55366e-185
1.89905e-185
2.32112e-185
2.83687e-185
3.46705e-185
4.23702e-185
5.17774e-185
6.32704e-185
7.73107e-185
9.44624e-185
1.15414e-184
1.41006e-184
1.72264e-184
2.10442e-184
2.5707e-184
3.14014e-184
3.83553e-184
4.68471e-184
5.72162e-184
6.98771e-184
8.53358e-184
1.04209e-183
1.27251e-183
1.55381e-183
1.89719e-183
2.31636e-183
2.82801e-183
3.4525e-183
4.21471e-183
5.14495e-183
6.2802e-183
7.6656e-183
9.35618e-183
1.14191e-182
1.39361e-182
1.70072e-182
2.07541e-182
2.53254e-182
3.0902e-182
3.77048e-182
4.6003e-182
5.61249e-182
6.84707e-182
8.35284e-182
1.01893e-181
1.24289e-181
1.516e-181
1.84904e-181
2.25514e-181
2.75031e-181
3.35404e-181
4.09011e-181
4.98748e-181
6.08145e-181
7.41503e-181
9.04062e-181
1.10221e-180
1.34372e-180
1.63807e-180
1.99681e-180
2.434e-180
2.96677e-180
3.61599e-180
4.40707e-180
5.37097e-180
6.54538e-180
7.97621e-180
9.71938e-180
1.18429e-179
1.44298e-179
1.75809e-179
2.14191e-179
2.60941e-179
3.17879e-179
3.87224e-179
4.71673e-179
5.74513e-179
6.99743e-179
8.52231e-179
1.0379e-178
1.26396e-178
1.53918e-178
1.87425e-178
2.28215e-178
2.7787e-178
3.38312e-178
4.11882e-178
5.01428e-178
6.10413e-178
7.43052e-178
9.04469e-178
1.1009e-177
1.33993e-177
1.63078e-177
1.98468e-177
2.41526e-177
2.93911e-177
3.57642e-177
4.35172e-177
5.29484e-177
6.44206e-177
7.83747e-177
9.5347e-177
1.15989e-176
1.41094e-176
1.71624e-176
2.08751e-176
2.53897e-176
3.08793e-176
3.7554e-176
4.56694e-176
5.55358e-176
6.75307e-176
8.21125e-176
9.98382e-176
1.21385e-175
1.47574e-175
1.79406e-175
2.18094e-175
2.65112e-175
3.22252e-175
3.91688e-175
4.76064e-175
5.78589e-175
7.03161e-175
8.54513e-175
1.03839e-174
1.26179e-174
1.53317e-174
1.86283e-174
2.26326e-174
2.74965e-174
3.34041e-174
4.0579e-174
4.92927e-174
5.98747e-174
7.27251e-174
8.83293e-174
1.07277e-173
1.30282e-173
1.58214e-173
1.92125e-173
2.33293e-173
2.8327e-173
3.43938e-173
4.17578e-173
5.06962e-173
6.1545e-173
7.4712e-173
9.06916e-173
1.10084e-172
1.33616e-172
1.62172e-172
1.96821e-172
2.38862e-172
2.89869e-172
3.51752e-172
4.26826e-172
5.17899e-172
6.28375e-172
7.62382e-172
9.24923e-172
1.12207e-171
1.36117e-171
1.65114e-171
2.00279e-171
2.42922e-171
2.94631e-171
3.5733e-171
4.33352e-171
5.25522e-171
6.37267e-171
7.72736e-171
9.3696e-171
1.13603e-170
1.37733e-170
1.66981e-170
2.02431e-170
2.45394e-170
2.97462e-170
3.60562e-170
4.37025e-170
5.2968e-170
6.41948e-170
7.77976e-170
9.42784e-170
1.14245e-169
1.38434e-169
1.67737e-169
2.03232e-169
2.46228e-169
2.98306e-169
3.61381e-169
4.37773e-169
5.30289e-169
6.42326e-169
7.77997e-169
9.42281e-169
1.1412e-168
1.38205e-168
1.67365e-168
2.02669e-168
2.45407e-168
2.97145e-168
3.59773e-168
4.3558e-168
5.27336e-168
6.38391e-168
7.72798e-168
9.35458e-168
1.1323e-167
1.37051e-167
1.65874e-167
2.0075e-167
2.42948e-167
2.94002e-167
3.55768e-167
4.3049e-167
5.20882e-167
6.30224e-167
7.62483e-167
9.22455e-167
1.11594e-166
1.34994e-166
1.63293e-166
1.97516e-166
2.389e-166
2.88941e-166
3.49448e-166
4.22605e-166
5.11054e-166
6.17986e-166
7.47258e-166
9.03529e-166
1.09243e-165
1.32076e-165
1.59674e-165
1.9303e-165
2.33343e-165
2.82062e-165
3.40937e-165
4.12081e-165
4.98048e-165
6.01921e-165
7.27424e-165
8.79054e-165
1.06224e-164
1.28354e-164
1.55088e-164
1.8738e-164
2.26386e-164
2.73499e-164
3.30401e-164
3.99123e-164
4.82116e-164
5.8234e-164
7.03366e-164
8.49504e-164
1.02596e-163
1.239e-163
1.49622e-163
1.80675e-163
2.18163e-163
2.63417e-163
3.18043e-163
3.83979e-163
4.63563e-163
5.59616e-163
6.7554e-163
8.15439e-163
9.84264e-163
1.18799e-162
1.43381e-162
1.73042e-162
2.08828e-162
2.52004e-162
3.04093e-162
3.66931e-162
4.42734e-162
5.34171e-162
6.44462e-162
7.77489e-162
9.3793e-162
1.13143e-161
1.36478e-161
1.64618e-161
1.98552e-161
2.39469e-161
2.88804e-161
3.48288e-161
4.20003e-161
5.06461e-161
6.10688e-161
7.36331e-161
8.87781e-161
1.07033e-160
1.29036e-160
1.55555e-160
1.87514e-160
2.2603e-160
2.72444e-160
3.28373e-160
3.95766e-160
4.76967e-160
5.74803e-160
6.92673e-160
8.34675e-160
1.00574e-159
1.21181e-159
1.46004e-159
1.75902e-159
2.11914e-159
2.55286e-159
3.07521e-159
3.70426e-159
4.46178e-159
5.37396e-159
6.47232e-159
7.79481e-159
9.38709e-159
1.13041e-158
1.3612e-158
1.63902e-158
1.97347e-158
2.37604e-158
2.8606e-158
3.44382e-158
4.14575e-158
4.99052e-158
6.00714e-158
7.23053e-158
8.70266e-158
1.0474e-157
1.26053e-157
1.51696e-157
1.82547e-157
2.19663e-157
2.64311e-157
3.18021e-157
3.82626e-157
4.60335e-157
5.538e-157
6.6621e-157
8.014e-157
9.63977e-157
1.15948e-156
1.39457e-156
1.67725e-156
2.01714e-156
2.42578e-156
2.91707e-156
3.5077e-156
4.21773e-156
5.07123e-156
6.09717e-156
7.33032e-156
8.81245e-156
1.05938e-155
1.27346e-155
1.53073e-155
1.83988e-155
2.21138e-155
2.65776e-155
3.19409e-155
3.83848e-155
4.61265e-155
5.54271e-155
6.65998e-155
8.00208e-155
9.6142e-155
1.15506e-154
1.38763e-154
1.66695e-154
2.0024e-154
2.40525e-154
2.88901e-154
3.4699e-154
4.16739e-154
5.00486e-154
6.01034e-154
7.21748e-154
8.66667e-154
1.04064e-153
1.24947e-153
1.50014e-153
1.80101e-153
2.16213e-153
2.59553e-153
3.11566e-153
3.73985e-153
4.48888e-153
5.38768e-153
6.46614e-153
7.76011e-153
9.31259e-153
1.11751e-152
1.34096e-152
1.609e-152
1.93054e-152
2.31622e-152
2.77882e-152
3.33366e-152
3.99909e-152
4.79712e-152
5.75414e-152
6.90176e-152
8.27787e-152
9.9279e-152
1.19063e-151
1.42782e-151
1.71219e-151
2.0531e-151
2.46176e-151
2.95164e-151
3.53883e-151
4.24264e-151
5.08619e-151
6.09717e-151
7.30875e-151
8.76069e-151
1.05006e-150
1.25854e-150
1.50835e-150
1.80766e-150
2.16625e-150
2.59587e-150
3.11054e-150
3.72708e-150
4.46561e-150
5.35023e-150
6.4098e-150
7.67884e-150
9.19871e-150
1.10189e-149
1.31986e-149
1.58088e-149
1.89343e-149
2.26766e-149
2.71574e-149
3.25219e-149
3.89444e-149
4.6633e-149
5.5837e-149
6.68543e-149
8.00418e-149
9.58262e-149
1.14718e-148
1.37328e-148
1.64386e-148
1.96766e-148
2.35513e-148
2.81878e-148
3.37354e-148
4.0373e-148
4.83143e-148
5.78149e-148
6.91805e-148
8.27765e-148
9.90399e-148
1.18493e-147
1.41761e-147
1.69589e-147
2.02871e-147
2.42673e-147
2.90271e-147
3.47188e-147
4.15246e-147
4.96622e-147
5.93918e-147
7.10242e-147
8.49309e-147
1.01556e-146
1.2143e-146
1.45185e-146
1.73581e-146
2.0752e-146
2.48083e-146
2.96562e-146
3.54497e-146
4.2373e-146
5.06461e-146
6.05316e-146
7.23432e-146
8.64557e-146
1.03316e-145
1.23459e-145
1.47523e-145
1.76268e-145
2.10604e-145
2.51618e-145
3.00604e-145
3.59111e-145
4.28984e-145
5.12429e-145
6.12077e-145
7.31069e-145
8.73153e-145
1.0428e-144
1.24535e-144
1.48718e-144
1.77588e-144
2.12053e-144
2.53195e-144
3.02304e-144
3.60922e-144
4.30886e-144
5.14388e-144
6.14044e-144
7.32972e-144
8.74894e-144
1.04425e-143
1.24632e-143
1.48743e-143
1.7751e-143
2.11831e-143
2.52776e-143
3.01621e-143
3.59888e-143
4.2939e-143
5.12291e-143
6.11169e-143
7.29098e-143
8.6974e-143
1.03746e-142
1.23747e-142
1.47598e-142
1.76036e-142
2.09944e-142
2.50372e-142
2.98571e-142
3.56033e-142
4.24532e-142
5.06188e-142
6.03521e-142
7.19536e-142
8.57813e-142
1.02261e-141
1.21902e-141
1.45308e-141
1.73201e-141
2.06437e-141
2.4604e-141
2.93227e-141
3.49447e-141
4.16426e-141
4.96221e-141
5.91278e-141
7.04512e-141
8.39391e-141
1.00005e-140
1.19139e-140
1.41929e-140
1.69069e-140
2.01391e-140
2.3988e-140
2.85712e-140
3.40284e-140
4.05261e-140
4.82623e-140
5.74725e-140
6.84373e-140
8.14901e-140
9.70279e-140
1.15523e-139
1.37537e-139
1.63738e-139
1.94922e-139
2.32034e-139
2.76198e-139
3.28753e-139
3.91291e-139
4.65703e-139
5.54239e-139
6.59578e-139
7.84899e-139
9.33989e-139
1.11135e-138
1.32232e-138
1.57327e-138
1.87176e-138
2.22678e-138
2.649e-138
3.15114e-138
3.74829e-138
4.4584e-138
5.30278e-138
6.30678e-138
7.50053e-138
8.91982e-138
1.06072e-137
1.26131e-137
1.49977e-137
1.78324e-137
2.12017e-137
2.52065e-137
2.99664e-137
3.56235e-137
4.23465e-137
5.0336e-137
5.983e-137
7.11114e-137
8.4516e-137
1.00443e-136
1.19365e-136
1.41846e-136
1.68553e-136
2.00279e-136
2.37965e-136
2.82729e-136
3.35898e-136
3.99048e-136
4.74048e-136
5.63117e-136
6.6889e-136
7.94495e-136
9.43641e-136
1.12073e-135
1.331e-135
1.58064e-135
1.87701e-135
2.22885e-135
2.64652e-135
3.1423e-135
3.7308e-135
4.42929e-135
5.25832e-135
6.24223e-135
7.40989e-135
8.79556e-135
1.04399e-134
1.2391e-134
1.47061e-134
1.74529e-134
2.07118e-134
2.45781e-134
2.91647e-134
3.46056e-134
4.10597e-134
4.87152e-134
5.77954e-134
6.85648e-134
8.13371e-134
9.64843e-134
1.14447e-133
1.35747e-133
1.61004e-133
1.90952e-133
2.26459e-133
2.68556e-133
3.18464e-133
3.77629e-133
4.47766e-133
5.30903e-133
6.29447e-133
7.46248e-133
8.84681e-133
1.04875e-132
1.24318e-132
1.47359e-132
1.74662e-132
2.07014e-132
2.45348e-132
2.90766e-132
3.44576e-132
4.08325e-132
4.83845e-132
5.73306e-132
6.79276e-132
8.04796e-132
9.53466e-132
1.12955e-131
1.33808e-131
1.58505e-131
1.8775e-131
2.22381e-131
2.63388e-131
3.11941e-131
3.69428e-131
4.37488e-131
5.18063e-131
6.13449e-131
7.26364e-131
8.60022e-131
1.01823e-130
1.20548e-130
1.4271e-130
1.68938e-130
1.99978e-130
2.36709e-130
2.80175e-130
3.31606e-130
3.92459e-130
4.64459e-130
5.49641e-130
6.50416e-130
7.69631e-130
9.10654e-130
1.07747e-129
1.27478e-129
1.50815e-129
1.78417e-129
2.1106e-129
2.49663e-129
2.95314e-129
3.49295e-129
4.13124e-129
4.88595e-129
5.77825e-129
6.8332e-129
8.08037e-129
9.55473e-129
1.12976e-128
1.33577e-128
1.57927e-128
1.86708e-128
2.20723e-128
2.60924e-128
3.08431e-128
3.64572e-128
4.30911e-128
5.09297e-128
6.01914e-128
7.11341e-128
8.40622e-128
9.93353e-128
1.17378e-127
1.38691e-127
1.63866e-127
1.93603e-127
2.28724e-127
2.70205e-127
3.19194e-127
3.77046e-127
4.45363e-127
5.26034e-127
6.21289e-127
7.33757e-127
8.66545e-127
1.02332e-126
1.20839e-126
1.42687e-126
1.68478e-126
1.98921e-126
2.34854e-126
2.77264e-126
3.27318e-126
3.8639e-126
4.56102e-126
5.38366e-126
6.35437e-126
7.49976e-126
8.8512e-126
1.04457e-125
1.23268e-125
1.4546e-125
1.71639e-125
2.02521e-125
2.38948e-125
2.81913e-125
3.32589e-125
3.92355e-125
4.6284e-125
5.45961e-125
6.4398e-125
7.59562e-125
8.95846e-125
1.05653e-124
1.24599e-124
1.46934e-124
1.73265e-124
2.04306e-124
2.40896e-124
2.84025e-124
3.34861e-124
3.94777e-124
4.65393e-124
5.48614e-124
6.46686e-124
7.62254e-124
8.98433e-124
1.05889e-123
1.24795e-123
1.47069e-123
1.73311e-123
2.04226e-123
2.40644e-123
2.83543e-123
3.34074e-123
3.93592e-123
4.63692e-123
5.46251e-123
6.43479e-123
7.57978e-123
8.92809e-123
1.05157e-122
1.23851e-122
1.45862e-122
1.71776e-122
2.02285e-122
2.38201e-122
2.8048e-122
3.30249e-122
3.88831e-122
4.57783e-122
5.38937e-122
6.34448e-122
7.46851e-122
8.79127e-122
1.03478e-121
1.21794e-121
1.43345e-121
1.68701e-121
1.98534e-121
2.33631e-121
2.7492e-121
3.2349e-121
3.80624e-121
4.47827e-121
5.26872e-121
6.19839e-121
7.29176e-121
8.5776e-121
1.00897e-120
1.18678e-120
1.39587e-120
1.64171e-120
1.93076e-120
2.27059e-120
2.67012e-120
3.1398e-120
3.69192e-120
4.34092e-120
5.10378e-120
6.00042e-120
7.05426e-120
8.29278e-120
9.74831e-120
1.14588e-119
1.34687e-119
1.58305e-119
1.86055e-119
2.1866e-119
2.56966e-119
3.01969e-119
3.54837e-119
4.16941e-119
4.89892e-119
5.7558e-119
6.76224e-119
7.9443e-119
9.33255e-119
1.09629e-118
1.28774e-118
1.51256e-118
1.77654e-118
2.0865e-118
2.45042e-118
2.87769e-118
3.37929e-118
3.96814e-118
4.65939e-118
5.47079e-118
6.42319e-118
7.54105e-118
8.85303e-118
1.03928e-117
1.21998e-117
1.43203e-117
1.68085e-117
1.97283e-117
2.31541e-117
2.71735e-117
3.18892e-117
3.74215e-117
4.39115e-117
5.15247e-117
6.04549e-117
7.09297e-117
8.32155e-117
9.76247e-117
1.14524e-116
1.34342e-116
1.57582e-116
1.84833e-116
2.16787e-116
2.54254e-116
2.98182e-116
3.49683e-116
4.10061e-116
4.8084e-116
5.63811e-116
6.61067e-116
7.75063e-116
9.08675e-116
1.06527e-115
1.24879e-115
1.46387e-115
1.7159e-115
2.01123e-115
2.35728e-115
2.76274e-115
3.2378e-115
3.79436e-115
4.44638e-115
5.21021e-115
6.10496e-115
7.15304e-115
8.38065e-115
9.81849e-115
1.15025e-114
1.34747e-114
1.57843e-114
1.84888e-114
2.16558e-114
2.53642e-114
2.97061e-114
3.47896e-114
4.07412e-114
4.77087e-114
5.58652e-114
6.54131e-114
7.65893e-114
8.96707e-114
1.04982e-113
1.22901e-113
1.43872e-113
1.68414e-113
1.97133e-113
2.30739e-113
2.70061e-113
3.16069e-113
3.69898e-113
4.32874e-113
5.06548e-113
5.92734e-113
6.93551e-113
8.11478e-113
9.49413e-113
1.11074e-112
1.29942e-112
1.52009e-112
1.77814e-112
2.0799e-112
2.43275e-112
2.84534e-112
3.32774e-112
3.89175e-112
4.55114e-112
5.322e-112
6.22314e-112
7.27652e-112
8.50781e-112
9.94699e-112
1.16291e-111
1.3595e-111
1.58924e-111
1.85773e-111
2.17148e-111
2.53809e-111
2.96646e-111
3.46697e-111
4.05173e-111
4.73491e-111
5.53301e-111
6.46534e-111
7.55442e-111
8.82654e-111
1.03124e-110
1.20478e-110
1.40746e-110
1.64416e-110
1.92058e-110
2.24337e-110
2.62028e-110
3.06038e-110
3.57422e-110
4.17415e-110
4.87454e-110
5.6922e-110
6.64669e-110
7.76087e-110
9.0614e-110
1.05794e-109
1.23511e-109
1.44188e-109
1.68318e-109
1.96479e-109
2.29339e-109
2.67683e-109
3.12423e-109
3.64624e-109
4.25527e-109
4.96579e-109
5.79469e-109
6.76162e-109
7.88954e-109
9.20517e-109
1.07397e-108
1.25294e-108
1.46168e-108
1.7051e-108
1.98897e-108
2.32e-108
2.70599e-108
3.15605e-108
3.68079e-108
4.29258e-108
5.00582e-108
5.8373e-108
6.80657e-108
7.93641e-108
9.25337e-108
1.07884e-107
1.25774e-107
1.46624e-107
1.70923e-107
1.99239e-107
2.32235e-107
2.70684e-107
3.15483e-107
3.67679e-107
4.2849e-107
4.99337e-107
5.8187e-107
6.78012e-107
7.90004e-107
9.2045e-107
1.07239e-106
1.24934e-106
1.45543e-106
1.69544e-106
1.97493e-106
2.30039e-106
2.67936e-106
3.12061e-106
3.63436e-106
4.23249e-106
4.92883e-106
5.73946e-106
6.68311e-106
7.78154e-106
9.06009e-106
1.05482e-105
1.22802e-105
1.42959e-105
1.66416e-105
1.93714e-105
2.25479e-105
2.6244e-105
3.05446e-105
3.55483e-105
4.13697e-105
4.81422e-105
5.60207e-105
6.51856e-105
7.58462e-105
8.82462e-105
1.02669e-104
1.19443e-104
1.38951e-104
1.61637e-104
1.88019e-104
2.18697e-104
2.54368e-104
2.95844e-104
3.44066e-104
4.0013e-104
4.65307e-104
5.41076e-104
6.29153e-104
7.31534e-104
8.50534e-104
9.88847e-104
1.1496e-103
1.33642e-103
1.55353e-103
1.80582e-103
2.09899e-103
2.43964e-103
2.83545e-103
3.29531e-103
3.82958e-103
4.45026e-103
5.1713e-103
6.00887e-103
6.98178e-103
8.11184e-103
9.42437e-103
1.09488e-102
1.27191e-102
1.4775e-102
1.71625e-102
1.99348e-102
2.31538e-102
2.68914e-102
3.12308e-102
3.62688e-102
4.21175e-102
4.89072e-102
5.67887e-102
6.59372e-102
7.65559e-102
8.88806e-102
1.03185e-101
1.19785e-101
1.3905e-101
1.61405e-101
1.87346e-101
2.17445e-101
2.52369e-101
2.92888e-101
3.39897e-101
3.94432e-101
4.57696e-101
5.31082e-101
6.16206e-101
7.14941e-101
8.29457e-101
9.6227e-101
1.1163e-100
1.29492e-100
1.50205e-100
1.74224e-100
2.02074e-100
2.34364e-100
2.71802e-100
3.15205e-100
3.65522e-100
4.23852e-100
4.91467e-100
5.69841e-100
6.60683e-100
7.65971e-100
8.87996e-100
1.02941e-099
1.1933e-099
1.3832e-099
1.60326e-099
1.85824e-099
2.15366e-099
2.49594e-099
2.89248e-099
3.35187e-099
3.88403e-099
4.50047e-099
5.21451e-099
6.04155e-099
6.99943e-099
8.10881e-099
9.39358e-099
1.08814e-098
1.26043e-098
1.45993e-098
1.69092e-098
1.95838e-098
2.26803e-098
2.62652e-098
3.04153e-098
3.52195e-098
4.07806e-098
4.72177e-098
5.46682e-098
6.32915e-098
7.32715e-098
8.48212e-098
9.81869e-098
1.13653e-097
1.3155e-097
1.52258e-097
1.76217e-097
2.03936e-097
2.36005e-097
2.73104e-097
3.16021e-097
3.65664e-097
4.23085e-097
4.89501e-097
5.66316e-097
6.55155e-097
7.57895e-097
8.76706e-097
1.01409e-096
1.17296e-096
1.35664e-096
1.56902e-096
1.81456e-096
2.09843e-096
2.4266e-096
2.80595e-096
3.24445e-096
3.75131e-096
4.33715e-096
5.01424e-096
5.79677e-096
6.7011e-096
7.74615e-096
8.95377e-096
1.03492e-095
1.19615e-095
1.38243e-095
1.59765e-095
1.84629e-095
2.13353e-095
2.46533e-095
2.84861e-095
3.29132e-095
3.80265e-095
4.39322e-095
5.07527e-095
5.86293e-095
6.77252e-095
7.82286e-095
9.03567e-095
1.0436e-094
1.20528e-094
1.39195e-094
1.60745e-094
1.85622e-094
2.1434e-094
2.47489e-094
2.85752e-094
3.29914e-094
3.80884e-094
4.39708e-094
5.07593e-094
5.85931e-094
6.76327e-094
7.80634e-094
9.00985e-094
1.03984e-093
1.20004e-093
1.38486e-093
1.59807e-093
1.84401e-093
2.1277e-093
2.45493e-093
2.83235e-093
3.26764e-093
3.76965e-093
4.34858e-093
5.01619e-093
5.78603e-093
6.67369e-093
7.69718e-093
8.87722e-093
1.02377e-092
1.18061e-092
1.36142e-092
1.56984e-092
1.81008e-092
2.087e-092
2.40616e-092
2.77401e-092
3.19794e-092
3.68648e-092
4.24946e-092
4.89819e-092
5.64569e-092
6.50695e-092
7.49926e-092
8.64249e-092
9.95953e-092
1.14767e-091
1.32245e-091
1.52376e-091
1.75564e-091
2.02271e-091
2.3303e-091
2.68454e-091
3.09249e-091
3.56226e-091
4.1032e-091
4.72606e-091
5.44322e-091
6.26891e-091
7.21951e-091
8.31387e-091
9.57367e-091
1.10238e-090
1.26931e-090
1.46144e-090
1.68258e-090
1.93709e-090
2.22999e-090
2.56706e-090
2.95494e-090
3.40127e-090
3.91484e-090
4.50573e-090
5.18558e-090
5.96772e-090
6.86751e-090
7.9026e-090
9.09327e-090
1.04629e-089
1.20382e-089
1.385e-089
1.59338e-089
1.83302e-089
2.10861e-089
2.42552e-089
2.78992e-089
3.20893e-089
3.69069e-089
4.24457e-089
4.88136e-089
5.61342e-089
6.45496e-089
7.42231e-089
8.53424e-089
9.81228e-089
1.12812e-088
1.29694e-088
1.49095e-088
1.71391e-088
1.97011e-088
2.26451e-088
2.60278e-088
2.99144e-088
3.43798e-088
3.95098e-088
4.54033e-088
5.21734e-088
5.99501e-088
6.88828e-088
7.91428e-088
9.09268e-088
1.0446e-087
1.20003e-087
1.37851e-087
1.58347e-087
1.81882e-087
2.08904e-087
2.39931e-087
2.75552e-087
3.16447e-087
3.63395e-087
4.17288e-087
4.79151e-087
5.5016e-087
6.31663e-087
7.25205e-087
8.32562e-087
9.55766e-087
1.09715e-086
1.25939e-086
1.44556e-086
1.65916e-086
1.90425e-086
2.18543e-086
2.50801e-086
2.87808e-086
3.30259e-086
3.78955e-086
4.34809e-086
4.98874e-086
5.7235e-086
6.56618e-086
7.53258e-086
8.6408e-086
9.9116e-086
1.13688e-085
1.30396e-085
1.49552e-085
1.71515e-085
1.96693e-085
2.25558e-085
2.58646e-085
2.96574e-085
3.40048e-085
3.89877e-085
4.46987e-085
5.12438e-085
5.87445e-085
6.734e-085
7.71895e-085
8.84756e-085
1.01407e-084
1.16223e-084
1.33198e-084
1.52645e-084
1.74922e-084
2.00442e-084
2.29674e-084
2.63157e-084
3.01507e-084
3.45429e-084
3.95732e-084
4.53338e-084
5.19307e-084
5.94846e-084
6.81342e-084
7.80379e-084
8.9377e-084
1.02359e-083
1.17221e-083
1.34235e-083
1.5371e-083
1.76004e-083
2.01521e-083
2.30727e-083
2.64153e-083
3.02408e-083
3.46186e-083
3.96284e-083
4.5361e-083
5.19205e-083
5.94258e-083
6.80128e-083
7.78369e-083
8.9076e-083
1.01933e-082
1.16641e-082
1.33464e-082
1.52706e-082
1.74715e-082
1.99887e-082
2.28674e-082
2.61595e-082
2.99241e-082
3.42289e-082
3.91512e-082
4.47792e-082
5.12138e-082
5.85703e-082
6.69804e-082
7.65946e-082
8.75846e-082
1.00147e-081
1.14506e-081
1.30917e-081
1.49673e-081
1.71109e-081
1.95605e-081
2.23598e-081
2.55585e-081
2.92134e-081
3.33894e-081
3.81606e-081
4.36115e-081
4.98388e-081
5.69525e-081
6.50786e-081
7.43606e-081
8.49625e-081
9.70715e-081
1.10901e-080
1.26695e-080
1.44731e-080
1.65328e-080
1.88846e-080
2.15701e-080
2.46362e-080
2.81368e-080
3.21334e-080
3.6696e-080
4.19044e-080
4.78498e-080
5.46362e-080
6.23821e-080
7.1223e-080
8.13129e-080
9.28279e-080
1.05969e-079
1.20964e-079
1.38075e-079
1.57599e-079
1.79875e-079
2.0529e-079
2.34285e-079
2.67363e-079
3.05097e-079
3.4814e-079
3.97237e-079
4.53237e-079
5.17107e-079
5.8995e-079
6.73023e-079
7.67758e-079
8.75786e-079
9.98969e-079
1.13942e-078
1.29957e-078
1.48215e-078
1.6903e-078
1.9276e-078
2.1981e-078
2.50645e-078
2.85792e-078
3.25853e-078
3.71512e-078
4.23548e-078
4.82851e-078
5.50431e-078
6.2744e-078
7.1519e-078
8.15173e-078
9.29092e-078
1.05888e-077
1.20674e-077
1.37519e-077
1.56708e-077
1.78565e-077
2.03462e-077
2.3182e-077
2.64117e-077
3.009e-077
3.4279e-077
3.90493e-077
4.44813e-077
5.06667e-077
5.77094e-077
6.5728e-077
7.48573e-077
8.52507e-077
9.70825e-077
1.10551e-076
1.25883e-076
1.43334e-076
1.63196e-076
1.85803e-076
2.11531e-076
2.4081e-076
2.74129e-076
3.12044e-076
3.55186e-076
4.04273e-076
4.60124e-076
5.23665e-076
5.95954e-076
6.7819e-076
7.71737e-076
8.78147e-076
9.99183e-076
1.13685e-075
1.29342e-075
1.47149e-075
1.67399e-075
1.90427e-075
2.16613e-075
2.46388e-075
2.80243e-075
3.18735e-075
3.62497e-075
4.12249e-075
4.68806e-075
5.33098e-075
6.06178e-075
6.89245e-075
7.83658e-075
8.90961e-075
1.01291e-074
1.1515e-074
1.30898e-074
1.48794e-074
1.69129e-074
1.92233e-074
2.18483e-074
2.48307e-074
2.82188e-074
3.20677e-074
3.64398e-074
4.14062e-074
4.70472e-074
5.34543e-074
6.0731e-074
6.8995e-074
7.838e-074
8.90374e-074
1.01139e-073
1.1488e-073
1.30482e-073
1.48196e-073
1.68307e-073
1.91139e-073
2.17057e-073
2.46478e-073
2.79874e-073
3.1778e-073
3.60803e-073
4.09631e-073
4.65047e-073
5.27934e-073
5.99297e-073
6.80274e-073
7.72158e-073
8.7641e-073
9.94692e-073
1.12889e-072
1.28112e-072
1.45382e-072
1.64972e-072
1.87194e-072
2.12398e-072
2.40985e-072
2.73406e-072
3.10175e-072
3.51872e-072
3.99156e-072
4.52773e-072
5.13568e-072
5.82499e-072
6.60651e-072
7.49253e-072
8.49698e-072
9.63564e-072
1.09264e-071
1.23894e-071
1.40477e-071
1.59273e-071
1.80574e-071
2.04715e-071
2.32072e-071
2.63073e-071
2.98201e-071
3.38004e-071
3.83102e-071
4.34197e-071
4.92084e-071
5.57661e-071
6.31949e-071
7.16099e-071
8.11416e-071
9.19378e-071
1.04166e-070
1.18014e-070
1.33698e-070
1.51458e-070
1.7157e-070
1.94343e-070
2.20129e-070
2.49325e-070
2.8238e-070
3.19802e-070
3.62167e-070
4.10124e-070
4.6441e-070
5.25857e-070
5.95406e-070
6.74123e-070
7.6321e-070
8.64031e-070
9.78124e-070
1.10723e-069
1.25332e-069
1.41862e-069
1.60564e-069
1.81724e-069
2.05663e-069
2.32744e-069
2.63378e-069
2.98031e-069
3.37228e-069
3.81562e-069
4.31704e-069
4.88412e-069
5.52544e-069
6.25068e-069
7.07077e-069
7.99809e-069
9.04661e-069
1.02321e-068
1.15724e-068
1.30876e-068
1.48006e-068
1.6737e-068
1.89258e-068
2.13999e-068
2.41963e-068
2.73568e-068
3.09286e-068
3.49653e-068
3.95269e-068
4.46815e-068
5.05059e-068
5.7087e-068
6.45226e-068
7.29232e-068
8.24137e-068
9.3135e-068
1.05246e-067
1.18927e-067
1.34379e-067
1.51832e-067
1.71544e-067
1.93806e-067
2.18947e-067
2.47337e-067
2.79396e-067
3.15595e-067
3.56468e-067
4.02615e-067
4.54716e-067
5.13534e-067
5.79933e-067
6.54887e-067
7.39494e-067
8.34993e-067
9.4278e-067
1.06443e-066
1.20172e-066
1.35666e-066
1.5315e-066
1.7288e-066
1.95142e-066
2.2026e-066
2.486e-066
2.80573e-066
3.16644e-066
3.57334e-066
4.03236e-066
4.55012e-066
5.13412e-066
5.79281e-066
6.5357e-066
7.37352e-066
8.31834e-066
9.3838e-066
1.05852e-065
1.19399e-065
1.34674e-065
1.51895e-065
1.7131e-065
1.93199e-065
2.17873e-065
2.45688e-065
2.7704e-065
3.12379e-065
3.52209e-065
3.97099e-065
4.47689e-065
5.04701e-065
5.68946e-065
6.4134e-065
7.22912e-065
8.1482e-065
9.1837e-065
1.03503e-064
1.16646e-064
1.31451e-064
1.48129e-064
1.66915e-064
1.88074e-064
2.11906e-064
2.38746e-064
2.68974e-064
3.03014e-064
3.41347e-064
3.84511e-064
4.33112e-064
4.87834e-064
5.49445e-064
6.18807e-064
6.96893e-064
7.84797e-064
8.83746e-064
9.95125e-064
1.12049e-063
1.26159e-063
1.42039e-063
1.5991e-063
1.80021e-063
2.02652e-063
2.28118e-063
2.56772e-063
2.89011e-063
3.25284e-063
3.66091e-063
4.11998e-063
4.63641e-063
5.21732e-063
5.87074e-063
6.60569e-063
7.4323e-063
8.36196e-063
9.40746e-063
1.05832e-062
1.19053e-062
1.33919e-062
1.50635e-062
1.6943e-062
1.9056e-062
2.14316e-062
2.41022e-062
2.71043e-062
3.04789e-062
3.42721e-062
3.85355e-062
4.33273e-062
4.87126e-062
5.47648e-062
6.1566e-062
6.92086e-062
7.77963e-062
8.74455e-062
9.82869e-062
1.10467e-061
1.24151e-061
1.39524e-061
1.56793e-061
1.76191e-061
1.97979e-061
2.22452e-061
2.49937e-061
2.80806e-061
3.15473e-061
3.54403e-061
3.98118e-061
4.47204e-061
5.0232e-061
5.64201e-061
6.33676e-061
7.11673e-061
7.99233e-061
8.97524e-061
1.00786e-060
1.1317e-060
1.2707e-060
1.4267e-060
1.60178e-060
1.79827e-060
2.01876e-060
2.26618e-060
2.54381e-060
2.85532e-060
3.20482e-060
3.59694e-060
4.03684e-060
4.53033e-060
5.08391e-060
5.70487e-060
6.40137e-060
7.18257e-060
8.05873e-060
9.04135e-060
1.01433e-059
1.1379e-059
1.27647e-059
1.43185e-059
1.60606e-059
1.80138e-059
2.02037e-059
2.26587e-059
2.54108e-059
2.84958e-059
3.19539e-059
3.583e-059
4.01745e-059
4.50435e-059
5.05003e-059
5.66156e-059
6.34683e-059
7.11473e-059
7.97515e-059
8.93921e-059
1.00193e-058
1.12295e-058
1.25852e-058
1.41039e-058
1.58051e-058
1.77107e-058
1.98451e-058
2.22358e-058
2.49132e-058
2.79117e-058
3.12697e-058
3.50301e-058
3.92408e-058
4.39555e-058
4.92345e-058
5.51449e-058
6.17618e-058
6.91696e-058
7.74622e-058
8.6745e-058
9.71356e-058
1.08766e-057
1.21783e-057
1.36351e-057
1.52655e-057
1.70901e-057
1.91318e-057
2.14165e-057
2.39729e-057
2.68331e-057
3.00333e-057
3.36135e-057
3.76187e-057
4.20992e-057
4.71111e-057
5.27173e-057
5.89878e-057
6.60011e-057
7.38448e-057
8.26167e-057
9.24264e-057
1.03396e-056
1.15662e-056
1.29377e-056
1.44712e-056
1.61857e-056
1.81025e-056
2.02453e-056
2.26407e-056
2.53183e-056
2.83113e-056
3.16566e-056
3.53955e-056
3.95742e-056
4.42442e-056
4.94629e-056
5.52946e-056
6.1811e-056
6.90921e-056
7.72273e-056
8.63163e-056
9.64705e-056
1.07814e-055
1.20486e-055
1.34641e-055
1.50452e-055
1.68112e-055
1.87836e-055
2.09864e-055
2.34464e-055
2.61936e-055
2.92613e-055
3.26868e-055
3.65116e-055
4.0782e-055
4.55497e-055
5.08725e-055
5.68145e-055
6.34477e-055
7.0852e-055
7.91167e-055
8.83413e-055
9.86368e-055
1.10127e-054
1.2295e-054
1.3726e-054
1.53228e-054
1.71045e-054
1.90926e-054
2.13107e-054
2.37854e-054
2.65462e-054
2.96262e-054
3.30619e-054
3.68943e-054
4.1169e-054
4.59369e-054
5.12545e-054
5.7185e-054
6.37988e-054
7.11742e-054
7.93984e-054
8.85689e-054
9.87939e-054
1.10194e-053
1.22904e-053
1.37074e-053
1.5287e-053
1.70479e-053
1.90107e-053
2.11984e-053
2.36369e-053
2.63546e-053
2.93834e-053
3.27588e-053
3.65202e-053
4.07116e-053
4.5382e-053
5.05857e-053
5.63835e-053
6.28428e-053
7.00388e-053
7.80553e-053
8.69851e-053
9.69321e-053
1.08011e-052
1.20352e-052
1.34095e-052
1.49401e-052
1.66447e-052
1.85429e-052
2.06565e-052
2.301e-052
2.56305e-052
2.85481e-052
3.17962e-052
3.54124e-052
3.94379e-052
4.39189e-052
4.89069e-052
5.44587e-052
6.0638e-052
6.75153e-052
7.5169e-052
8.36865e-052
9.31647e-052
1.03712e-051
1.15447e-051
1.28505e-051
1.43032e-051
1.59194e-051
1.77175e-051
1.97177e-051
2.19427e-051
2.44176e-051
2.71705e-051
3.02322e-051
3.36374e-051
3.74244e-051
4.16358e-051
4.63189e-051
5.15264e-051
5.73166e-051
6.37546e-051
7.09124e-051
7.887e-051
8.77166e-051
9.75509e-051
1.08483e-050
1.20634e-050
1.3414e-050
1.49151e-050
1.65834e-050
1.84375e-050
2.04979e-050
2.27875e-050
2.53317e-050
2.81585e-050
3.12994e-050
3.4789e-050
3.86659e-050
4.29728e-050
4.77571e-050
5.30717e-050
5.89749e-050
6.55317e-050
7.28141e-050
8.09019e-050
8.98839e-050
9.98584e-050
1.10935e-049
1.23234e-049
1.3689e-049
1.52052e-049
1.68886e-049
1.87575e-049
2.08323e-049
2.31354e-049
2.56919e-049
2.85297e-049
3.16794e-049
3.51751e-049
3.90548e-049
4.33604e-049
4.81384e-049
5.34404e-049
5.93236e-049
6.58514e-049
7.3094e-049
8.11295e-049
9.00441e-049
9.99336e-049
1.10904e-048
1.23073e-048
1.36571e-048
1.51542e-048
1.68147e-048
1.86562e-048
2.06984e-048
2.29631e-048
2.54744e-048
2.8259e-048
3.13466e-048
3.47698e-048
3.85651e-048
4.27727e-048
4.74371e-048
5.26077e-048
5.83392e-048
6.46921e-048
7.17335e-048
7.95375e-048
8.81865e-048
9.77713e-048
1.08393e-047
1.20163e-047
1.33204e-047
1.47655e-047
1.63665e-047
1.81402e-047
2.01053e-047
2.22821e-047
2.46936e-047
2.73647e-047
3.03233e-047
3.36003e-047
3.72296e-047
4.1249e-047
4.57002e-047
5.06294e-047
5.60877e-047
6.21315e-047
6.88233e-047
7.62323e-047
8.44349e-047
9.35158e-047
1.03568e-046
1.14696e-046
1.27014e-046
1.40648e-046
1.55738e-046
1.72439e-046
1.90922e-046
2.11377e-046
2.34012e-046
2.59058e-046
2.86772e-046
3.17436e-046
3.51362e-046
3.88896e-046
4.3042e-046
4.76354e-046
5.27167e-046
5.83372e-046
6.45539e-046
7.14298e-046
7.90343e-046
8.74444e-046
9.67449e-046
1.0703e-045
1.18402e-045
1.30977e-045
1.4488e-045
1.60252e-045
1.77246e-045
1.96034e-045
2.16803e-045
2.3976e-045
2.65137e-045
2.93186e-045
3.24187e-045
3.58449e-045
3.96314e-045
4.38158e-045
4.84397e-045
5.35491e-045
5.91947e-045
6.54324e-045
7.2324e-045
7.99378e-045
8.8349e-045
9.76406e-045
1.07904e-044
1.19242e-044
1.31764e-044
1.45594e-044
1.60868e-044
1.77737e-044
1.96365e-044
2.16936e-044
2.3965e-044
2.6473e-044
2.92421e-044
3.22994e-044
3.56746e-044
3.94007e-044
4.35139e-044
4.80543e-044
5.3066e-044
5.85976e-044
6.47028e-044
7.14407e-044
7.88767e-044
8.70825e-044
9.61375e-044
1.06129e-043
1.17154e-043
1.29317e-043
1.42737e-043
1.57543e-043
1.73876e-043
1.91893e-043
2.11767e-043
2.33688e-043
2.57867e-043
2.84534e-043
3.13945e-043
3.46379e-043
3.82146e-043
4.21586e-043
4.65075e-043
5.13027e-043
5.65896e-043
6.24185e-043
6.88445e-043
7.59285e-043
8.37375e-043
9.23453e-043
1.01833e-042
1.12291e-042
1.23816e-042
1.36519e-042
1.50517e-042
1.65943e-042
1.82941e-042
2.01671e-042
2.22309e-042
2.45047e-042
2.70097e-042
2.97695e-042
3.28097e-042
3.61588e-042
3.98478e-042
4.39111e-042
4.83865e-042
5.33155e-042
5.87439e-042
6.4722e-042
7.13051e-042
7.85541e-042
8.6536e-042
9.53245e-042
1.05001e-041
1.15654e-041
1.27381e-041
1.40292e-041
1.54504e-041
1.70147e-041
1.87366e-041
2.06317e-041
2.27175e-041
2.5013e-041
2.75391e-041
3.03189e-041
3.33778e-041
3.67436e-041
4.04468e-041
4.45213e-041
4.90038e-041
5.39352e-041
5.93601e-041
6.53275e-041
7.18915e-041
7.91113e-041
8.70521e-041
9.57855e-041
1.0539e-040
1.15952e-040
1.27567e-040
1.40339e-040
1.54382e-040
1.69823e-040
1.86799e-040
2.05463e-040
2.2598e-040
2.48535e-040
2.73329e-040
3.00581e-040
3.30536e-040
3.63458e-040
3.99642e-040
4.39406e-040
4.83105e-040
5.31125e-040
5.83891e-040
6.41868e-040
7.0557e-040
7.75557e-040
8.52447e-040
9.36916e-040
1.02971e-039
1.13163e-039
1.24359e-039
1.36657e-039
1.50163e-039
1.64996e-039
1.81286e-039
1.99175e-039
2.18819e-039
2.4039e-039
2.64074e-039
2.90078e-039
3.18629e-039
3.49972e-039
3.84381e-039
4.22154e-039
4.63616e-039
5.09128e-039
5.5908e-039
6.13905e-039
6.74075e-039
7.40107e-039
8.1257e-039
8.92086e-039
9.79338e-039
1.07507e-038
1.18011e-038
1.29535e-038
1.42178e-038
1.56047e-038
1.71262e-038
1.8795e-038
2.06256e-038
2.26334e-038
2.48355e-038
2.72505e-038
2.9899e-038
3.28033e-038
3.59882e-038
3.94803e-038
4.33093e-038
4.75075e-038
5.21101e-038
5.7156e-038
6.26876e-038
6.87513e-038
7.5398e-038
8.26834e-038
9.06686e-038
9.94203e-038
1.09012e-037
1.19523e-037
1.31041e-037
1.43663e-037
1.57493e-037
1.72646e-037
1.89249e-037
2.07438e-037
2.27365e-037
2.49195e-037
2.73108e-037
2.99301e-037
3.27991e-037
3.59415e-037
3.93831e-037
4.31522e-037
4.72798e-037
5.17998e-037
5.67493e-037
6.21688e-037
6.81027e-037
7.45995e-037
8.17122e-037
8.94989e-037
9.80231e-037
1.07354e-036
1.17568e-036
1.28747e-036
1.40983e-036
1.54375e-036
1.6903e-036
1.85069e-036
2.0262e-036
2.21824e-036
2.42838e-036
2.6583e-036
2.90985e-036
3.18506e-036
3.48613e-036
3.81548e-036
4.17576e-036
4.56983e-036
5.00087e-036
5.4723e-036
5.9879e-036
6.55177e-036
7.16841e-036
7.84271e-036
8.58004e-036
9.38625e-036
1.02677e-035
1.12315e-035
1.22851e-035
1.3437e-035
1.46961e-035
1.60725e-035
1.7577e-035
1.92214e-035
2.10187e-035
2.29829e-035
2.51295e-035
2.74754e-035
3.00388e-035
3.28399e-035
3.59004e-035
3.92444e-035
4.28979e-035
4.68892e-035
5.12496e-035
5.60128e-035
6.12158e-035
6.6899e-035
7.31065e-035
7.98862e-035
8.72905e-035
9.53766e-035
1.04207e-034
1.1385e-034
1.24378e-034
1.35875e-034
1.48427e-034
1.62131e-034
1.77092e-034
1.93424e-034
2.11253e-034
2.30715e-034
2.51958e-034
2.75143e-034
3.00448e-034
3.28066e-034
3.58205e-034
3.91094e-034
4.26984e-034
4.66145e-034
5.08874e-034
5.55494e-034
6.06356e-034
6.61845e-034
7.22378e-034
7.8841e-034
8.60438e-034
9.39003e-034
1.02469e-033
1.11815e-033
1.22008e-033
1.33123e-033
1.45244e-033
1.58461e-033
1.72874e-033
1.88588e-033
2.05721e-033
2.244e-033
2.44763e-033
2.66962e-033
2.91161e-033
3.17538e-033
3.46289e-033
3.77625e-033
4.11777e-033
4.48998e-033
4.8956e-033
5.33761e-033
5.81926e-033
6.34407e-033
6.91589e-033
7.5389e-033
8.21765e-033
8.95709e-033
9.76261e-033
1.06401e-032
1.15959e-032
1.26369e-032
1.37708e-032
1.50057e-032
1.63506e-032
1.78152e-032
1.94101e-032
2.11467e-032
2.30377e-032
2.50966e-032
2.73382e-032
2.97787e-032
3.24355e-032
3.53276e-032
3.84759e-032
4.19028e-032
4.56327e-032
4.96923e-032
5.41106e-032
5.8919e-032
6.41516e-032
6.98457e-032
7.60416e-032
8.27833e-032
9.01184e-032
9.8099e-032
1.06781e-031
1.16227e-031
1.26501e-031
1.37678e-031
1.49835e-031
1.63058e-031
1.7744e-031
1.93081e-031
2.10091e-031
2.28589e-031
2.48704e-031
2.70577e-031
2.94359e-031
3.20217e-031
3.4833e-031
3.78893e-031
4.12118e-031
4.48237e-031
4.87498e-031
5.30173e-031
5.76556e-031
6.26969e-031
6.81757e-031
7.41299e-031
8.06003e-031
8.76313e-031
9.52713e-031
1.03572e-030
1.12592e-030
1.22391e-030
1.33036e-030
1.44601e-030
1.57163e-030
1.7081e-030
1.85632e-030
2.01731e-030
2.19216e-030
2.38205e-030
2.58827e-030
2.81222e-030
3.05539e-030
3.31944e-030
3.60614e-030
3.91742e-030
4.25537e-030
4.62226e-030
5.02055e-030
5.4529e-030
5.92221e-030
6.4316e-030
6.98449e-030
7.58455e-030
8.23577e-030
8.9425e-030
9.70941e-030
1.05416e-029
1.14446e-029
1.24243e-029
1.34873e-029
1.46406e-029
1.58917e-029
1.7249e-029
1.87213e-029
2.03183e-029
2.20505e-029
2.39292e-029
2.59668e-029
2.81767e-029
3.05731e-029
3.31718e-029
3.59897e-029
3.90452e-029
4.23581e-029
4.59499e-029
4.9844e-029
5.40655e-029
5.86419e-029
6.36026e-029
6.89798e-029
7.48081e-029
8.1125e-029
8.79712e-029
9.53908e-029
1.03431e-028
1.12144e-028
1.21585e-028
1.31815e-028
1.42899e-028
1.54908e-028
1.67918e-028
1.82012e-028
1.9728e-028
2.13819e-028
2.31734e-028
2.51137e-028
2.72153e-028
2.94913e-028
3.19562e-028
3.46255e-028
3.7516e-028
4.06459e-028
4.40349e-028
4.77042e-028
5.16768e-028
5.59777e-028
6.06336e-028
6.56737e-028
7.11295e-028
7.70349e-028
8.34267e-028
9.03446e-028
9.78316e-028
1.05934e-027
1.14702e-027
1.2419e-027
1.34457e-027
1.45566e-027
1.57585e-027
1.70588e-027
1.84656e-027
1.99875e-027
2.16337e-027
2.34145e-027
2.53407e-027
2.7424e-027
2.96773e-027
3.21141e-027
3.47495e-027
3.75993e-027
4.0681e-027
4.40132e-027
4.76161e-027
5.15115e-027
5.5723e-027
6.0276e-027
6.51979e-027
7.05185e-027
7.62697e-027
8.24861e-027
8.9205e-027
9.64667e-027
1.04315e-026
1.12796e-026
1.21961e-026
1.31864e-026
1.42565e-026
1.54127e-026
1.66619e-026
1.80116e-026
1.94696e-026
2.10447e-026
2.27461e-026
2.45839e-026
2.6569e-026
2.8713e-026
3.10286e-026
3.35294e-026
3.62301e-026
3.91464e-026
4.22955e-026
4.56958e-026
4.93671e-026
5.33309e-026
5.76103e-026
6.22302e-026
6.72174e-026
7.26009e-026
7.84119e-026
8.4684e-026
9.14536e-026
9.87597e-026
1.06645e-025
1.15153e-025
1.24335e-025
1.34243e-025
1.44934e-025
1.56469e-025
1.68914e-025
1.8234e-025
1.96824e-025
2.12448e-025
2.29303e-025
2.47483e-025
2.67091e-025
2.8824e-025
3.11049e-025
3.35647e-025
3.62174e-025
3.90778e-025
4.21622e-025
4.5488e-025
4.90738e-025
5.29397e-025
5.71076e-025
6.16007e-025
6.64442e-025
7.16652e-025
7.72928e-025
8.33584e-025
8.98959e-025
9.69415e-025
1.04534e-024
1.12717e-024
1.21534e-024
1.31035e-024
1.41272e-024
1.52301e-024
1.64184e-024
1.76986e-024
1.90777e-024
2.05633e-024
2.21635e-024
2.38872e-024
2.57437e-024
2.77432e-024
2.98966e-024
3.22157e-024
3.4713e-024
3.74022e-024
4.02978e-024
4.34155e-024
4.67723e-024
5.03862e-024
5.42768e-024
5.84652e-024
6.29738e-024
6.78269e-024
7.30505e-024
7.86729e-024
8.47239e-024
9.12361e-024
9.82443e-024
1.05786e-023
1.13901e-023
1.22633e-023
1.32028e-023
1.42137e-023
1.53012e-023
1.64711e-023
1.77297e-023
1.90835e-023
2.05398e-023
2.21062e-023
2.37909e-023
2.56028e-023
2.75514e-023
2.96469e-023
3.19003e-023
3.43234e-023
3.69288e-023
3.97302e-023
4.2742e-023
4.598e-023
4.9461e-023
5.3203e-023
5.72255e-023
6.15492e-023
6.61965e-023
7.11914e-023
7.65596e-023
8.23288e-023
8.85285e-023
9.51906e-023
1.02349e-022
1.10041e-022
1.18306e-022
1.27185e-022
1.36724e-022
1.46972e-022
1.57981e-022
1.69806e-022
1.82508e-022
1.9615e-022
2.10803e-022
2.2654e-022
2.4344e-022
2.61588e-022
2.81077e-022
3.02003e-022
3.24472e-022
3.48597e-022
3.74497e-022
4.02303e-022
4.32154e-022
4.64198e-022
4.98594e-022
5.35514e-022
5.75141e-022
6.17672e-022
6.63317e-022
7.12301e-022
7.64867e-022
8.21274e-022
8.81799e-022
9.46741e-022
1.01642e-021
1.09117e-021
1.17137e-021
1.2574e-021
1.34969e-021
1.44868e-021
1.55487e-021
1.66875e-021
1.7909e-021
1.92189e-021
2.06237e-021
2.21302e-021
2.37456e-021
2.54777e-021
2.73349e-021
2.9326e-021
3.14608e-021
3.37494e-021
3.62027e-021
3.88326e-021
4.16516e-021
4.46732e-021
4.79117e-021
5.13825e-021
5.51023e-021
5.90885e-021
6.33602e-021
6.79374e-021
7.2842e-021
7.8097e-021
8.37272e-021
8.9759e-021
9.62209e-021
1.03143e-020
1.10558e-020
1.18501e-020
1.27008e-020
1.3612e-020
1.45879e-020
1.5633e-020
1.67521e-020
1.79506e-020
1.92339e-020
2.0608e-020
2.20792e-020
2.36544e-020
2.53407e-020
2.7146e-020
2.90785e-020
3.11471e-020
3.33614e-020
3.57314e-020
3.8268e-020
4.09827e-020
4.38879e-020
4.6997e-020
5.03239e-020
5.38838e-020
5.76928e-020
6.17682e-020
6.61284e-020
7.0793e-020
7.57832e-020
8.11213e-020
8.68314e-020
9.2939e-020
9.94716e-020
1.06458e-019
1.13931e-019
1.21922e-019
1.30467e-019
1.39605e-019
1.49376e-019
1.59823e-019
1.70993e-019
1.82935e-019
1.95702e-019
2.0935e-019
2.23939e-019
2.39534e-019
2.56203e-019
2.74019e-019
2.9306e-019
3.1341e-019
3.35157e-019
3.58397e-019
3.8323e-019
4.09764e-019
4.38115e-019
4.68406e-019
5.00768e-019
5.35341e-019
5.72273e-019
6.11725e-019
6.53866e-019
6.98878e-019
7.46953e-019
7.98299e-019
8.53133e-019
9.11692e-019
9.74224e-019
1.041e-018
1.11229e-018
1.18842e-018
1.26969e-018
1.35647e-018
1.4491e-018
1.54798e-018
1.65354e-018
1.76621e-018
1.88647e-018
2.01483e-018
2.15182e-018
2.29801e-018
2.45403e-018
2.62051e-018
2.79815e-018
2.9877e-018
3.18994e-018
3.40571e-018
3.63591e-018
3.88148e-018
4.14344e-018
4.42288e-018
4.72094e-018
5.03886e-018
5.37793e-018
5.73955e-018
6.1252e-018
6.53646e-018
6.975e-018
7.44262e-018
7.94121e-018
8.47281e-018
9.03958e-018
9.64381e-018
1.02879e-017
1.09746e-017
1.17065e-017
1.24867e-017
1.33182e-017
1.42044e-017
1.51489e-017
1.61555e-017
1.72281e-017
1.83711e-017
1.9589e-017
2.08866e-017
2.22692e-017
2.37422e-017
2.53114e-017
2.69831e-017
2.87638e-017
3.06607e-017
3.26811e-017
3.4833e-017
3.71248e-017
3.95656e-017
4.21649e-017
4.49329e-017
4.78803e-017
5.10187e-017
5.43602e-017
5.79179e-017
6.17056e-017
6.57379e-017
7.00304e-017
7.45997e-017
7.94635e-017
8.46404e-017
9.01503e-017
9.60144e-017
1.02255e-016
1.08897e-016
1.15964e-016
1.23484e-016
1.31486e-016
1.39999e-016
1.49057e-016
1.58694e-016
1.68946e-016
1.79851e-016
1.91452e-016
2.03791e-016
2.16916e-016
2.30874e-016
2.4572e-016
2.61508e-016
2.78298e-016
2.96151e-016
3.15135e-016
3.35321e-016
3.56782e-016
3.796e-016
4.03858e-016
4.29646e-016
4.57059e-016
4.86199e-016
5.17172e-016
5.50093e-016
5.85082e-016
6.22267e-016
6.61785e-016
7.03779e-016
7.48403e-016
7.9582e-016
8.46201e-016
8.9973e-016
9.56599e-016
1.01702e-015
1.0812e-015
1.14938e-015
1.2218e-015
1.29872e-015
1.38042e-015
1.4672e-015
1.55935e-015
1.65722e-015
1.76114e-015
1.8715e-015
1.98868e-015
2.11309e-015
2.24519e-015
2.38543e-015
2.53431e-015
2.69236e-015
2.86013e-015
3.03821e-015
3.22723e-015
3.42785e-015
3.64077e-015
3.86673e-015
4.10653e-015
4.361e-015
4.63101e-015
4.91752e-015
5.2215e-015
5.54402e-015
5.88619e-015
6.24918e-015
6.63424e-015
7.0427e-015
7.47597e-015
7.93551e-015
8.42291e-015
8.93983e-015
9.48802e-015
1.00694e-014
1.06858e-014
1.13395e-014
1.20326e-014
1.27675e-014
1.35466e-014
1.43725e-014
1.52482e-014
1.61764e-014
1.71603e-014
1.82032e-014
1.93086e-014
2.04802e-014
2.17219e-014
2.30377e-014
2.44321e-014
2.59097e-014
2.74754e-014
2.91343e-014
3.08919e-014
3.27541e-014
3.47268e-014
3.68167e-014
3.90305e-014
4.13755e-014
4.38594e-014
4.64901e-014
4.92764e-014
5.22272e-014
5.53521e-014
5.86613e-014
6.21654e-014
6.58757e-014
6.98042e-014
7.39635e-014
7.8367e-014
8.30288e-014
8.79638e-014
9.31877e-014
9.87173e-014
1.0457e-013
1.10765e-013
1.17321e-013
1.24259e-013
1.31602e-013
1.39372e-013
1.47593e-013
1.56293e-013
1.65497e-013
1.75235e-013
1.85538e-013
1.96437e-013
2.07967e-013
2.20163e-013
2.33064e-013
2.46709e-013
2.6114e-013
2.76403e-013
2.92544e-013
3.09614e-013
3.27664e-013
3.4675e-013
3.66931e-013
3.88268e-013
4.10826e-013
4.34675e-013
4.59887e-013
4.86539e-013
5.1471e-013
5.44488e-013
5.75962e-013
6.09226e-013
6.44381e-013
6.81534e-013
7.20794e-013
7.6228e-013
8.06117e-013
8.52435e-013
9.01372e-013
9.53073e-013
1.00769e-012
1.06539e-012
1.12635e-012
1.19073e-012
1.25873e-012
1.33056e-012
1.40642e-012
1.48653e-012
1.57114e-012
1.66048e-012
1.75482e-012
1.85444e-012
1.95961e-012
2.07066e-012
2.18789e-012
2.31166e-012
2.44231e-012
2.58023e-012
2.7258e-012
2.87946e-012
3.04163e-012
3.21279e-012
3.39343e-012
3.58404e-012
3.78519e-012
3.99745e-012
4.22141e-012
4.4577e-012
4.707e-012
4.97002e-012
5.24748e-012
5.54018e-012
5.84893e-012
6.17459e-012
6.51809e-012
6.88037e-012
7.26244e-012
7.66538e-012
8.09029e-012
8.53836e-012
9.01083e-012
9.50899e-012
1.00342e-011
1.0588e-011
1.11718e-011
1.17872e-011
1.24359e-011
1.31198e-011
1.38406e-011
1.46003e-011
1.5401e-011
1.62448e-011
1.71341e-011
1.80712e-011
1.90587e-011
2.00992e-011
2.11955e-011
2.23506e-011
2.35675e-011
2.48495e-011
2.62e-011
2.76226e-011
2.91211e-011
3.06995e-011
3.23619e-011
3.41127e-011
3.59566e-011
3.78983e-011
3.99431e-011
4.20962e-011
4.43633e-011
4.67503e-011
4.92634e-011
5.19092e-011
5.46946e-011
5.76267e-011
6.07132e-011
6.39619e-011
6.73814e-011
7.09804e-011
7.47681e-011
7.87542e-011
8.2949e-011
8.73631e-011
9.20078e-011
9.68949e-011
1.02037e-010
1.07447e-010
1.13138e-010
1.19125e-010
1.25423e-010
1.32048e-010
1.39017e-010
1.46346e-010
1.54055e-010
1.62162e-010
1.70687e-010
1.79653e-010
1.8908e-010
1.98993e-010
2.09416e-010
2.20375e-010
2.31896e-010
2.44008e-010
2.56741e-010
2.70125e-010
2.84194e-010
2.98982e-010
3.14524e-010
3.30859e-010
3.48026e-010
3.66067e-010
3.85025e-010
4.04945e-010
4.25877e-010
4.47869e-010
4.70975e-010
4.9525e-010
5.20752e-010
5.47542e-010
5.75683e-010
6.05241e-010
6.36288e-010
6.68896e-010
7.03142e-010
7.39107e-010
7.76875e-010
8.16535e-010
8.5818e-010
9.01906e-010
9.47816e-010
9.96017e-010
1.04662e-009
1.09974e-009
1.15551e-009
1.21404e-009
1.27548e-009
1.33997e-009
1.40765e-009
1.47868e-009
1.55323e-009
1.63145e-009
1.71354e-009
1.79967e-009
1.89004e-009
1.98486e-009
2.08433e-009
2.18869e-009
2.29817e-009
2.41301e-009
2.53347e-009
2.65982e-009
2.79234e-009
2.93132e-009
3.07708e-009
3.22994e-009
3.39023e-009
3.55831e-009
3.73455e-009
3.91933e-009
4.11306e-009
4.31617e-009
4.5291e-009
4.75231e-009
4.98628e-009
5.23154e-009
5.48859e-009
5.75801e-009
6.04037e-009
6.33628e-009
6.64638e-009
6.97133e-009
7.31182e-009
7.66859e-009
8.04238e-009
8.43401e-009
8.84428e-009
9.27409e-009
9.72432e-009
1.01959e-008
1.06899e-008
1.12073e-008
1.17492e-008
1.23167e-008
1.29111e-008
1.35334e-008
1.41852e-008
1.48676e-008
1.55821e-008
1.63301e-008
1.71133e-008
1.79332e-008
1.87915e-008
1.969e-008
2.06305e-008
2.16149e-008
2.26451e-008
2.37234e-008
2.48519e-008
2.60328e-008
2.72686e-008
2.85617e-008
2.99147e-008
3.13304e-008
3.28115e-008
3.4361e-008
3.59821e-008
3.76778e-008
3.94516e-008
4.1307e-008
4.32476e-008
4.52772e-008
4.74e-008
4.96199e-008
5.19413e-008
5.43688e-008
5.69071e-008
5.95611e-008
6.2336e-008
6.52371e-008
6.82701e-008
7.14407e-008
7.4755e-008
7.82195e-008
8.18407e-008
8.56255e-008
8.95812e-008
9.37152e-008
9.80355e-008
1.0255e-007
1.07268e-007
1.12197e-007
1.17347e-007
1.22728e-007
1.2835e-007
1.34223e-007
1.40358e-007
1.46767e-007
1.53461e-007
1.60453e-007
1.67755e-007
1.75382e-007
1.83347e-007
1.91665e-007
2.00351e-007
2.0942e-007
2.1889e-007
2.28778e-007
2.39101e-007
2.49878e-007
2.61128e-007
2.72873e-007
2.85132e-007
2.97928e-007
3.11284e-007
3.25223e-007
3.39771e-007
3.54952e-007
3.70795e-007
3.87327e-007
4.04577e-007
4.22575e-007
4.41354e-007
4.60945e-007
4.81384e-007
5.02705e-007
5.24946e-007
5.48146e-007
5.72344e-007
5.97582e-007
6.23904e-007
6.51355e-007
6.79982e-007
7.09835e-007
7.40963e-007
7.73419e-007
8.0726e-007
8.42542e-007
8.79326e-007
9.17672e-007
9.57645e-007
9.99313e-007
1.04275e-006
1.08801e-006
1.1352e-006
1.18437e-006
1.23561e-006
1.28901e-006
1.34466e-006
1.40264e-006
1.46306e-006
1.526e-006
1.59158e-006
1.6599e-006
1.73107e-006
1.80521e-006
1.88244e-006
1.96287e-006
2.04665e-006
2.13391e-006
2.22478e-006
2.31941e-006
2.41796e-006
2.52057e-006
2.62742e-006
2.73866e-006
2.85449e-006
2.97507e-006
3.1006e-006
3.23128e-006
3.36731e-006
3.5089e-006
3.65627e-006
3.80966e-006
3.96929e-006
4.13542e-006
4.3083e-006
4.4882e-006
4.67539e-006
4.87016e-006
5.07281e-006
5.28364e-006
5.50298e-006
5.73116e-006
5.96851e-006
6.21541e-006
6.47222e-006
6.73932e-006
7.01712e-006
7.30603e-006
7.60648e-006
7.91891e-006
8.24379e-006
8.5816e-006
8.93283e-006
9.29801e-006
9.67766e-006
1.00723e-005
1.04826e-005
1.09091e-005
1.13524e-005
1.18132e-005
1.22921e-005
1.27898e-005
1.33071e-005
1.38446e-005
1.44031e-005
1.49835e-005
1.55866e-005
1.62131e-005
1.68641e-005
1.75404e-005
1.82429e-005
1.89727e-005
1.97308e-005
2.05182e-005
2.1336e-005
2.21854e-005
2.30675e-005
2.39836e-005
2.49349e-005
2.59227e-005
2.69484e-005
2.80133e-005
2.9119e-005
3.02669e-005
3.14586e-005
3.26957e-005
3.39798e-005
3.53128e-005
3.66962e-005
3.81322e-005
3.96224e-005
4.1169e-005
4.27739e-005
4.44393e-005
4.61674e-005
4.79605e-005
4.98208e-005
5.1751e-005
5.37533e-005
5.58306e-005
5.79854e-005
6.02205e-005
6.25389e-005
6.49435e-005
6.74375e-005
7.00239e-005
7.27061e-005
7.54875e-005
7.83716e-005
8.13622e-005
8.44629e-005
8.76777e-005
9.10106e-005
9.44657e-005
9.80475e-005
0.00010176
0.000105609
0.000109598
0.000113732
0.000118017
0.000122457
0.000127058
0.000131827
0.000136767
0.000141887
0.000147191
0.000152686
0.000158379
0.000164276
0.000170386
0.000176714
0.000183268
0.000190057
0.000197088
0.00020437
0.00021191
0.000219719
0.000227805
0.000236177
0.000244846
0.00025382
0.000263112
0.000272731
0.000282688
0.000292995
0.000303664
0.000314707
0.000326136
0.000337964
0.000350204
0.000362871
0.000375979
0.000389542
0.000403576
0.000418095
0.000433116
0.000448657
0.000464733
0.000481362
0.000498564
0.000516355
0.000534757
0.000553789
0.000573471
0.000593825
0.000614873
0.000636637
0.00065914
0.000682407
0.000706463
0.000731332
0.000757041
0.000783617
0.000811089
0.000839484
0.000868832
0.000899165
0.000930513
0.000962909
0.000996386
0.00103098
0.00106672
0.00110366
0.00114181
0.00118123
0.00122196
0.00126403
0.00130748
0.00135237
0.00139874
0.00144662
0.00149608
0.00154715
0.00159989
0.00165435
0.00171059
0.00176866
0.00182861
0.0018905
0.0019544
0.00202037
0.00208846
0.00215874
0.00223129
0.00230617
0.00238345
0.0024632
0.00254551
0.00263044
0.00271807
0.0028085
0.0029018
0.00299806
0.00309736
0.00319981
0.00330549
0.0034145
0.00352694
0.00364291
0.00376252
0.00388587
0.00401309
0.00414427
0.00427954
0.00441902
0.00456283
0.0047111
0.00486397
0.00502156
0.00518401
0.00535146
0.00552407
0.00570198
0.00588534
0.00607432
0.00626907
0.00646976
0.00667657
0.00688966
0.00710923
0.00733544
0.0075685
0.0078086
0.00805594
0.00831073
0.00857318
0.0088435
0.00912191
0.00940865
0.00970395
0.0100081
0.0103212
0.0106437
0.0109757
0.0113175
0.0116694
0.0120318
0.0124047
0.0127887
0.0131839
0.0135907
0.0140094
0.0144404
0.0148838
0.0153402
0.0158099
0.0162931
0.0167904
0.017302
0.0178283
0.0183698
0.0189269
0.0195
0.0200895
0.0206958
0.0213194
0.0219608
0.0226205
0.0232988
0.0239964
0.0247137
0.0254513
0.0262096
0.0269893
0.0277909
0.0286149
0.0294621
0.0303328
0.0312279
0.0321478
0.0330933
0.034065
0.0350636
0.0360898
0.0371443
0.0382279
0.0393412
0.040485
0.0416601
0.0428673
0.0441075
0.0453814
0.0466899
0.0480339
0.0494143
0.050832
0.0522879
0.0537829
0.0553182
0.0568946
0.0585132
0.060175
0.0618812
0.0636327
0.0654308
0.0672765
0.069171
0.0711156
0.0731114
0.0751598
0.0772619
0.0794191
0.0816326
0.083904
0.0862345
0.0886257
0.0910788
0.0935955
0.0961773
0.0988256
0.101542
0.104328
0.107186
0.110117
0.113123
0.116205
0.119366
0.122607
0.12593
0.129337
0.13283
0.136411
0.140082
0.143846
0.147703
0.151657
0.155709
0.159862
0.164118
0.168479
0.172949
0.177528
0.182221
0.187029
0.191954
0.197
0.202169
0.207465
0.212888
0.218444
0.224134
0.229961
0.235929
0.242041
0.248299
0.254707
0.261269
0.267986
0.274864
0.281905
0.289113
0.296491
0.304044
0.311774
0.319686
0.327783
0.336069
0.344549
0.353227
0.362106
0.371191
0.380486
0.389995
0.399724
0.409676
0.419856
0.430269
0.44092
0.451813
0.462954
0.474347
0.485998
0.497912
0.510094
0.52255
0.535285
0.548304
0.561614
0.57522
0.589129
0.603345
0.617875
0.632726
0.647904
0.663414
0.679264
0.695461
0.71201
0.728919
0.746194
0.763844
0.781874
0.800292
0.819106
0.838323
0.857951
0.877997
0.89847
0.919377
0.940727
0.962527
0.984786
1.00751
1.03072
1.05441
1.07859
1.10327
1.12847
1.15419
1.18044
1.20723
1.23457
1.26248
1.29095
1.32
1.34964
1.37989
1.41074
1.44222
1.47433
1.50709
1.5405
1.57458
1.60934
1.64479
1.68094
1.7178
1.75539
1.79372
1.8328
1.87265
1.91327
1.95468
1.9969
2.03993
2.08379
2.12849
2.17406
2.22049
2.26781
2.31603
2.36516
2.41523
2.46623
2.5182
2.57114
2.62507
2.68001
2.73597
2.79297
2.85102
2.91015
2.97036
3.03167
3.09411
3.15768
3.22241
3.28831
3.3554
3.4237
3.49323
3.56401
3.63605
3.70937
3.78399
3.85993
3.93721
4.01586
4.09588
4.1773
4.26014
4.34442
4.43016
4.51738
4.60611
4.69635
4.78815
4.8815
4.97645
5.073
5.17119
5.27103
5.37254
5.47576
5.58069
5.68738
5.79583
5.90607
6.01813
6.13202
6.24778
6.36543
6.48499
6.60649
6.72995
6.8554
6.98285
7.11235
7.24391
7.37755
7.51331
7.65122
7.79128
7.93355
8.07803
8.22476
8.37376
8.52506
8.67869
8.83468
8.99305
9.15383
9.31705
9.48273
9.65091
9.82162
9.99488
10.1707
10.3492
10.5303
10.714
10.9005
11.0896
11.2816
11.4763
11.6738
11.8742
12.0775
12.2836
12.4927
12.7048
12.9198
13.1379
13.359
13.5833
13.8106
14.0411
14.2748
14.5116
14.7518
14.9952
15.2419
15.4919
15.7453
16.0021
16.2623
16.526
16.7931
17.0638
17.3381
17.6159
17.8974
18.1824
18.4712
18.7637
19.0599
19.3599
19.6637
19.9713
20.2828
20.5982
20.9175
21.2408
21.568
21.8993
22.2346
22.574
22.9175
23.2652
23.617
23.973
24.3333
24.6978
25.0666
25.4397
25.8171
26.199
26.5852
26.9759
27.371
27.7706
28.1748
28.5835
28.9967
29.4146
29.8371
30.2642
30.696
31.1325
31.5738
32.0198
32.4706
32.9262
33.3866
33.8519
34.3221
34.7972
35.2772
35.7621
36.252
36.747
37.2469
37.7519
38.2619
38.777
39.2972
39.8225
40.3529
40.8885
41.4293
41.9753
42.5265
43.0829
43.6445
44.2114
44.7836
45.361
45.9437
46.5318
47.1252
47.7239
48.328
48.9374
49.5522
50.1723
50.7979
51.4288
52.0652
52.7069
53.3541
54.0067
54.6647
55.3282
55.9971
56.6714
57.3512
58.0364
58.727
59.4231
60.1246
60.8316
61.544
62.2618
62.9851
63.7138
64.4479
65.1874
65.9323
66.6826
67.4383
68.1994
68.9658
69.7376
70.5147
71.2972
72.085
72.878
73.6764
74.48
75.2888
76.1029
76.9222
77.7467
78.5763
79.4111
80.251
81.096
81.946
82.8011
83.6612
84.5263
85.3964
86.2713
87.1512
88.0359
88.9254
89.8197
90.7188
91.6226
92.5311
93.4442
94.3619
95.2842
96.211
97.1422
98.0779
99.018
99.9624
100.911
101.864
102.821
103.782
104.748
105.717
106.691
107.668
108.649
109.634
110.623
111.615
112.611
113.611
114.614
115.621
116.631
117.644
118.661
119.681
120.704
121.73
122.759
123.79
124.825
125.863
126.903
127.946
128.991
130.039
131.089
132.141
133.196
134.253
135.312
136.372
137.435
138.5
139.566
140.634
141.703
142.774
143.847
144.92
145.995
147.071
148.148
149.225
150.304
151.383
152.463
153.544
154.625
155.706
156.787
157.869
158.95
160.032
161.113
162.194
163.275
164.355
165.435
166.514
167.592
168.669
169.745
170.82
171.894
172.967
174.038
175.107
176.175
177.241
178.306
179.368
180.428
181.486
182.541
183.594
184.645
185.693
186.738
187.78
188.819
189.855
190.888
191.918
192.944
193.966
194.985
196
197.011
198.018
199.021
200.019
201.013
202.003
202.988
203.968
204.944
205.914
206.879
207.84
208.794
209.744
210.688
211.626
212.559
213.485
214.406
215.321
216.229
217.131
218.027
218.916
219.798
220.674
221.543
222.405
223.259
224.107
224.947
225.78
226.605
227.423
228.233
229.035
229.83
230.616
231.394
232.164
232.925
233.679
234.423
235.159
235.886
236.605
237.314
238.015
238.706
239.389
240.062
240.725
241.38
242.024
242.659
243.285
243.9
244.506
245.102
245.687
246.263
246.828
247.383
247.928
248.462
248.986
249.499
250.002
250.494
250.975
251.446
251.905
252.354
252.791
253.218
253.633
254.037
254.43
254.811
255.182
255.54
255.888
256.223
256.548
256.86
257.161
257.451
257.728
257.994
258.248
258.49
258.721
258.939
259.146
259.34
259.523
259.693
259.852
259.998
260.133
260.255
260.365
260.463
260.549
260.623
260.684
260.734
260.771
260.796
260.809
260.809
260.798
260.774
260.738
260.69
260.63
260.557
260.473
260.376
260.267
260.146
260.013
259.868
259.71
259.541
259.36
259.167
258.961
258.744
258.515
258.274
258.021
257.757
257.48
257.192
256.892
256.581
256.258
255.923
255.577
255.22
254.851
254.47
254.079
253.676
253.262
252.836
252.4
251.953
251.494
251.025
250.545
250.054
249.553
249.041
248.518
247.985
247.441
246.887
246.323
245.748
245.163
244.569
243.964
243.35
242.725
242.091
241.448
240.795
240.132
239.46
238.779
238.088
237.388
236.68
235.962
235.236
234.501
233.757
233.005
232.244
231.475
230.698
229.913
229.119
228.318
227.509
226.692
225.867
225.035
224.196
223.349
222.495
221.634
220.766
219.891
219.009
218.12
217.225
216.324
215.416
214.502
213.582
212.656
211.724
210.787
209.843
208.894
207.94
206.98
206.016
205.046
204.071
203.091
202.106
201.117
200.124
199.126
198.123
197.117
196.106
195.092
194.073
193.051
192.026
190.996
189.964
188.928
187.889
186.847
185.803
184.755
183.705
182.652
181.597
180.539
179.479
178.417
177.353
176.287
175.219
174.15
173.079
172.007
170.933
169.858
168.782
167.705
166.627
165.548
164.468
163.388
162.308
161.227
160.145
159.064
157.982
156.901
155.819
154.738
153.657
152.577
151.497
150.417
149.339
148.261
147.184
146.108
145.033
143.959
142.887
141.816
140.746
139.678
138.612
137.547
136.484
135.423
134.364
133.307
132.252
131.199
130.149
129.101
128.055
127.012
125.972
124.934
123.899
122.867
121.837
120.811
119.788
118.768
117.751
116.737
115.727
114.72
113.716
112.716
111.72
110.727
109.738
108.752
107.771
106.793
105.819
104.849
103.884
102.922
101.964
101.011
100.062
99.1169
98.1764
97.2402
96.3085
95.3812
94.4585
93.5403
92.6267
91.7177
90.8135
89.9139
89.0191
88.129
87.2438
86.3634
85.488
84.6174
83.7518
82.8912
82.0355
81.185
80.3394
79.499
78.6637
77.8335
77.0085
76.1887
75.374
74.5646
73.7605
72.9616
72.1679
71.3796
70.5966
69.8189
69.0466
68.2796
67.5179
66.7617
66.0108
65.2653
64.5252
63.7906
63.0613
62.3375
61.6191
60.9061
60.1986
59.4965
58.7998
58.1086
57.4228
56.7425
56.0676
55.3981
54.7341
54.0755
53.4223
52.7746
52.1323
51.4953
50.8638
50.2377
49.617
49.0016
48.3917
47.787
47.1878
46.5938
46.0052
45.4219
44.8439
44.2712
43.7037
43.1416
42.5846
42.0329
41.4864
40.9451
40.4089
39.8779
39.3521
38.8313
38.3157
37.8051
37.2996
36.7992
36.3037
35.8133
35.3278
34.8473
34.3717
33.901
33.4352
32.9743
32.5182
32.0669
31.6204
31.1786
30.7416
30.3093
29.8817
29.4587
29.0403
28.6266
28.2174
27.8128
27.4127
27.0171
26.626
26.2393
25.857
25.4791
25.1055
24.7363
24.3713
24.0106
23.6542
23.3019
22.9538
22.6099
22.27
21.9343
21.6026
21.2749
20.9512
20.6315
20.3157
20.0038
19.6958
19.3916
19.0912
18.7946
18.5017
18.2126
17.9271
17.6453
17.3671
17.0924
16.8214
16.5538
16.2898
16.0292
15.7721
15.5183
15.2679
15.0209
14.7772
14.5367
14.2995
14.0655
13.8346
13.607
13.3824
13.161
12.9426
12.7272
12.5148
12.3054
12.099
11.8954
11.6947
11.4969
11.3019
11.1096
10.9202
10.7334
10.5494
10.368
10.1893
10.0132
9.83968
9.66871
9.50027
9.33432
9.17084
9.00981
8.85119
8.69495
8.54107
8.38953
8.24029
8.09332
7.9486
7.80611
7.66581
7.52769
7.3917
7.25783
7.12606
6.99635
6.86868
6.74302
6.61936
6.49765
6.37789
6.26004
6.14408
6.02999
5.91774
5.80731
5.69867
5.59181
5.48669
5.38329
5.2816
5.18159
5.08323
4.9865
4.89139
4.79787
4.70591
4.61551
4.52662
4.43925
4.35335
4.26892
4.18593
4.10436
4.02419
3.9454
3.86798
3.7919
3.71714
3.64368
3.57151
3.5006
3.43094
3.36251
3.29529
3.22927
3.16442
3.10072
3.03817
2.97674
2.91641
2.85718
2.79901
2.74191
2.68584
2.63079
2.57676
2.52371
2.47164
2.42053
2.37037
2.32114
2.27283
2.22541
2.17889
2.13324
2.08844
2.04449
2.00138
1.95908
1.91758
1.87688
1.83695
1.79779
1.75938
1.72171
1.68477
1.64855
1.61303
1.5782
1.54405
1.51056
1.47774
1.44556
1.41402
1.3831
1.35279
1.32308
1.29397
1.26544
1.23748
1.21008
1.18323
1.15692
1.13115
1.10589
1.08116
1.05692
1.03318
1.00993
0.987149
0.964841
0.942993
0.921597
0.900643
0.880126
0.860035
0.840364
0.821104
0.802248
0.783788
0.765718
0.748029
0.730714
0.713767
0.697181
0.680948
0.665062
0.649516
0.634304
0.619419
0.604855
0.590606
0.576666
0.563028
0.549687
0.536638
0.523873
0.511389
0.499178
0.487236
0.475558
0.464138
0.452971
0.442052
0.431376
0.420938
0.410734
0.400758
0.391006
0.381474
0.372156
0.36305
0.354149
0.345451
0.33695
0.328644
0.320527
0.312596
0.304847
0.297276
0.289879
0.282654
0.275595
0.268701
0.261966
0.255389
0.248965
0.242691
0.236564
0.230581
0.224739
0.219035
0.213465
0.208028
0.202719
0.197537
0.192478
0.18754
0.18272
0.178016
0.173424
0.168943
0.164571
0.160304
0.15614
0.152077
0.148113
0.144246
0.140473
0.136792
0.133202
0.1297
0.126284
0.122952
0.119702
0.116533
0.113443
0.110429
0.10749
0.104625
0.101831
0.0991075
0.0964521
0.0938634
0.0913399
0.0888802
0.0864826
0.0841458
0.0818683
0.0796487
0.0774856
0.0753778
0.0733239
0.0713226
0.0693727
0.067473
0.0656222
0.0638192
0.0620628
0.060352
0.0586856
0.0570625
0.0554817
0.0539422
0.0524429
0.0509829
0.0495613
0.048177
0.0468293
0.0455171
0.0442396
0.0429959
0.0417853
0.0406068
0.0394597
0.0383433
0.0372567
0.0361992
0.03517
0.0341686
0.0331941
0.0322458
0.0313232
0.0304256
0.0295523
0.0287028
0.0278763
0.0270724
0.0262904
0.0255299
0.0247902
0.0240707
0.0233711
0.0226908
0.0220292
0.0213859
0.0207604
0.0201523
0.0195611
0.0189863
0.0184276
0.0178844
0.0173565
0.0168434
0.0163446
0.0158599
0.0153889
0.0149311
0.0144863
0.0140541
0.0136341
0.0132261
0.0128296
0.0124445
0.0120704
0.011707
0.011354
0.0110111
0.010678
0.0103546
0.0100405
0.00973545
0.00943924
0.00915161
0.00887233
0.00860117
0.00833791
0.00808233
0.00783422
0.00759337
0.00735958
0.00713265
0.0069124
0.00669863
0.00649118
0.00628985
0.00609448
0.00590491
0.00572097
0.00554249
0.00536933
0.00520134
0.00503837
0.00488028
0.00472693
0.00457818
0.00443391
0.00429398
0.00415827
0.00402666
0.00389904
0.00377529
0.00365529
0.00353894
0.00342613
0.00331677
0.00321074
0.00310796
0.00300833
0.00291176
0.00281815
0.00272743
0.00263951
0.00255429
0.00247172
0.0023917
0.00231417
0.00223904
0.00216625
0.00209573
0.00202741
0.00196123
0.00189711
0.00183501
0.00177486
0.0017166
0.00166017
0.00160553
0.00155261
0.00150136
0.00145174
0.00140369
0.00135717
0.00131213
0.00126852
0.00122631
0.00118545
0.00114589
0.0011076
0.00107054
0.00103468
0.000999964
0.000966371
0.000933863
0.000902407
0.000871969
0.000842518
0.000814025
0.000786458
0.000759789
0.00073399
0.000709034
0.000684895
0.000661546
0.000638963
0.000617123
0.000596001
0.000575575
0.000555824
0.000536725
0.000518258
0.000500403
0.00048314
0.000466452
0.000450318
0.000434723
0.000419647
0.000405076
0.000390993
0.000377381
0.000364226
0.000351513
0.000339229
0.000327358
0.000315888
0.000304805
0.000294098
0.000283753
0.00027376
0.000264106
0.00025478
0.000245773
0.000237073
0.00022867
0.000220554
0.000212717
0.000205149
0.00019784
0.000190783
0.000183969
0.000177391
0.000171039
0.000164907
0.000158988
0.000153274
0.000147758
0.000142434
0.000137296
0.000132337
0.000127551
0.000122932
0.000118475
0.000114174
0.000110025
0.000106021
0.000102158
9.84309e-005
9.48356e-005
9.13674e-005
8.80218e-005
8.47948e-005
8.16824e-005
7.86804e-005
7.57853e-005
7.29932e-005
7.03008e-005
6.77045e-005
6.5201e-005
6.27872e-005
6.04599e-005
5.82161e-005
5.6053e-005
5.39678e-005
5.19577e-005
5.00201e-005
4.81525e-005
4.63525e-005
4.46177e-005
4.29458e-005
4.13346e-005
3.9782e-005
3.8286e-005
3.68444e-005
3.54555e-005
3.41174e-005
3.28282e-005
3.15863e-005
3.03899e-005
2.92375e-005
2.81274e-005
2.70583e-005
2.60285e-005
2.50368e-005
2.40818e-005
2.31621e-005
2.22764e-005
2.14237e-005
2.06026e-005
1.9812e-005
1.90509e-005
1.83182e-005
1.76129e-005
1.69339e-005
1.62803e-005
1.56512e-005
1.50457e-005
1.4463e-005
1.39022e-005
1.33625e-005
1.28432e-005
1.23434e-005
1.18626e-005
1.13999e-005
1.09548e-005
1.05266e-005
1.01147e-005
9.71836e-006
9.33716e-006
8.97049e-006
8.61782e-006
8.27863e-006
7.95241e-006
7.6387e-006
7.33701e-006
7.04691e-006
6.76797e-006
6.49976e-006
6.24189e-006
5.99397e-006
5.75563e-006
5.5265e-006
5.30625e-006
5.09454e-006
4.89105e-006
4.69547e-006
4.50749e-006
4.32684e-006
4.15324e-006
3.98641e-006
3.82611e-006
3.67208e-006
3.52409e-006
3.3819e-006
3.2453e-006
3.11407e-006
2.98801e-006
2.86692e-006
2.7506e-006
2.63888e-006
2.53158e-006
2.42853e-006
2.32957e-006
2.23453e-006
2.14327e-006
2.05564e-006
1.97151e-006
1.89072e-006
1.81317e-006
1.73871e-006
1.66723e-006
1.59862e-006
1.53276e-006
1.46954e-006
1.40887e-006
1.35063e-006
1.29475e-006
1.24111e-006
1.18965e-006
1.14026e-006
1.09287e-006
1.04741e-006
1.00379e-006
9.61937e-007
9.21789e-007
8.83275e-007
8.46331e-007
8.10894e-007
7.76905e-007
7.44305e-007
7.1304e-007
6.83057e-007
6.54304e-007
6.26731e-007
6.00293e-007
5.74943e-007
5.50638e-007
5.27335e-007
5.04995e-007
4.83579e-007
4.6305e-007
4.43371e-007
4.24509e-007
4.0643e-007
3.89103e-007
3.72497e-007
3.56583e-007
3.41334e-007
3.26721e-007
3.12719e-007
2.99303e-007
2.86449e-007
2.74135e-007
2.62337e-007
2.51036e-007
2.4021e-007
2.2984e-007
2.19908e-007
2.10395e-007
2.01284e-007
1.92559e-007
1.84203e-007
1.76202e-007
1.6854e-007
1.61204e-007
1.5418e-007
1.47455e-007
1.41017e-007
1.34854e-007
1.28954e-007
1.23307e-007
1.17901e-007
1.12727e-007
1.07775e-007
1.03035e-007
9.85e-008
9.41597e-008
9.00065e-008
8.60325e-008
8.22301e-008
7.8592e-008
7.51114e-008
7.17816e-008
6.85962e-008
6.55491e-008
6.26344e-008
5.98466e-008
5.71801e-008
5.46299e-008
5.2191e-008
4.98586e-008
4.76283e-008
4.54956e-008
4.34563e-008
4.15066e-008
3.96424e-008
3.78602e-008
3.61564e-008
3.45277e-008
3.29709e-008
3.14827e-008
3.00603e-008
2.87009e-008
2.74016e-008
2.61599e-008
2.49733e-008
2.38395e-008
2.2756e-008
2.17208e-008
2.07317e-008
1.97867e-008
1.88839e-008
1.80215e-008
1.71976e-008
1.64106e-008
1.5659e-008
1.4941e-008
1.42553e-008
1.36004e-008
1.2975e-008
1.23778e-008
1.18076e-008
1.1263e-008
1.07431e-008
1.02467e-008
9.7728e-009
9.32036e-009
8.88846e-009
8.47617e-009
8.08263e-009
7.707e-009
7.34849e-009
7.00632e-009
6.67977e-009
6.36815e-009
6.07078e-009
5.78703e-009
5.51628e-009
5.25795e-009
5.01148e-009
4.77635e-009
4.55203e-009
4.33805e-009
4.13393e-009
3.93923e-009
3.75353e-009
3.57641e-009
3.4075e-009
3.2464e-009
3.09278e-009
2.9463e-009
2.80661e-009
2.67343e-009
2.54645e-009
2.42538e-009
2.30996e-009
2.19993e-009
2.09505e-009
1.99507e-009
1.89978e-009
1.80895e-009
1.72238e-009
1.63988e-009
1.56126e-009
1.48634e-009
1.41495e-009
1.34692e-009
1.2821e-009
1.22035e-009
1.16152e-009
1.10547e-009
1.05207e-009
1.00121e-009
9.52765e-010
9.0662e-010
8.62669e-010
8.20811e-010
7.80947e-010
7.42985e-010
7.06834e-010
6.72412e-010
6.39635e-010
6.08428e-010
5.78717e-010
5.50431e-010
5.23502e-010
4.97868e-010
4.73467e-010
4.50241e-010
4.28134e-010
4.07094e-010
3.87069e-010
3.68012e-010
3.49878e-010
3.32621e-010
3.162e-010
3.00577e-010
2.85711e-010
2.71569e-010
2.58114e-010
2.45314e-010
2.33139e-010
2.21557e-010
2.10541e-010
2.00063e-010
1.90097e-010
1.8062e-010
1.71607e-010
1.63036e-010
1.54886e-010
1.47137e-010
1.39769e-010
1.32763e-010
1.26103e-010
1.19771e-010
1.13752e-010
1.0803e-010
1.02592e-010
9.74224e-011
9.25091e-011
8.78395e-011
8.34017e-011
7.91844e-011
7.51769e-011
7.13688e-011
6.77505e-011
6.43126e-011
6.10463e-011
5.79432e-011
5.49953e-011
5.21949e-011
4.95347e-011
4.7008e-011
4.46081e-011
4.23287e-011
4.01639e-011
3.8108e-011
3.61557e-011
3.43018e-011
3.25414e-011
3.08699e-011
2.92829e-011
2.77762e-011
2.63458e-011
2.49879e-011
2.36989e-011
2.24753e-011
2.13139e-011
2.02116e-011
1.91653e-011
1.81724e-011
1.72301e-011
1.6336e-011
1.54875e-011
1.46823e-011
1.39184e-011
1.31936e-011
1.2506e-011
1.18537e-011
1.12348e-011
1.06478e-011
1.0091e-011
9.56281e-012
9.06188e-012
8.58678e-012
8.13621e-012
7.70892e-012
7.30373e-012
6.91952e-012
6.55521e-012
6.20979e-012
5.88229e-012
5.57181e-012
5.27747e-012
4.99844e-012
4.73395e-012
4.48324e-012
4.24561e-012
4.02039e-012
3.80694e-012
3.60465e-012
3.41295e-012
3.2313e-012
3.05917e-012
2.89607e-012
2.74154e-012
2.59514e-012
2.45644e-012
2.32504e-012
2.20057e-012
2.08266e-012
1.97098e-012
1.86521e-012
1.76502e-012
1.67014e-012
1.58029e-012
1.4952e-012
1.41462e-012
1.33833e-012
1.26609e-012
1.19769e-012
1.13294e-012
1.07163e-012
1.0136e-012
9.58666e-013
9.06665e-013
8.57445e-013
8.10859e-013
7.66768e-013
7.25041e-013
6.85553e-013
6.48185e-013
6.12825e-013
5.79367e-013
5.4771e-013
5.17759e-013
4.89422e-013
4.62615e-013
4.37256e-013
4.13267e-013
3.90577e-013
3.69114e-013
3.48815e-013
3.29617e-013
3.11461e-013
2.94291e-013
2.78055e-013
2.62702e-013
2.48186e-013
2.3446e-013
2.21483e-013
2.09215e-013
1.97617e-013
1.86653e-013
1.7629e-013
1.66494e-013
1.57234e-013
1.48483e-013
1.40213e-013
1.32397e-013
1.2501e-013
1.18031e-013
1.11435e-013
1.05204e-013
9.9316e-014
9.37534e-014
8.84982e-014
8.35336e-014
7.88439e-014
7.44139e-014
7.02296e-014
6.62775e-014
6.25449e-014
5.90197e-014
5.56906e-014
5.25468e-014
4.95782e-014
4.67751e-014
4.41284e-014
4.16295e-014
3.92703e-014
3.70431e-014
3.49406e-014
3.29558e-014
3.10823e-014
2.9314e-014
2.7645e-014
2.60698e-014
2.45832e-014
2.31803e-014
2.18564e-014
2.06072e-014
1.94284e-014
1.83163e-014
1.72669e-014
1.6277e-014
1.53431e-014
1.44621e-014
1.3631e-014
1.28471e-014
1.21077e-014
1.14103e-014
1.07526e-014
1.01324e-014
9.54744e-015
8.99586e-015
8.47574e-015
7.98532e-015
7.52293e-015
7.08698e-015
6.67599e-015
6.28853e-015
5.92328e-015
5.57899e-015
5.25446e-015
4.94858e-015
4.66029e-015
4.38859e-015
4.13253e-015
3.89123e-015
3.66386e-015
3.4496e-015
3.24773e-015
3.05752e-015
2.87832e-015
2.7095e-015
2.55045e-015
2.40064e-015
2.25951e-015
2.12659e-015
2.00139e-015
1.88347e-015
1.77242e-015
1.66783e-015
1.56935e-015
1.47661e-015
1.38929e-015
1.30707e-015
1.22966e-015
1.15677e-015
1.08816e-015
1.02357e-015
9.6277e-016
9.05537e-016
8.51667e-016
8.00965e-016
7.53245e-016
7.08336e-016
6.66073e-016
6.26302e-016
5.88879e-016
5.53665e-016
5.20533e-016
4.89361e-016
4.60034e-016
4.32445e-016
4.06491e-016
3.82076e-016
3.59112e-016
3.37512e-016
3.17196e-016
2.98089e-016
2.8012e-016
2.63222e-016
2.47332e-016
2.3239e-016
2.1834e-016
2.05131e-016
1.92711e-016
1.81035e-016
1.70059e-016
1.5974e-016
1.50041e-016
1.40924e-016
1.32355e-016
1.24301e-016
1.16731e-016
1.09618e-016
1.02933e-016
9.66513e-017
9.07487e-017
8.52026e-017
7.99917e-017
7.5096e-017
7.04966e-017
6.61759e-017
6.2117e-017
5.83044e-017
5.47232e-017
5.13596e-017
4.82005e-017
4.52336e-017
4.24473e-017
3.98308e-017
3.73738e-017
3.50668e-017
3.29006e-017
3.08668e-017
2.89573e-017
2.71647e-017
2.54819e-017
2.39022e-017
2.24194e-017
2.10276e-017
1.97213e-017
1.84953e-017
1.73447e-017
1.62649e-017
1.52516e-017
1.43008e-017
1.34086e-017
1.25715e-017
1.17861e-017
1.10492e-017
1.0358e-017
9.70949e-018
9.10119e-018
8.5306e-018
7.99542e-018
7.49345e-018
7.02268e-018
6.58117e-018
6.16713e-018
5.77887e-018
5.4148e-018
5.07343e-018
4.75335e-018
4.45327e-018
4.17193e-018
3.90818e-018
3.66094e-018
3.42918e-018
3.21194e-018
3.00832e-018
2.81747e-018
2.63861e-018
2.47099e-018
2.31391e-018
2.16672e-018
2.02879e-018
1.89956e-018
1.77847e-018
1.66502e-018
1.55874e-018
1.45917e-018
1.3659e-018
1.27854e-018
1.1967e-018
1.12005e-018
1.04826e-018
9.81028e-019
9.18063e-019
8.59099e-019
8.03885e-019
7.52185e-019
7.03776e-019
6.58452e-019
6.16018e-019
5.76292e-019
5.39103e-019
5.0429e-019
4.71703e-019
4.41201e-019
4.12652e-019
3.85932e-019
3.60926e-019
3.37524e-019
3.15625e-019
2.95133e-019
2.75958e-019
2.58017e-019
2.41232e-019
2.25527e-019
2.10835e-019
1.97091e-019
1.84235e-019
1.72209e-019
1.6096e-019
1.5044e-019
1.406e-019
1.31398e-019
1.22792e-019
1.14744e-019
1.07219e-019
1.00183e-019
9.36041e-020
8.74532e-020
8.17026e-020
7.63266e-020
7.1301e-020
6.66032e-020
6.2212e-020
5.81077e-020
5.42715e-020
5.06862e-020
4.73356e-020
4.42044e-020
4.12784e-020
3.85443e-020
3.59896e-020
3.36026e-020
3.13725e-020
2.9289e-020
2.73426e-020
2.55244e-020
2.3826e-020
2.22395e-020
2.07577e-020
1.93737e-020
1.80812e-020
1.68741e-020
1.57469e-020
1.46942e-020
1.37113e-020
1.27936e-020
1.19367e-020
1.11367e-020
1.03898e-020
9.69252e-021
9.04165e-021
8.43408e-021
7.86698e-021
7.33766e-021
6.84364e-021
6.38258e-021
5.9523e-021
5.55078e-021
5.17609e-021
4.82647e-021
4.50026e-021
4.1959e-021
3.91194e-021
3.64702e-021
3.39989e-021
3.16936e-021
2.95432e-021
2.75374e-021
2.56666e-021
2.39217e-021
2.22945e-021
2.07769e-021
1.93618e-021
1.80422e-021
1.68117e-021
1.56645e-021
1.45948e-021
1.35976e-021
1.26679e-021
1.18012e-021
1.09933e-021
1.02402e-021
9.53825e-022
8.88402e-022
8.27427e-022
7.70602e-022
7.17645e-022
6.68296e-022
6.22312e-022
5.79465e-022
5.39543e-022
5.02347e-022
4.67694e-022
4.35411e-022
4.05338e-022
3.77324e-022
3.51229e-022
3.26924e-022
3.04287e-022
2.83204e-022
2.63569e-022
2.45284e-022
2.28257e-022
2.12402e-022
1.97639e-022
1.83894e-022
1.71097e-022
1.59182e-022
1.48091e-022
1.37766e-022
1.28154e-022
1.19208e-022
1.10881e-022
1.03131e-022
9.5918e-023
8.92054e-023
8.29586e-023
7.71457e-023
7.17368e-023
6.6704e-023
6.20214e-023
5.76647e-023
5.36117e-023
4.98411e-023
4.63336e-023
4.30709e-023
4.00361e-023
3.72134e-023
3.4588e-023
3.21464e-023
2.98758e-023
2.77642e-023
2.58007e-023
2.39749e-023
2.22773e-023
2.06989e-023
1.92314e-023
1.78672e-023
1.65989e-023
1.542e-023
1.43241e-023
1.33055e-023
1.23587e-023
1.14788e-023
1.0661e-023
9.90101e-024
9.19477e-024
8.53851e-024
7.92872e-024
7.36214e-024
6.83572e-024
6.34665e-024
5.89229e-024
5.4702e-024
5.07812e-024
4.71391e-024
4.37562e-024
4.06142e-024
3.76961e-024
3.4986e-024
3.24692e-024
3.0132e-024
2.79618e-024
2.59467e-024
2.40756e-024
2.23385e-024
2.07257e-024
1.92284e-024
1.78385e-024
1.65483e-024
1.53507e-024
1.42391e-024
1.32074e-024
1.22498e-024
1.13611e-024
1.05365e-024
9.77119e-025
9.06108e-025
8.40217e-025
7.79082e-025
7.22361e-025
6.69739e-025
6.20921e-025
5.75634e-025
5.33626e-025
4.9466e-025
4.58517e-025
4.24996e-025
3.93907e-025
3.65075e-025
3.38338e-025
3.13544e-025
2.90554e-025
2.69236e-025
2.49471e-025
2.31147e-025
2.14158e-025
1.98408e-025
1.83809e-025
1.70275e-025
1.57731e-025
1.46104e-025
1.35328e-025
1.2534e-025
1.16085e-025
1.07507e-025
9.95593e-026
9.21945e-026
8.53705e-026
7.90479e-026
7.31901e-026
6.77632e-026
6.27358e-026
5.80787e-026
5.37648e-026
4.9769e-026
4.6068e-026
4.26402e-026
3.94656e-026
3.65257e-026
3.38032e-026
3.12821e-026
2.89478e-026
2.67863e-026
2.47851e-026
2.29324e-026
2.12171e-026
1.96292e-026
1.81593e-026
1.67987e-026
1.55393e-026
1.43737e-026
1.32949e-026
1.22964e-026
1.13725e-026
1.05174e-026
9.7262e-027
8.99409e-027
8.3167e-027
7.68996e-027
7.11013e-027
6.57371e-027
6.07747e-027
5.61843e-027
5.19382e-027
4.80107e-027
4.43782e-027
4.10186e-027
3.79115e-027
3.50382e-027
3.23811e-027
2.99241e-027
2.76523e-027
2.55517e-027
2.36096e-027
2.18141e-027
2.01542e-027
1.86198e-027
1.72013e-027
1.58902e-027
1.46783e-027
1.35582e-027
1.2523e-027
1.15663e-027
1.06822e-027
9.86522e-028
9.11029e-028
8.41273e-028
7.76822e-028
7.17275e-028
6.62262e-028
6.1144e-028
5.64491e-028
5.21123e-028
4.81064e-028
4.44064e-028
4.0989e-028
3.78329e-028
3.49182e-028
3.22265e-028
2.97409e-028
2.74457e-028
2.53265e-028
2.33698e-028
2.15633e-028
1.98955e-028
1.83558e-028
1.69345e-028
1.56225e-028
1.44115e-028
1.32937e-028
1.22621e-028
1.131e-028
1.04313e-028
9.62046e-029
8.87222e-029
8.18179e-029
7.54474e-029
6.95696e-029
6.41468e-029
5.91439e-029
5.45286e-029
5.02712e-029
4.63439e-029
4.27215e-029
3.93804e-029
3.62989e-029
3.34569e-029
3.0836e-029
2.84191e-029
2.61904e-029
2.41354e-029
2.22406e-029
2.04935e-029
1.88828e-029
1.73979e-029
1.6029e-029
1.47672e-029
1.3604e-029
1.25319e-029
1.15437e-029
1.06329e-029
9.79359e-030
9.02007e-030
8.30726e-030
7.65041e-030
7.04518e-030
6.48752e-030
5.97372e-030
5.50036e-030
5.06427e-030
4.66254e-030
4.29248e-030
3.9516e-030
3.63762e-030
3.34844e-030
3.08209e-030
2.83681e-030
2.61092e-030
2.4029e-030
2.21136e-030
2.03499e-030
1.87259e-030
1.72308e-030
1.58543e-030
