       0
       0
       0
       0
       0
       0
       0
       0
       0
       0
       0
       0
       0
       0
       0
       0
       0
       0
       0
       0
       0
       0
       0
       0
       0
       0
       0
       0
       0
       0
       0
       0
       0
       0
       0
       0
       0
       0
       0
       0
       0
       0
       0
       0
       0
       0
       0
       0
       0
       0
       0
       0
       0
       0
       0
       0
       0
       0
       0
       0
       0
       0
       0
       0
       0
       0
       0
       0
       0
       0
       0
       0
       0
       0
       0
       0
       0
       0
       0
       0
       0
       0
       0
       0
       0
       0
       0
       0
       0
       0
       0
       0
       0
       0
      17
     154
     194
     182
     194
     191
     218
     203
     217
     190
     183
     192
     183
     195
     165
     234
     193
     196
     198
     176
     210
     195
     213
     214
     203
     201
     202
     221
     189
     183
     196
     188
     206
     189
     170
     196
     187
     186
     183
     204
     214
     201
     238
     178
     182
     181
     190
     229
     198
     212
     188
     196
     187
     212
     197
     218
     182
     214
     178
     199
     199
     232
     192
     209
     185
     204
     205
     176
     216
     205
     183
     211
     204
     211
     235
     206
     194
     228
     198
     205
     188
     205
     195
     208
     209
     214
     190
     186
     188
     196
     193
     207
     190
     209
     206
     219
     206
     208
     219
     217
     208
     222
     216
     202
     197
     206
     181
     244
     219
     212
     206
     233
     185
     232
     234
     194
     213
     249
     194
     199
     214
     197
     231
     216
     228
     218
     219
     215
     221
     220
     225
     199
     227
     199
     223
     235
     189
     203
     243
     205
     221
     213
     244
     186
     252
     198
     219
     204
     208
     214
     225
     238
     244
     217
     233
     250
     225
     234
     250
     253
     221
     230
     239
     233
     254
     233
     222
     227
     226
     247
     222
     225
     249
     243
     223
     258
     247
     222
     231
     237
     253
     236
     228
     238
     268
     256
     237
     221
     208
     236
     247
     223
     263
     230
     215
     230
     206
     223
     230
     237
     212
     217
     238
     222
     218
     222
     239
     227
     210
     212
     217
     229
     212
     217
     234
     199
     190
     225
     211
     258
     220
     226
     202
     213
     203
     216
     240
     243
     237
     220
     228
     225
     226
     226
     233
     227
     215
     234
     224
     224
     228
     229
     236
     233
     222
     225
     200
     231
     258
     217
     256
     214
     232
     230
     225
     251
     230
     220
     237
     225
     225
     242
     227
     230
     222
     220
     233
     230
     218
     220
     224
     252
     233
     229
     228
     225
     231
     241
     222
     226
     224
     236
     237
     236
     248
     226
     251
     232
     255
     245
     212
     254
     242
     232
     250
     272
     273
     238
     238
     257
     229
     244
     244
     225
     235
     260
     247
     256
     263
     268
     255
     257
     294
     272
     239
     278
     278
     258
     268
     311
     297
     303
     291
     273
     290
     310
     324
     272
     292
     334
     354
     308
     324
     305
     354
     362
     327
     331
     356
     324
     359
     368
     410
     391
     356
     405
     380
     387
     427
     404
     426
     401
     400
     400
     425
     461
     440
     451
     437
     422
     512
     517
     487
     469
     481
     431
     497
     482
     504
     508
     449
     489
     486
     532
     468
     482
     499
     484
     484
     485
     511
     484
     505
     483
     518
     520
     512
     503
     467
     453
     447
     468
     450
     437
     461
     469
     462
     451
     471
     474
     423
     436
     415
     428
     411
     426
     407
     413
     419
     430
     413
     373
     400
     390
     390
     397
     384
     391
     408
     391
     381
     383
     386
     397
     393
     389
     406
     379
     390
     378
     394
     357
     354
     369
     376
     374
     377
     388
     400
     361
     358
     357
     376
     359
     346
     351
     349
     394
     330
     290
     352
     348
     338
     368
     346
     317
     328
     343
     371
     315
     346
     352
     334
     307
     286
     305
     270
     297
     311
     312
     275
     300
     290
     245
     283
     256
     300
     309
     279
     246
     294
     285
     296
     256
     300
     252
     279
     274
     257
     269
     258
     288
     304
     242
     276
     296
     246
     257
     281
     268
     268
     242
     234
     232
     260
     249
     270
     238
     263
     250
     230
     237
     246
     237
     233
     242
     264
     260
     247
     262
     264
     260
     257
     259
     256
     262
     257
     232
     260
     273
     254
     249
     237
     225
     237
     263
     285
     281
     237
     241
     233
     231
     268
     262
     225
     250
     252
     267
     277
     252
     238
     247
     284
     251
     244
     244
     244
     249
     248
     251
     265
     248
     254
     259
     271
     255
     268
     264
     258
     283
     239
     239
     258
     298
     283
     266
     260
     250
     253
     270
     266
     256
     259
     269
     275
     225
     238
     270
     240
     256
     261
     283
     275
     266
     278
     234
     264
     273
     285
     287
     283
     280
     259
     271
     299
     258
     286
     267
     247
     276
     272
     251
     270
     248
     255
     289
     277
     289
     288
     298
     283
     288
     307
     263
     273
     241
     257
     278
     297
     272
     258
     277
     291
     272
     249
     255
     273
     296
     245
     290
     257
     277
     297
     292
     255
     255
     270
     295
     280
     295
     263
     296
     273
     266
     318
     304
     281
     285
     292
     269
     278
     286
     316
     302
     316
     311
     293
     282
     299
     317
     278
     275
     291
     278
     322
     283
     285
     288
     303
     317
     297
     313
     301
     337
     290
     302
     281
     271
     322
     312
     274
     307
     321
     307
     290
     268
     275
     284
     303
     305
     309
     285
     323
     314
     328
     315
     288
     308
     319
     328
     301
     284
     308
     305
     270
     304
     275
     317
     331
     328
     348
     322
     324
     334
     330
     335
     313
     304
     311
     318
     306
     309
     332
     319
     350
     327
     314
     361
     316
     300
     339
     320
     309
     313
     317
     354
     320
     313
     298
     316
     308
     298
     351
     320
     320
     304
     335
     293
     321
     325
     293
     320
     314
     327
     324
     323
     332
     332
     291
     277
     323
     285
     299
     315
     340
     331
     310
     321
     324
     344
     291
     309
     349
     320
     324
     310
     343
     374
     336
     349
     301
     305
     309
     317
     338
     330
     357
     345
     319
     309
     301
     337
     337
     310
     326
     325
     334
     308
     304
     316
     299
     327
     341
     361
     354
     340
     351
     332
     315
     349
     330
     332
     362
     348
     296
     363
     345
     343
     331
     324
     329
     347
     347
     319
     317
     350
     323
     354
     325
     337
     340
     350
     322
     351
     345
     333
     351
     338
     318
     333
     366
     379
     351
     376
     314
     343
     327
     315
     321
     365
     312
     333
     322
     301
     318
     330
     347
     314
     342
     343
     317
     324
     330
     334
     303
     356
     351
     315
     341
     334
     315
     317
     339
     349
     340
     326
     303
     352
     330
     320
     329
     329
     350
     329
     315
     324
     323
     336
     323
     368
     316
     359
     345
     357
     347
     334
     316
     315
     352
     335
     336
     357
     329
     309
     306
     326
     327
     328
     309
     339
     351
     362
     311
     296
     332
     302
     334
     325
     353
     320
     355
     301
     320
     343
     355
     338
     328
     336
     314
     341
     360
     311
     350
     336
     339
     342
     355
     373
     345
     357
     319
     381
     310
     348
     362
     312
     315
     349
     341
     324
     326
     343
     352
     342
     320
     334
     345
     348
     349
     342
     311
     370
     350
     362
     312
     341
     334
     353
     336
     355
     354
     347
     335
     316
     326
     352
     351
     315
     340
     356
     328
     330
     309
     336
     298
     332
     327
     321
     328
     327
     358
     334
     327
     329
     345
     339
     322
     346
     331
     336
     369
     361
     330
     326
     338
     320
     344
     353
     330
     356
     327
     325
     361
     322
     365
     354
     360
     339
     335
     353
     393
     374
     357
     339
     338
     328
     326
     343
     381
     355
     348
     364
     344
     333
     366
     357
     331
     354
     360
     353
     352
     365
     362
     349
     336
     342
     357
     356
     394
     408
     395
     333
     333
     377
     367
     350
     356
     382
     389
     361
     374
     358
     388
     374
     352
     380
     390
     328
     371
     382
     361
     384
     358
     381
     367
     331
     378
     383
     340
     359
     397
     391
     360
     387
     400
     405
     380
     389
     366
     391
     363
     373
     381
     419
     421
     367
     382
     358
     405
     383
     426
     394
     381
     358
     411
     365
     413
     389
     386
     391
     412
     384
     425
     383
     400
     415
     433
     395
     443
     411
     383
     432
     408
     415
     416
     396
     430
     400
     397
     450
     389
     415
     421
     408
     426
     424
     457
     427
     438
     452
     437
     436
     456
     433
     484
     419
     460
     423
     442
     446
     472
     445
     453
     472
     413
     391
     478
     438
     443
     426
     417
     452
     424
     465
     433
     422
     465
     426
     449
     432
     400
     443
     387
     492
     447
     459
     444
     435
     458
     452
     476
     459
     487
     491
     465
     450
     440
     485
     419
     531
     452
     452
     457
     461
     456
     475
     477
     502
     462
     466
     471
     434
     445
     475
     423
     453
     436
     464
     479
     464
     455
     465
     448
     489
     454
     504
     478
     455
     455
     476
     485
     469
     428
     468
     466
     468
     461
     434
     493
     461
     465
     487
     471
     469
     493
     470
     455
     461
     416
     437
     470
     473
     493
     422
     464
     458
     468
     484
     448
     441
     423
     446
     448
     453
     417
     433
     481
     469
     425
     461
     446
     411
     451
     462
     454
     449
     474
     455
     422
     415
     447
     410
     441
     428
     462
     454
     461
     443
     437
     422
     400
     428
     476
     457
     434
     432
     419
     425
     402
     421
     425
     413
     439
     407
     429
     412
     438
     432
     424
     419
     415
     431
     444
     441
     397
     394
     389
     414
     401
     442
     394
     422
     423
     383
     405
     376
     457
     438
     420
     416
     394
     368
     398
     405
     414
     429
     410
     405
     403
     443
     419
     397
     385
     374
     381
     418
     434
     420
     420
     373
     413
     373
     387
     407
     383
     403
     401
     393
     398
     400
     394
     366
     368
     426
     369
     399
     389
     397
     388
     396
     398
     373
     383
     350
     354
     372
     382
     400
     348
     412
     406
     393
     411
     417
     370
     377
     344
     410
     379
     349
     351
     391
     390
     389
     399
     365
     381
     398
     402
     309
     380
     354
     369
     389
     381
     376
     397
     375
     413
     397
     364
     363
     365
     345
     339
     401
     375
     357
     376
     378
     396
     366
     356
     355
     396
     348
     348
     346
     333
     342
     356
     357
     342
     365
     340
     360
     369
     371
     380
     361
     362
     360
     359
     332
     366
     364
     353
     303
     324
     381
     328
     350
     334
     319
     362
     364
     354
     326
     355
     327
     361
     352
     349
     342
     353
     348
     334
     317
     330
     322
     354
     347
     373
     345
     363
     340
     333
     326
     365
     312
     350
     358
     341
     353
     353
     342
     349
     358
     321
     358
     322
     359
     348
     332
     311
     347
     359
     347
     360
     325
     325
     348
     331
     323
     315
     317
     324
     296
     349
     321
     309
     362
     346
     344
     325
     327
     332
     305
     346
     326
     343
     330
     311
     346
     322
     356
     338
     314
     328
     343
     325
     323
     312
     337
     350
     330
     325
     316
     315
     336
     339
     319
     326
     333
     298
     317
     321
     291
     325
     297
     368
     305
     300
     319
     292
     321
     314
     306
     334
     332
     343
     312
     310
     320
     322
     313
     308
     348
     344
     312
     303
     351
     319
     326
     333
     319
     338
     313
     309
     308
     301
     305
     322
     355
     322
     317
     329
     329
     326
     341
     299
     331
     342
     337
     333
     291
     288
     328
     311
     299
     343
     310
     289
     335
     311
     287
     301
     357
     307
     306
     295
     298
     317
     280
     304
     325
     331
     275
     327
     321
     327
     313
     324
     327
     335
     303
     296
     312
     328
     328
     352
     298
     320
     304
     332
     326
     300
     294
     303
     287
     322
     273
     319
     297
     320
     294
     302
     285
     299
     308
     295
     303
     293
     290
     317
     303
     303
     305
     305
     337
     295
     298
     331
     277
     319
     303
     319
     296
     299
     326
     307
     294
     301
     311
     307
     302
     278
     328
     320
     324
     302
     314
     277
     244
     276
     336
     308
     311
     287
     310
     304
     293
     284
     307
     305
     299
     310
     306
     302
     288
     326
     289
     290
     322
     282
     266
     291
     295
     303
     305
     285
     313
     296
     296
     277
     301
     310
     284
     304
     280
     304
     314
     341
     301
     281
     301
     290
     314
     269
     285
     310
     286
     307
     313
     312
     301
     323
     286
     302
     285
     305
     278
     307
     277
     286
     299
     289
     302
     272
     256
     297
     256
     315
     277
     305
     260
     257
     320
     277
     271
     286
     280
     274
     315
     302
     277
     279
     277
     284
     279
     299
     259
     315
     280
     289
     287
     267
     298
     292
     266
     293
     265
     291
     276
     317
     321
     283
     296
     268
     311
     312
     288
     298
     299
     307
     288
     299
     290
     277
     312
     290
     284
     323
     309
     290
     265
     268
     300
     288
     274
     269
     274
     263
     274
     270
     282
     274
     282
     272
     306
     253
     263
     278
     298
     302
     270
     292
     271
     262
     317
     301
     299
     236
     284
     319
     256
     278
     284
     286
     294
     289
     293
     305
     292
     251
     252
     291
     281
     278
     271
     266
     273
     249
     274
     273
     285
     266
     263
     272
     295
     254
     291
     286
     281
     277
     301
     261
     256
     258
     293
     272
     293
     277
     289
     256
     266
     279
     285
     267
     270
     273
     284
     303
     269
     267
     265
     284
     300
     256
     284
     273
     267
     250
     268
     271
     288
     276
     288
     281
     274
     242
     256
     247
     295
     295
     278
     253
     268
     271
     258
     266
     271
     257
     266
     273
     253
     256
     286
     251
     273
     261
     252
     257
     287
     254
     268
     265
     256
     292
     263
     266
     257
     293
     266
     265
     243
     248
     240
     258
     258
     284
     294
     273
     290
     258
     268
     283
     285
     237
     276
     279
     275
     263
     279
     274
     257
     261
     271
     259
     277
     250
     286
     267
     263
     280
     258
     252
     264
     250
     266
     248
     248
     261
     266
     283
     275
     238
     235
     257
     285
     261
     258
     250
     250
     262
     278
     249
     225
     257
     242
     277
     262
     240
     271
     272
     257
     263
     266
     258
     261
     274
     265
     280
     245
     246
     244
     249
     283
     237
     261
     262
     291
     260
     265
     254
     259
     231
     222
     241
     235
     256
     247
     250
     231
     263
     233
     225
     263
     273
     244
     286
     240
     239
     231
     274
     251
     264
     236
     272
     238
     248
     260
     257
     259
     230
     243
     231
     244
     273
     224
     256
     241
     250
     260
     228
     272
     259
     250
     260
     243
     263
     250
     251
     226
     237
     243
     261
     241
     253
     253
     245
     263
     232
     244
     236
     239
     223
     261
     235
     237
     234
     244
     264
     239
     241
     230
     219
     249
     273
     241
     249
     231
     232
     242
     256
     221
     246
     271
     230
     249
     225
     252
     234
     228
     245
     230
     225
     233
     228
     225
     243
     241
     261
     237
     228
     206
     227
     255
     254
     237
     235
     221
     249
     214
     229
     260
     231
     240
     219
     241
     215
     225
     250
     234
     222
     222
     226
     244
     222
     257
     248
     243
     227
     259
     239
     251
     235
     246
     238
     253
     252
     227
     227
     237
     238
     211
     250
     222
     252
     208
     253
     217
     220
     232
     244
     222
     213
     234
     231
     233
     241
     246
     233
     206
     206
     250
     229
     248
     239
     202
     234
     236
     227
     261
     217
     246
     232
     217
     212
     229
     236
     244
     248
     231
     186
     230
     204
     253
     239
     269
     215
     222
     227
     222
     226
     235
     221
     230
     222
     241
     213
     229
     201
     219
     230
     226
     225
     228
     229
     238
     233
     234
     239
     236
     206
     226
     227
     209
     239
     238
     226
     210
     232
     219
     206
     220
     230
     225
     216
     220
     227
     239
     187
     244
     251
     232
     213
     205
     184
     226
     213
     194
     223
     237
     198
     224
     210
     211
     216
     203
     204
     231
     229
     213
     204
     206
     217
     233
     229
     214
     216
     200
     232
     216
     232
     209
     225
     222
     227
     227
     221
     260
     210
     231
     227
     232
     207
     208
     230
     220
     239
     209
     204
     210
     235
     220
     221
     252
     224
     226
     209
     196
     215
     205
     206
     233
     207
     207
     226
     210
     230
     218
     206
     197
     244
     204
     227
     206
     212
     191
     197
     192
     213
     219
     212
     217
     223
     205
     198
     205
     197
     198
     191
     218
     197
     215
     225
     215
     208
     188
     200
     209
     198
     245
     175
     195
     191
     217
     202
     203
     207
     206
     197
     192
     210
     215
     204
     221
     218
     220
     204
     191
     181
     232
     189
     225
     202
     203
     205
     197
     206
     200
     205
     215
     195
     176
     204
     192
     207
     204
     197
     205
     205
     203
     212
     215
     183
     211
     187
     213
     203
     201
     177
     186
     235
     182
     212
     210
     184
     183
     213
     195
     217
     176
     207
     200
     174
     201
     202
     194
     206
     208
     198
     174
     197
     167
     191
     213
     197
     192
     205
     189
     211
     213
     232
     179
     178
     193
     192
     221
     223
     188
     205
     181
     221
     206
     187
     222
     183
     200
     190
     199
     195
     182
     225
     182
     199
     156
     200
     194
     180
     201
     183
     201
     192
     192
     199
     191
     189
     196
     177
     204
     186
     203
     218
     194
     230
     211
     191
     209
     188
     206
     213
     183
     169
     193
     186
     192
     188
     192
     202
     185
     208
     199
     211
     176
     189
     215
     198
     209
     227
     158
     184
     188
     181
     214
     177
     190
     218
     193
     210
     176
     188
     184
     203
     177
     211
     187
     172
     190
     187
     188
     193
     180
     183
     203
     188
     181
     174
     185
     179
     193
     183
     156
     176
     183
     168
     193
     184
     188
     188
     185
     169
     198
     197
     199
     197
     175
     160
     184
     182
     181
     210
     209
     157
     186
     199
     168
     198
     206
     193
     178
     182
     198
     192
     193
     195
     176
     182
     180
     172
     207
     198
     171
     191
     199
     175
     173
     193
     180
     171
     188
     191
     181
     207
     221
     185
     184
     159
     173
     180
     192
     179
     186
     201
     183
     196
     192
     190
     194
     188
     187
     168
     182
     172
     164
     169
     197
     169
     171
     201
     185
     181
     172
     173
     194
     179
     178
     172
     180
     169
     188
     168
     174
     170
     168
     171
     185
     186
     181
     181
     168
     190
     187
     192
     197
     182
     182
     165
     161
     201
     185
     176
     184
     165
     163
     178
     189
     168
     171
     202
     183
     178
     195
     174
     193
     196
     177
     183
     173
     180
     205
     197
     158
     156
     172
     184
     164
     201
     198
     184
     174
     160
     176
     180
     190
     198
     199
     191
     196
     163
     199
     168
     170
     163
     151
     167
     169
     162
     195
     174
     185
     179
     176
     167
     168
     187
     177
     176
     198
     209
     204
     180
     160
     201
     190
     193
     161
     182
     195
     196
     160
     198
     173
     178
     165
     199
     184
     158
     178
     188
     170
     163
     190
     185
     180
     166
     180
     167
     165
     201
     174
     175
     181
     182
     173
     167
     199
     164
     170
     189
     180
     168
     182
     180
     195
     182
     158
     177
     175
     174
     177
     193
     177
     188
     166
     180
     192
     167
     155
     181
     183
     187
     192
     175
     189
     180
     183
     186
     192
     169
     165
     168
     170
     178
     176
     195
     156
     162
     153
     168
     161
     197
     160
     184
     194
     190
     171
     187
     179
     154
     172
     200
     162
     180
     186
     155
     160
     176
     165
     158
     161
     177
     180
     151
     184
     162
     195
     163
     155
     144
     179
     186
     193
     173
     184
     196
     177
     177
     164
     177
     180
     150
     155
     157
     178
     170
     190
     183
     185
     152
     191
     170
     176
     178
     163
     174
     183
     161
     186
     169
     188
     181
     172
     171
     175
     175
     152
     161
     163
     172
     178
     162
     155
     199
     171
     173
     174
     163
     167
     174
     165
     170
     185
     189
     160
     158
     148
     178
     190
     167
     169
     209
     158
     139
     179
     154
     149
     170
     177
     165
     146
     144
     156
     170
     183
     177
     147
     160
     199
     154
     153
     179
     176
     154
     156
     161
     175
     139
     149
     151
     172
     181
     196
     168
     178
     153
     145
     184
     161
     166
     192
     177
     147
     148
     158
     157
     160
     156
     177
     166
     166
     138
     166
     170
     142
     165
     155
     147
     172
     139
     174
     161
     142
     169
     139
     138
     163
     153
     189
     157
     141
     168
     173
     142
     158
     156
     168
     159
     151
     169
     187
     167
     157
     152
     184
     174
     123
     136
     151
     140
     155
     138
     161
     201
     141
     135
     154
     147
     148
     169
     149
     139
     139
     163
     170
     140
     139
     143
     167
     167
     133
     136
     159
     176
     137
     163
     148
     134
     143
     150
     169
     159
     158
     156
     164
     140
     158
     147
     152
     146
     155
     163
     138
     153
     197
     142
     131
     142
     128
     151
     150
     175
     152
     168
     127
     142
     126
     148
     154
     140
     159
     144
     146
     146
     141
     139
     158
     133
     141
     125
     145
     149
     167
     149
     144
     159
     140
     124
     150
     135
     158
     140
     148
     139
     149
     150
     160
     140
     177
     152
     139
     182
     135
     164
     138
     180
     154
     136
     133
     152
     163
     149
     122
     153
     156
     120
     161
     128
     149
     148
     154
     140
     157
     136
     140
     144
     129
     155
     128
     148
     139
     163
     168
     151
     126
     136
     131
     138
     148
     130
     143
     143
     129
     139
     131
     179
     142
     138
     146
     148
     142
     144
     133
     134
     158
     145
     135
     141
     161
     127
     138
     134
     139
     157
     141
     140
     138
     136
     134
     119
     156
     143
     141
     155
     142
     148
     151
     160
     145
     137
     142
     125
     140
     141
     130
     143
     163
     139
     137
     137
     137
     168
     157
     150
     140
     164
     143
     139
     133
     127
     138
     141
     160
     146
     141
     121
     135
     122
     121
     135
     139
     171
     153
     129
     146
     154
     147
     157
     131
     151
     136
     165
     133
     146
     138
     142
     131
     150
     140
     138
     147
     148
     159
     127
     129
     175
     129
     131
     142
     161
     143
     147
     134
     158
     139
     143
     138
     152
     130
     117
     143
     146
     132
     151
     145
     151
     127
     138
     143
     162
     117
     125
     133
     160
     135
     147
     134
     144
     154
     151
     153
     128
     137
     141
     144
     155
     118
     130
     169
     145
     132
     132
     149
     128
     136
     126
     134
     145
     140
     120
     121
     136
     127
     141
     145
     130
     153
     141
     116
     150
     135
     139
     166
     117
     134
     155
     144
     142
     143
     140
     136
     129
     128
     142
     150
     143
     132
     135
     158
     133
     151
     148
     133
     137
     131
     140
     142
     133
     144
     140
     138
     129
     127
     129
     145
     142
     135
     142
     137
     159
     154
     154
     117
     148
     133
     146
     134
     158
     138
     134
     135
     132
     136
     110
     129
     121
     150
     161
     130
     147
     135
     141
     145
     133
     144
     137
     140
     141
     133
     122
     131
     145
     133
     142
     129
     157
     117
     149
     143
     125
     128
     149
     138
     121
     130
     137
     132
     131
     136
     128
     130
     122
     138
     134
     130
     147
     160
     124
     131
     123
     126
     127
     126
     137
     136
     126
     117
     131
     126
     112
     150
     126
     126
     125
     128
     141
     150
     130
     135
     112
     120
     136
     126
     150
     125
     122
     134
     126
     124
     143
     133
     126
     134
     142
     135
     129
     143
     132
     154
     131
     141
     142
     124
     162
     113
     123
     136
     136
     140
     142
     133
     133
     140
     127
     136
     136
     121
     123
     128
     136
     137
     118
     140
     126
     123
     150
     140
     146
     133
     138
     120
     137
     136
     134
     126
     126
     114
     132
     123
     135
     129
     153
     126
     148
     137
     132
     121
     122
     130
     147
     131
     137
     159
     145
     138
     134
     142
     125
     134
     132
     123
     129
     131
     122
     173
     120
     134
     130
     152
     136
     118
     117
     146
     122
     128
     143
     135
     134
     150
     112
     142
     112
     138
     122
     131
     117
     127
     146
     137
     135
     142
     126
     122
     148
     131
     127
     136
     129
     145
     135
     141
     140
     145
     138
     134
     138
     130
     130
     123
     109
     142
     116
     144
     138
     138
     131
     109
     142
     125
     131
     119
     138
     139
     130
     121
     121
     117
     133
     133
     108
     133
     124
     134
     125
     156
     134
     121
     102
     133
     123
     143
     137
     131
     130
     131
     126
     143
     114
     124
     117
     137
     123
     138
     135
     140
     127
     135
     131
     133
     138
     135
     128
     153
     128
     127
     113
     137
     153
     129
     133
     122
     122
     123
     124
     139
     140
     137
     117
     137
     125
     130
     131
     139
     151
     137
     146
     102
     117
     123
     136
     149
     161
     121
     166
     125
     122
     147
     129
     130
     127
     118
     134
     132
     130
     135
     149
     135
     108
     135
     143
     137
     136
     138
     116
     128
     125
     128
     120
     121
     131
     125
     136
     128
     139
     135
     129
     151
     128
     135
     113
     103
     131
     142
     126
     133
     140
     140
     121
     142
     126
     125
     131
     128
     127
     114
     142
     111
     132
     105
     112
     145
     125
     133
     118
     109
     148
     117
     117
     127
     129
     143
     141
     144
     129
     131
     115
     131
     118
     117
     123
     115
     145
     128
     116
     124
     140
     119
     123
     134
     150
     131
     122
     123
     145
     113
     124
     124
     138
     103
     126
     133
     134
     136
     147
     122
     146
     133
     128
     111
     128
     130
     135
     114
     127
     132
     119
     134
     145
     140
     136
     113
     125
     128
     114
     136
     139
     155
     123
     131
     122
     134
     120
     126
     150
     111
     137
     138
     123
     126
     129
     140
     114
     122
     132
     135
     109
     115
     134
     127
     141
     132
     128
     130
     124
     109
     120
     120
     109
     118
     124
     128
     119
     140
     110
     140
     111
     139
     119
     147
     128
     125
     126
     123
     156
     109
     138
     120
     111
     131
     116
     116
     124
     132
     139
     128
     124
     116
     143
     115
     154
     127
     140
     120
     118
     138
     136
     121
     121
     121
     114
     139
     134
     116
     129
     127
     142
     128
     138
     132
     117
     150
     132
     105
     113
     142
     125
     117
     139
     138
     120
     128
     129
     106
     141
     130
     127
     119
     105
     111
     135
     118
     132
     121
     121
     127
     125
     128
     122
     148
     124
     152
     133
     117
     120
     139
     136
     108
     121
     141
     117
     141
     127
     128
     124
     133
     118
     133
     120
     130
     140
     118
     110
     126
     137
     129
     124
     149
     128
     130
     110
     139
     133
     102
     114
     126
     130
     112
     137
     136
     125
     125
     124
     142
     125
     140
     137
     154
     125
     131
     136
     134
     128
     119
     111
     124
     133
     150
     115
     121
     126
     117
     129
     141
     135
     123
     141
     121
     138
     116
     144
     126
     128
     127
     148
     123
     124
     132
     134
     136
     123
     124
     137
     113
     127
     120
     115
     111
     128
     139
     157
     126
     123
     129
     118
     126
     125
     102
     134
     129
     119
     135
     125
     122
     140
     118
     113
     131
     138
     115
     145
     108
     138
      98
     161
      99
     140
     122
     117
     126
     112
     131
     126
     107
     137
     122
     136
     120
     152
     115
     146
     127
     116
     142
     117
     139
     121
     127
     136
     137
     137
     132
     127
     112
     107
     130
     120
     112
     128
     117
     111
     116
     111
     135
     146
     125
      99
     126
     124
     113
     129
     125
     126
     112
     133
     144
     128
     114
     133
     124
     115
     123
     128
     132
     129
     127
     124
     111
     128
     135
     130
      99
     133
     110
     123
     129
     139
     117
     125
     130
     127
     124
     149
     125
     138
     131
     100
     134
     110
     123
     140
     141
     118
     109
     149
     135
     117
     113
     113
     117
     129
     129
     115
     116
     148
     115
     129
     130
     115
     126
     130
     134
     129
     123
     147
     130
     118
     129
     133
     132
     132
     145
     110
     103
     139
     137
     150
     113
     131
     109
     123
     124
     142
     125
     111
     118
     131
     110
     125
     138
     134
     112
     136
     129
     147
     146
     133
     131
     127
     135
     153
     110
     107
     138
     116
     114
     122
     131
     138
     131
     133
     130
     123
     120
     130
     123
     117
     133
     140
     124
     158
     134
     127
     113
     113
     118
     137
     139
     128
     139
     136
     136
     132
     133
     135
     122
     123
     124
     112
     129
     121
     142
     139
     154
     140
     139
     118
     117
     140
     124
     119
     135
     125
     131
     125
     128
     117
     129
     120
     118
     141
     136
     126
     119
     134
     125
     144
     125
     117
     131
     126
     122
     137
     110
     146
     140
     110
     139
     131
     143
     143
     142
     132
     120
     131
     117
     154
     138
     144
     128
     142
     150
     127
     126
     134
     119
     124
     133
     130
     118
     116
     109
     132
     148
     124
     147
     137
     115
     146
     127
     124
     142
     142
     114
     124
     124
     125
     128
     122
     120
     128
     138
     123
     139
     133
     124
     114
     118
     141
     135
     130
     145
     129
     118
     124
     130
     128
     115
     145
     128
     135
     134
     122
     109
     110
     125
     137
     124
     108
     141
     138
     134
     133
     133
     134
     117
     145
     116
     153
     125
     146
     156
     135
     125
     131
     123
     136
     107
     109
     124
     122
     105
     148
     128
     117
     137
     125
     137
     141
     134
     137
     120
     113
     127
     147
     136
     147
     142
     133
     140
     124
     117
     148
     130
     135
     120
     143
     129
     125
     138
     109
     122
     133
     126
     138
     124
     149
     126
     133
     129
     146
     131
     125
     128
     112
     129
     131
     120
     139
     133
     127
     131
     133
     133
     124
     143
     119
     119
     117
     136
     127
     145
     135
     125
     141
     118
     141
     130
     142
     127
     143
     130
     123
     121
     137
     147
     131
     127
     150
     121
     134
     123
     156
     129
     130
     145
     116
     120
     135
     134
     121
     130
     133
     133
     116
     135
     121
     130
     129
     136
     106
     122
     131
     124
     140
     127
     138
     130
     142
     138
     123
     130
     136
     128
     129
     135
     131
     163
     130
     124
     142
     140
     147
     146
     126
     134
     126
     123
     143
     146
     122
     126
     143
     139
     130
     129
     138
     121
     145
     109
     133
     119
     128
     138
     133
     145
     136
     127
     154
     145
     131
     140
     136
     126
     122
     144
     134
     131
     143
     142
     139
     160
     128
     155
     131
     127
     120
     162
     131
     137
     127
     144
     125
     123
     139
     141
     129
     135
     144
     115
     124
     169
     144
     123
     140
     121
     155
     163
     129
     125
     136
     126
     141
     127
     140
     130
     119
     145
     146
     147
     140
     165
     126
     126
     142
     138
     147
     151
     137
     152
     133
     130
     132
     162
     130
     134
     144
     155
     153
     118
     120
     137
     127
     135
     153
     139
     146
     137
     111
     140
     136
     160
     114
     132
     135
     140
     152
     129
     112
     129
     135
     130
     135
     123
     131
     135
     151
     171
     138
     135
     128
     148
     147
     146
     124
     110
     131
     151
     148
     131
     130
     154
     150
     147
     133
     125
     128
     147
     134
     133
     145
     140
     127
     143
     171
     140
     128
     142
     143
     130
     140
     107
     124
     131
     148
     153
     146
     129
     135
     134
     159
     126
     146
     151
     141
     134
     147
     124
     163
     148
     142
     146
     152
     127
     161
     142
     101
     145
     132
     135
     137
     143
     135
     140
     134
     142
     124
     136
     148
     135
     145
     142
     134
     162
     157
     157
     138
     131
     137
     132
     123
     156
     148
     152
     150
     148
     151
     155
     139
     139
     137
     140
     161
     137
     127
     160
     139
     158
     148
     152
     134
     152
     140
     118
     134
     133
     130
     112
     128
     134
     150
     138
     154
     143
     156
     160
     129
     137
     144
     130
     141
     164
     148
     150
     119
     138
     103
     178
     146
     133
     127
     154
     136
     146
     182
     135
     149
     162
     145
     130
     128
     145
     155
     144
     126
     135
     149
     146
     136
     136
     155
     163
     151
     140
     130
     135
     152
     141
     143
     147
     154
     163
     136
     119
     132
     133
     148
     149
     149
     151
     142
     157
     128
     144
     159
     131
     152
     150
     167
     144
     136
     149
     147
     132
     162
     161
     159
     162
     144
     150
     139
     137
     141
     142
     136
     151
     163
     134
     155
     135
     135
     144
     163
     150
     147
     158
     161
     137
     153
     142
     138
     147
     131
     152
     141
     144
     145
     160
     173
     136
     156
     164
     157
     144
     149
     149
     143
     174
     157
     133
     149
     128
     137
     142
     139
     153
     139
     153
     145
     156
     148
     143
     158
     145
     138
     144
     138
     160
     161
     141
     145
     157
     140
     138
     137
     150
     135
     148
     154
     134
     141
     152
     142
     137
     138
     146
     141
     142
     137
     149
     151
     158
     139
     143
     131
     162
     163
     141
     168
     140
     143
     141
     165
     143
     146
     157
     142
     159
     136
     158
     138
     153
     156
     149
     160
     156
     147
     150
     135
     120
     134
     144
     148
     137
     146
     149
     141
     148
     130
     142
     143
     160
     146
     165
     141
     141
     139
     150
     158
     126
     140
     171
     147
     154
     136
     127
     161
     144
     154
     165
     148
     139
     138
     144
     136
     122
     156
     151
     129
     148
     161
     143
     152
     166
     127
     157
     159
     160
     161
     150
     161
     157
     134
     146
     145
     160
     146
     139
     146
     157
     152
     145
     147
     154
     146
     149
     138
     128
     137
     132
     157
     132
     170
     145
     136
     147
     157
     151
     165
     151
     149
     152
     122
     153
     134
     138
     138
     158
     163
     129
     132
     140
     144
     158
     166
     138
     147
     131
     164
     155
     149
     145
     135
     147
     163
     132
     137
     133
     155
     149
     122
     153
     129
     140
     148
     125
     141
     126
     152
     153
     152
     139
     166
     147
     145
     137
     133
     125
     147
     146
     153
     144
     160
     160
     141
     129
     140
     163
     144
     141
     154
     163
     129
     172
     150
     138
     113
     157
     130
     121
     155
     172
     142
     115
     118
     139
     144
     130
     153
     158
     146
     160
     150
     125
     139
     137
     146
     133
     145
     146
     138
     150
     134
     136
     150
     138
     147
     136
     154
     143
     126
     146
     158
     131
     128
     129
     127
     143
     127
     149
     136
     112
     139
     154
     158
     163
     118
     139
     115
     140
     131
     132
     147
     140
     123
     129
     127
     147
     137
     155
     123
     147
     139
     119
     132
     142
     106
     115
     153
     134
     141
     144
     117
     136
     144
     140
     150
     125
     116
     101
     128
     116
     136
     148
     132
     121
     157
     163
     133
     120
     121
     133
     135
     144
     149
     115
     141
     146
     115
     125
     128
     115
     130
     142
     155
     144
     126
     134
     144
     135
     152
     123
     148
     124
     129
     156
     132
     131
     113
     134
     126
     126
     124
     129
     129
     144
     114
     132
     119
     135
     142
     108
     122
     127
     119
     123
     128
     113
     125
     142
     121
     126
     143
     114
     120
     111
     122
     120
     151
     107
     134
     121
     128
     144
     155
     152
     118
     114
     137
     121
     121
     115
     115
     118
     119
     140
     132
     147
     116
     122
     119
     128
     113
     130
     112
     142
     115
     113
     111
     121
     112
     125
     122
     113
     106
     112
     131
     133
     152
     121
     106
      94
     112
     116
     118
     112
     145
     106
     115
     112
     113
     117
     110
     120
     112
     141
     120
      94
     112
     126
     119
     101
     116
     118
     105
     113
     116
      94
      97
     122
     129
     105
     117
     109
     118
     124
     107
     127
     138
     114
     124
      96
     106
     122
     107
     100
     110
     130
     114
     129
      98
     120
     103
     100
     121
      88
     113
     117
     103
     107
      93
     105
     120
     122
      93
     117
     103
     104
     112
     124
     111
     116
     113
      92
     113
     102
     112
     124
     105
     106
     105
     109
      99
     112
     126
     114
     116
      87
     107
      87
     111
     102
     106
     123
     110
     110
      95
     103
     118
     115
      95
      99
     107
     120
     112
      87
      92
     123
     131
      98
      96
     110
      91
     113
      92
     113
     113
     110
      95
     105
     115
     119
     107
     128
     124
     111
     105
      95
     106
     104
      88
     118
     110
     100
     112
      96
     112
      98
      99
     101
     126
     107
     107
     103
     106
     107
     101
     130
      98
     110
     100
     111
     115
     102
     104
     106
      91
     109
     112
     115
      90
     113
      93
     100
      81
      86
      99
     114
     113
     110
      94
      98
     105
      92
     105
     114
     111
     107
      86
     110
      86
     107
     104
      97
     104
      87
     103
      99
      98
      91
      93
      85
      91
     103
      93
     114
      88
      90
      99
     105
      80
      85
     112
      91
     110
     104
     104
      98
     101
      99
     107
      94
      83
      80
      90
     101
     100
     112
     109
      87
      95
      93
     101
     107
     105
     101
     102
     110
      88
      79
      94
      79
      98
      78
      90
      92
      93
     112
      98
      82
      99
      99
      96
      98
     112
      91
      97
      79
     107
     120
     110
     105
      94
      95
     106
     110
     104
     102
      83
      82
     117
      88
      96
      93
     112
      93
     105
      94
      99
      94
     111
      94
     105
      89
     113
      96
     103
     106
     106
      80
      92
      86
     112
     102
      88
      85
      96
     106
     105
      97
     111
     100
      87
      73
      81
      95
      97
     113
      97
      95
      92
     116
      97
     107
      96
      92
      93
      85
      94
      97
     103
     113
     102
      99
      90
      95
      96
      94
      99
      98
      95
      83
     104
      74
      85
     112
      75
      96
     104
     102
      90
      94
     102
      92
      98
     100
      93
      84
      88
     102
      83
      99
      88
      96
      97
      81
     108
      86
      94
      81
      93
      95
      96
     116
     107
     101
      99
     104
     109
      88
     118
      98
      90
      88
      98
      71
     102
     103
      99
     121
      97
      86
      92
      89
     105
      88
      90
     117
      91
      89
      83
      87
      82
     105
      85
      78
      80
      96
     101
     102
     100
      81
     106
     116
     108
      87
      91
      80
     102
      90
      88
      81
     105
      98
      99
      91
      87
      90
     108
      74
      83
      83
     108
      91
     102
      96
     104
     108
      86
      98
      92
     120
      85
      86
      67
      92
      93
      92
      87
      82
      94
     100
      73
     104
      94
      92
      80
     102
      85
      97
      92
      86
      83
      98
      93
      88
     108
      73
      83
      81
     108
      86
      94
      84
     100
      73
      99
      79
      94
      87
      74
     101
      77
      85
     102
      76
      64
      93
      82
      65
     107
     103
      90
      94
      93
      76
      68
      95
     100
      72
      95
      88
      76
      96
      79
      83
      93
      92
      88
     101
      86
      86
      91
      93
      98
      80
      86
     102
      90
     100
     111
      82
      92
      87
      78
      75
      87
      81
      94
      91
      90
      79
      92
      75
     106
      87
     103
      96
     102
      95
      92
      86
     102
      97
      86
      87
      92
      82
      84
      73
     110
      85
      97
      78
      96
      95
      83
     104
      87
      79
      95
      83
      83
      91
     103
      87
      94
     107
      87
      96
      87
      74
     101
     109
      89
      89
      87
      93
      74
      84
     100
      66
     107
      91
      71
      84
      93
      82
      87
      76
      78
     104
      86
      86
      67
      84
      86
      89
      83
      94
      81
      96
      96
      74
      85
      72
      72
      75
      84
      87
      97
      82
      81
      71
      90
     117
     102
      81
     101
      79
      98
      76
      74
     103
      89
      67
      94
      93
      86
      97
      99
      92
      97
      84
      77
      79
     104
      69
      76
      83
      77
      91
      80
      96
      83
      78
      90
      83
      73
      81
      86
      88
      66
      80
      92
      89
      81
      80
      95
     100
      82
      82
      82
      85
      74
      86
      94
      79
      79
      71
      67
      68
      74
      70
      67
      78
      72
      75
      84
      92
      80
      76
      83
      77
      88
      85
      77
      75
      75
      81
      70
      68
      83
      82
      89
      73
      70
      84
      80
      85
      80
      77
      70
      94
      78
      91
      76
      85
      78
      77
      58
      85
      81
     100
      96
      69
      67
      84
      72
      85
      79
      78
      70
      48
      67
      75
      74
      67
      64
      73
      78
      64
      88
      70
      74
      79
      64
      72
      79
      73
      87
      77
      72
      72
      83
      74
      81
      73
      69
      89
      80
      78
      67
      78
      96
      76
      70
      81
      65
      88
      85
      71
      76
      69
     101
      65
      67
      94
      70
      81
      90
      66
      79
      79
      74
      88
      92
      69
      69
      78
      71
      95
      72
      70
      73
      74
      83
      89
      82
      72
      76
      84
      75
      80
      79
      96
      76
      75
      76
      71
      68
      68
      77
      63
      71
      77
      77
      80
      74
      68
      72
      84
      62
      89
      66
      66
      73
      82
      80
      80
      79
      76
      96
      90
      68
      88
      89
      97
      86
      82
      73
      77
      85
      80
      84
      83
      77
      68
      93
      77
      78
      76
      85
      88
      89
      75
      94
      88
      91
      89
      72
      83
      97
      84
      71
      80
      86
      90
      90
      81
      67
      77
      74
      89
      77
      77
      80
      88
      80
      81
      83
      95
      87
      89
      97
      87
      74
      90
     109
      79
      93
      89
      75
      90
      98
      97
     102
      91
      95
     106
      85
      88
      77
      85
      82
      85
      93
      96
      87
      94
     102
      81
      87
      86
      98
      71
     106
      98
      77
      88
     102
     109
      97
      97
     107
     101
      92
      89
     125
     104
     109
      93
     117
     102
      82
     115
     116
     103
     116
      91
     108
     113
     108
      93
     117
      94
      96
     100
     113
     110
     121
     110
     101
     100
     110
     113
     121
     118
     104
     109
     130
     128
     122
     106
     103
     108
     120
     132
     140
     133
     108
     111
     131
     120
     123
     112
     106
     130
     138
     137
     126
     131
     141
     154
     135
     119
     133
     110
     146
     138
     128
     148
     121
     145
     148
     147
     145
     155
     150
     151
     141
     161
     142
     150
     157
     150
     157
     134
     167
     156
     154
     160
     152
     163
     110
     159
     144
     159
     187
     155
     142
     165
     153
     170
     156
     151
     156
     171
     164
     164
     149
     159
     166
     131
     158
     179
     176
     155
     171
     162
     177
     184
     190
     188
     210
     190
     202
     178
     182
     180
     163
     192
     189
     218
     211
     159
     205
     186
     202
     189
     182
     224
     168
     215
     209
     188
     185
     186
     192
     230
     227
     223
     212
     204
     205
     214
     212
     229
     249
     217
     216
     224
     217
     182
     224
     223
     225
     235
     232
     216
     257
     264
     206
     225
     240
     221
     220
     249
     236
     244
     228
     244
     266
     244
     238
     246
     234
     254
     243
     243
     242
     250
     224
     237
     228
     256
     249
     247
     252
     258
     244
     239
     253
     269
     266
     248
     265
     262
     263
     271
     236
     281
     259
     283
     287
     243
     241
     250
     272
     242
     293
     265
     250
     296
     298
     259
     239
     243
     287
     273
     274
     273
     273
     269
     281
     285
     302
     307
     279
     278
     271
     275
     291
     306
     291
     272
     273
     291
     281
     275
     299
     309
     269
     289
     289
     306
     294
     278
     305
     307
     296
     283
     281
     297
     285
     290
     291
     279
     289
     309
     289
     291
     332
     294
     311
     295
     298
     286
     304
     252
     292
     284
     315
     310
     299
     276
     280
     320
     286
     305
     293
     326
     312
     246
     292
     301
     319
     284
     289
     307
     303
     308
     301
     264
     289
     320
     295
     318
     282
     273
     324
     300
     317
     276
     313
     316
     290
     289
     300
     320
     280
     277
     296
     311
     271
     309
     283
     287
     312
     296
     296
     290
     304
     269
     257
     324
     308
     286
     304
     305
     281
     313
     296
     314
     291
     272
     275
     327
     279
     257
     276
     275
     254
     273
     264
     301
     281
     265
     268
     296
     265
     313
     281
     244
     275
     260
     269
     303
     279
     274
     263
     273
     260
     276
     244
     311
     282
     264
     257
     266
     244
     263
     265
     245
     241
     242
     270
     234
     240
     242
     257
     268
     265
     256
     236
     259
     281
     233
     228
     244
     241
     249
     239
     224
     214
     242
     240
     237
     245
     258
     228
     218
     203
     243
     222
     217
     256
     223
     253
     209
     230
     212
     232
     224
     190
     229
     227
     213
     253
     196
     200
     214
     218
     203
     212
     192
     188
     192
     222
     199
     226
     190
     209
     167
     164
     185
     202
     183
     214
     190
     174
     183
     197
     178
     175
     198
     186
     180
     180
     171
     171
     173
     191
     190
     171
     173
     189
     151
     145
     164
     165
     161
     170
     160
     161
     145
     158
     147
     164
     173
     152
     157
     145
     142
     152
     163
     131
     129
     148
     139
     142
     136
     164
     136
     160
     132
     141
     160
     128
     139
     138
     140
     161
     128
     131
     109
     129
     122
     134
     139
     106
     129
     123
     112
     110
     132
     115
     127
     109
     123
     106
      99
     127
     110
      96
     126
     118
      87
      96
     106
     114
      75
     106
      97
      83
      88
      75
      94
     103
      99
     101
      90
      91
      77
      98
      91
      97
      89
      87
      85
      89
      77
      79
      77
      94
      85
      82
      87
      82
      76
      65
      77
      92
      74
      81
      60
      70
      71
      73
      77
      71
      85
      60
      59
      59
      74
      58
      56
      65
      91
      73
      61
      74
      69
      57
      66
      62
      52
      66
      57
      46
      55
      61
      49
      56
      60
      59
      60
      40
      62
      57
      71
      57
      52
      54
      47
      57
      57
      49
      37
      48
      52
      49
      53
      57
      40
      49
      39
      39
      33
      47
      48
      60
      43
      30
      38
      41
      39
      41
      40
      43
      44
      38
      45
      28
      38
      39
      38
      50
      42
      37
      36
      26
      31
      40
      29
      41
      44
      46
      34
      42
      38
      22
      40
      36
      34
      29
      35
      41
      29
      31
      30
      36
      34
      36
      22
      37
      35
      43
      29
      30
      27
      34
      35
      32
      38
      31
      32
      20
      38
      24
      25
      33
      39
      17
      22
      26
      29
      32
      21
      39
      39
      29
      29
      32
      29
      33
      34
      33
      30
      26
      28
      26
      25
      33
      41
      32
      31
      30
      26
      25
      41
      28
      22
      34
      32
      30
      34
      21
      27
      42
      29
      29
      21
      37
      20
      21
      26
      29
      26
      31
      35
      35
      29
      24
      24
      26
      32
      38
      33
      41
      35
      31
      41
      33
      33
      22
      39
      39
      34
      32
      31
      33
      35
      24
      28
      36
      25
      35
      38
      41
      39
      46
      21
      36
      29
      26
      30
      39
      43
      33
      31
      32
      39
      28
      27
      35
      39
      39
      31
      40
      43
      37
      33
      30
      38
      31
      47
      31
      41
      34
      43
      42
      40
      34
      35
      33
      40
      44
      34
      55
      42
      53
      46
      36
      43
      39
      46
      35
      46
      51
      46
      49
      51
      46
      49
      48
      58
      54
      53
      45
      48
      56
      39
      50
      51
      48
      57
      54
      44
      59
      67
      39
      59
      60
      49
      64
      51
      50
      50
      58
      50
      52
      53
      54
      42
      55
      54
      58
      50
      61
      64
      60
      68
      53
      49
      56
      72
      68
      64
      65
      73
      76
      66
      59
      69
      72
      67
      76
      60
      81
      73
      66
      72
      76
      63
      84
      88
      92
      73
      62
      72
      77
      79
      77
      66
      90
      84
      75
      88
      63
      75
      84
      78
      97
      80
      91
      79
      78
      91
      78
      81
      79
      85
      93
      97
     108
      85
     104
      85
      85
      90
     106
     106
     106
     111
     103
     119
      92
      82
      99
      87
     124
     110
     102
      94
     108
      97
     105
     116
     116
      99
      99
     106
     104
     112
      91
     104
     146
      99
     116
     117
     105
     128
     136
     128
     110
     133
     107
     110
     105
     112
     118
     132
     132
     121
     124
     124
     116
     127
     138
     126
     132
     123
     132
     138
     140
     122
     145
     147
     133
     156
     152
     147
     130
     127
     145
     126
     147
     138
     149
     157
     142
     119
     142
     147
     150
     125
     144
     157
     167
     136
     146
     158
     168
     163
     175
     157
     166
     167
     157
     166
     176
     152
     167
     153
     159
     173
     192
     174
     172
     174
     161
     167
     174
     172
     176
     198
     176
     175
     162
     206
     178
     178
     188
     163
     211
     186
     196
     178
     203
     171
     173
     171
     186
     185
     167
     193
     174
     201
     184
     189
     203
     182
     192
     193
     206
     203
     172
     199
     216
     188
     176
     206
     201
     184
     191
     206
     179
     215
     220
     205
     206
     199
     210
     210
     179
     200
     220
     207
     188
     217
     219
     177
     217
     192
     181
     207
     195
     210
     202
     209
     191
     224
     204
     203
     230
     191
     218
     196
     203
     218
     206
     220
     232
     224
     207
     243
     241
     228
     229
     243
     238
     208
     241
     221
     233
     237
     211
     264
     230
     202
     224
     241
     234
     211
     235
     192
     233
     235
     239
     236
     239
     227
     237
     221
     244
     231
     239
     200
     211
     251
     213
     198
     244
     199
     246
     224
     191
     218
     239
     222
     202
     219
     222
     253
     233
     222
     243
     225
     227
     238
     246
     243
     228
     218
     224
     240
     241
     249
     239
     224
     235
     237
     229
     221
     215
     248
     227
     221
     233
     247
     230
     253
     215
     228
     209
     237
     217
     210
     238
     218
     230
     237
     229
     235
     240
     261
     202
     238
     213
     201
     230
     247
     252
     239
     202
     218
     205
     182
     224
     231
     213
     231
     218
     219
     197
     211
     222
     217
     191
     215
     188
     185
     206
     220
     226
     197
     217
     205
     202
     207
     209
     193
     227
     194
     220
     179
     193
     182
     193
     223
     226
     197
     192
     207
     202
     207
     185
     203
     217
     183
     174
     199
     195
     197
     194
     203
     201
     187
     202
     211
     190
     201
     169
     183
     199
     190
     181
     193
     185
     198
     188
     177
     186
     181
     172
     167
     164
     197
     179
     177
     179
     178
     177
     165
     170
     170
     180
     171
     169
     130
     178
     146
     141
     181
     165
     166
     152
     169
     152
     142
     178
     155
     153
     159
     158
     153
     132
     149
     145
     176
     145
     151
     154
     139
     137
     136
     127
     152
     134
     141
     142
     136
     170
     132
     140
     132
     143
     129
     123
     145
     132
     155
     139
     137
     125
     131
     108
     120
     138
     119
     108
     142
     142
     109
     115
     123
     142
      94
     119
     131
     107
     109
     105
     106
     105
     101
     112
     103
     119
     113
     104
     135
     104
     104
      96
      94
     114
     115
      94
      85
     110
     109
      90
     107
      94
      98
     103
      99
      86
      89
     100
     101
      80
      64
      91
      86
      82
     101
      93
      81
      85
      70
      74
      80
      83
      69
      78
      77
      63
      70
      75
      74
      80
      77
      60
      67
      73
      74
      66
      72
      59
      68
      73
      56
      65
      80
      65
      71
      46
      52
      64
      55
      67
      54
      66
      70
      52
      62
      53
      59
      58
      55
      56
      47
      59
      55
      53
      51
      65
      48
      45
      58
      44
      49
      46
      60
      55
      55
      57
      53
      45
      44
      55
      49
      32
      60
      49
      44
      52
      48
      48
      39
      31
      33
      32
      37
      32
      38
      52
      31
      37
      44
      37
      40
      39
      36
      42
      40
      33
      31
      38
      35
      20
      37
      43
      41
      27
      36
      24
      38
      32
      38
      23
      30
      26
      27
      26
      26
      32
      27
      16
      27
      23
      23
      20
      25
      31
      29
      22
      27
      23
      15
      26
      19
      22
      19
      19
      20
      26
      15
      23
      26
      23
      18
      21
      22
      26
      15
      25
      28
      19
      17
      13
      25
      15
      15
      23
      20
      16
      17
      17
      12
      19
      18
      14
      15
       9
      11
      19
      20
      21
      22
      21
      20
      14
      15
      14
       8
      11
      12
      21
      16
      17
      11
      19
      16
      12
      12
       5
      15
       7
      15
      12
      15
      10
      10
      11
      14
      14
      10
      10
      13
      12
      16
      17
       7
      13
       7
      12
       7
      12
       9
      10
      18
       8
       3
       9
       7
       8
       7
       4
      13
       8
      12
      13
      19
       7
       8
      11
       7
       6
       9
       4
      10
       9
       8
       6
       5
      12
       8
       6
       7
       4
       7
       8
       6
       7
       7
       3
       5
      10
       6
       4
       6
       3
       5
       5
       4
       6
       7
       5
       4
       8
       6
       9
       9
       4
       7
       2
       4
       6
       7
       3
       4
       4
       6
       8
       9
       7
       4
       2
       2
       2
       6
       0
       3
       5
       5
       4
       8
       4
       4
       5
       4
       2
       6
       7
       7
       4
       1
       2
       4
       4
       4
       7
       2
       3
       4
       5
       1
       2
       7
       5
       1
       3
       2
       7
       5
       4
       5
       3
       5
       1
       4
       2
       7
       7
       8
       5
       3
       3
       4
       2
       4
       4
       3
       7
       2
       6
       1
       1
       3
       3
       6
       4
       2
       8
       2
       5
       2
       3
       3
       2
       3
       4
       3
       5
       8
       2
       6
       5
       7
       0
       1
       3
       3
       4
       1
       4
       5
       1
       2
       1
       4
       3
       2
       3
       3
       3
       6
       2
       4
       5
       2
       1
       2
       2
       5
       2
       2
       2
       5
       6
       1
       2
       6
       1
       0
       3
       1
       4
       5
       3
       2
       4
       2
       1
       0
       4
       2
       6
       4
       1
       3
       0
       5
       2
       2
       7
       6
       2
       4
       0
       3
       5
       3
       1
       2
       5
       3
       4
       3
       2
       3
       3
       5
       3
       2
       4
       2
       5
       5
       1
       3
       1
       2
       3
       3
       3
       5
       1
       3
       3
       0
       2
       1
       4
       2
       5
       2
       0
       3
       0
       4
       1
       1
       3
       5
       6
       3
       4
       2
       1
       1
       2
       1
       1
       0
       0
       2
       4
       3
       3
       3
       2
       2
       2
       2
       4
       1
       6
       4
       3
       4
       3
       7
       1
       0
       2
       5
       1
       3
       4
       5
       1
       7
       3
       3
       1
       3
       2
       2
       2
       3
       2
       4
       3
       3
       3
       2
       3
       3
       3
       2
       1
       4
       2
       4
       3
       3
       4
       2
       1
       3
       3
       2
       4
       3
       2
       4
       3
       5
       4
       4
       5
       4
       4
       0
       1
       1
       3
       1
       1
       2
       1
       2
       1
       2
       3
       6
       3
       2
       0
       0
       4
       2
       2
       5
       4
       1
       1
       2
       2
       3
       5
       3
       5
       4
       0
       0
       0
       0
       0
       0
       0
       0
       0
       0
       0
       0
       0
       0
       0
       0
       0
       0
       0
       0
       0
       0
       0
       0
       0
       0
       0
       0
       0
       0
       0
       0
       0
       0
       0
       0
       0
       0
       0
       0
       0
       0
       0
       0
       0
       0
       0
       0
       0
       0
       0
       0
       0
       0
       0
       0
       0
       0
       0
       0
       0
       0
       0
       0
       0
       0
       0
       0
       0
       0
       0
       0
       0
       0
       0
       0
       0
       0
       0
       0
       0
       0
       0
       0
       0
       0
       0
       0
       0
       0
       0
       0
       0
       0
       0
       0
       0
       0
       0
       0
       0
       0
       0
       0
       0
       0
       0
       0
       0
       0
       0
       0
       0
       0
       0
       0
       0
       0
       0
       0
       0
       0
       0
       0
       0
       0
       0
       0