179.062
179.222
179.381
179.541
179.7
179.86
180.019
180.179
180.339
180.498
180.658
180.817
180.977
181.137
181.297
181.456
181.616
181.776
181.936
182.095
182.255
182.415
182.575
182.735
182.895
183.054
183.214
183.374
183.534
183.694
183.854
184.014
184.174
184.334
184.494
184.654
184.814
184.974
185.134
185.294
185.454
185.614
185.774
185.934
186.094
186.254
186.414
186.575
186.735
186.895
187.055
187.215
187.375
187.535
187.696
187.856
188.016
188.176
188.336
188.497
188.657
188.817
188.977
189.137
189.298
189.458
189.618
189.778
189.939
190.099
190.259
190.419
190.58
190.74
190.9
191.06
191.221
191.381
191.541
191.702
191.862
192.022
192.182
192.343
192.503
192.663
192.823
192.984
193.144
193.304
193.465
193.625
193.785
193.945
194.106
194.266
194.426
194.587
194.747
194.907
195.067
195.228
195.388
195.548
195.708
195.869
196.029
196.189
196.349
196.51
196.67
196.83
196.99
197.15
197.311
197.471
197.631
197.791
197.951
198.111
198.272
198.432
198.592
198.752
198.912
199.072
199.232
199.392
199.553
199.713
199.873
200.033
200.193
200.353
200.513
200.673
200.833
200.993
201.153
201.313
201.473
201.633
201.793
201.953
202.113
202.272
202.432
202.592
202.752
202.912
203.072
203.232
203.391
203.551
203.711
203.871
204.03
204.19
204.35
204.509
204.669
204.829
204.988
205.148
205.308
205.467
205.627
205.786
205.946
206.105
206.265
206.424
206.584
206.743
206.903
207.062
207.221
207.381
207.54
207.699
207.859
208.018
208.177
208.336
208.496
208.655
208.814
208.973
209.132
209.291
209.45
209.609
209.768
209.927
210.086
210.245
210.404
210.563
210.722
210.881
211.04
211.198
211.357
211.516
211.675
211.833
211.992
212.151
212.309
212.468
212.626
212.785
212.943
213.102
213.26
213.419
213.577
213.735
213.894
214.052
214.21
214.368
214.526
214.685
214.843
215.001
215.159
215.317
215.475
215.633
215.791
215.949
216.106
216.264
216.422
216.58
216.738
216.895
217.053
217.211
217.368
217.526
217.683
217.841
217.998
218.155
218.313
218.47
218.627
218.785
218.942
219.099
219.256
219.413
219.57
219.727
219.884
220.041
220.198
220.355
220.512
220.668
220.825
220.982
221.139
221.295
221.452
221.608
221.765
221.921
222.078
222.234
222.39
222.547
222.703
222.859
223.015
223.171
223.327
223.483
223.639
223.795
223.951
224.107
224.263
224.419
224.574
224.73
224.886
225.041
225.197
225.353
225.508
225.664
225.819
225.975
226.13
226.285
226.441
226.596
226.752
226.907
227.063
227.218
227.373
227.529
227.685
227.84
227.996
228.152
228.307
228.463
228.619
228.776
228.932
229.089
229.245
229.402
229.56
229.717
229.875
230.033
230.192
230.351
230.511
230.671
230.832
230.994
231.156
231.319
231.483
231.649
231.815
231.982
232.151
232.322
232.494
232.667
232.843
233.021
233.201
233.383
233.568
233.756
233.947
234.142
234.34
234.542
234.748
234.959
235.175
235.396
235.623
235.856
236.096
236.343
236.597
236.859
237.13
237.41
237.7
238
238.312
238.635
238.971
239.321
239.685
240.063
240.458
240.87
241.299
241.748
242.216
242.706
243.217
243.752
244.311
244.896
245.508
246.148
246.817
247.518
248.251
249.018
249.82
250.658
251.535
252.451
253.408
254.408
255.453
256.543
257.68
258.866
260.103
261.391
262.733
264.129
265.582
267.093
268.662
270.292
271.984
273.738
275.556
277.439
279.388
281.404
283.488
285.639
287.86
290.15
292.509
294.938
297.437
300.006
302.645
305.352
308.128
310.972
313.883
316.86
319.901
323.005
326.171
329.397
332.68
336.018
339.41
342.852
346.341
349.874
353.449
357.061
360.708
364.385
368.088
371.814
375.557
379.314
383.079
386.849
390.617
394.379
398.129
401.863
405.575
409.26
412.911
416.524
420.092
423.611
427.073
430.475
433.809
437.071
440.255
443.356
446.367
449.284
452.101
454.814
457.418
459.908
462.278
464.526
466.647
468.636
470.491
472.208
473.783
475.215
476.499
477.634
478.618
479.449
480.126
480.647
481.012
481.22
481.272
481.167
480.906
480.489
479.918
479.195
478.321
477.298
476.128
474.815
473.36
471.769
470.042
468.186
466.203
464.097
461.874
459.537
457.091
454.542
451.894
449.152
446.323
443.41
440.42
437.359
434.231
431.043
427.8
424.509
421.173
417.8
414.394
410.962
407.509
404.04
400.56
397.075
393.589
390.108
386.637
383.179
379.74
376.324
372.935
369.576
366.253
362.967
359.723
356.525
353.374
350.273
347.226
344.235
341.301
338.428
335.616
332.867
330.184
327.566
325.015
322.532
320.118
317.773
315.498
313.292
311.156
309.09
307.093
305.166
303.307
301.517
299.794
298.137
296.547
295.021
293.558
292.159
290.82
289.542
288.323
287.161
286.055
285.003
284.005
283.058
282.162
281.314
280.513
279.757
279.045
278.376
277.748
277.158
276.607
276.092
275.613
275.166
274.752
274.368
274.014
273.687
273.388
273.113
272.863
272.636
272.431
272.247
272.082
271.936
271.808
271.697
271.601
271.52
271.453
271.4
271.359
271.329
271.311
271.303
271.304
271.315
271.334
271.361
271.395
271.437
271.485
271.538
271.598
271.662
271.732
271.806
271.884
271.966
272.051
272.14
272.231
272.326
272.423
272.522
272.624
272.727
272.833
272.94
273.048
273.158
273.269
273.382
273.495
273.609
273.724
273.84
273.957
274.074
274.192
274.31
274.429
274.548
274.667
274.787
274.907
275.027
275.148
275.268
275.389
275.51
275.63
275.751
275.872
275.993
276.114
276.235
276.356
276.477
276.598
276.718
276.839
276.96
277.08
277.201
277.321
277.442
277.562
277.682
277.802
277.922
278.042
278.161
278.281
278.4
278.52
278.639
278.758
278.877
278.996
279.114
279.233
279.351
279.469
279.587
279.705
279.823
279.941
280.059
280.176
280.293
280.41
280.527
280.644
280.761
280.878
280.994
281.11
281.226
281.342
281.458
281.574
281.69
281.805
281.92
282.036
282.151
282.265
282.38
282.495
282.609
282.723
282.838
282.952
283.065
283.179
283.293
283.406
283.519
283.633
283.746
283.858
283.971
284.084
284.196
284.308
284.42
284.532
284.644
284.756
284.867
284.979
285.09
285.201
285.312
285.423
285.534
285.644
285.754
285.865
285.975
286.085
286.194
286.304
286.414
286.523
286.632
286.741
286.85
286.959
287.067
287.176
287.284
287.392
287.5
287.608
287.716
287.824
287.931
288.039
288.146
288.253
288.36
288.466
288.573
288.679
288.786
288.892
288.998
289.104
289.21
289.315
289.421
289.526
289.631
289.736
289.841
289.946
290.051
290.155
290.26
290.364
290.468
290.572
290.676
290.779
290.883
290.986
291.09
291.193
291.296
291.399
291.501
291.604
291.707
291.809
291.911
292.013
292.115
292.217
292.319
292.421
292.522
292.624
292.725
292.826
292.927
293.028
293.129
293.229
293.33
293.43
293.531
293.631
293.731
293.831
293.931
294.031
294.131
294.23
294.33
294.429
294.528
294.628
294.727
294.826
294.925
295.024
295.122
295.221
295.32
295.418
295.516
295.615
295.713
295.811
295.909
296.007
296.105
296.203
296.301
296.399
296.497
296.594
296.692
296.79
296.887
296.985
297.082
297.179
297.277
297.374
297.471
297.569
297.666
297.763
297.86
297.957
298.055
298.152
298.249
298.346
298.443
298.54
298.637
298.735
298.832
298.929
299.026
299.123
299.221
299.318
299.415
299.513
299.61
299.708
299.805
299.903
300.001
300.098
300.196
300.294
300.392
300.49
300.589
300.687
300.785
300.884
300.982
301.081
301.18
301.279
301.378
301.478
301.577
301.677
301.777
301.877
301.977
302.077
302.178
302.279
302.38
302.481
302.582
302.684
302.786
302.888
302.99
303.093
303.196
303.299
303.403
303.506
303.61
303.715
303.819
303.925
304.03
304.136
304.242
304.348
304.455
304.562
304.67
304.778
304.886
304.995
305.104
305.214
305.324
305.435
305.546
305.657
305.769
305.882
305.995
306.109
306.223
306.338
306.453
306.569
306.685
306.802
306.92
307.038
307.157
307.277
307.397
307.518
307.64
307.762
307.885
308.009
308.133
308.258
308.384
308.511
308.639
308.767
308.896
309.027
309.157
309.289
309.422
309.556
309.69
309.825
309.962
310.099
310.237
310.377
310.517
310.658
310.801
310.944
311.089
311.234
311.381
311.529
311.678
311.828
311.979
312.132
312.286
312.44
312.597
312.754
312.913
313.073
313.234
313.397
313.561
313.726
313.893
314.061
314.231
314.402
314.574
314.748
314.924
315.101
315.279
315.459
315.641
315.824
316.009
316.195
316.384
316.573
316.765
316.958
317.153
317.35
317.548
317.748
317.95
318.154
318.36
318.567
318.777
318.988
319.201
319.417
319.634
319.853
320.074
320.297
320.522
320.75
320.979
321.21
321.444
321.68
321.917
322.157
322.399
322.644
322.89
323.139
323.39
323.644
323.899
324.157
324.418
324.681
324.946
325.213
325.483
325.755
326.03
326.307
326.587
326.869
327.154
327.441
327.73
328.023
328.318
328.615
328.915
329.218
329.523
329.831
330.142
330.455
330.771
331.089
331.411
331.735
332.062
332.391
332.724
333.059
333.397
333.737
334.081
334.427
334.776
335.128
335.483
335.841
336.202
336.565
336.931
337.301
337.673
338.048
338.426
338.806
339.19
339.577
339.967
340.359
340.755
341.153
341.554
341.959
342.366
342.776
343.189
343.605
344.024
344.446
344.871
345.299
345.73
346.163
346.6
347.04
347.482
347.928
348.376
348.827
349.281
349.738
350.198
350.661
351.126
351.595
352.066
352.54
353.017
353.497
353.98
354.465
354.953
355.444
355.937
356.434
356.933
357.434
357.939
358.445
358.955
359.467
359.982
360.499
361.019
361.541
362.066
362.593
363.123
363.655
364.19
364.727
365.266
365.807
366.351
366.897
367.445
367.995
368.548
369.103
369.659
370.218
370.779
371.341
371.906
372.472
373.041
373.611
374.183
374.756
375.332
375.909
376.487
377.067
377.649
378.232
378.817
379.403
379.99
380.579
381.168
381.759
382.352
382.945
383.539
384.134
384.731
385.328
385.926
386.524
387.124
387.724
388.325
388.926
389.528
390.13
390.733
391.336
391.939
392.542
393.146
393.75
394.353
394.957
395.56
396.164
396.767
397.37
397.972
398.575
399.176
399.777
400.378
400.978
401.577
402.175
402.772
403.369
403.964
404.559
405.152
405.744
406.335
406.924
407.512
408.098
408.683
409.266
409.848
410.428
411.006
411.582
412.156
412.727
413.297
413.865
414.43
414.993
415.554
416.112
416.667
417.22
417.77
418.317
418.862
419.404
419.942
420.478
421.01
421.539
422.065
422.588
423.107
423.622
424.134
424.643
425.147
425.648
426.145
426.639
427.128
427.613
428.094
428.571
429.043
429.511
429.975
430.435
430.89
431.34
431.785
432.226
432.662
433.094
433.52
433.941
434.358
434.769
435.175
435.576
435.971
436.362
436.747
437.126
437.5
437.868
438.231
438.588
438.939
439.284
439.624
439.958
440.286
440.607
440.923
441.233
441.536
441.834
442.125
442.41
442.688
442.96
443.226
443.485
443.738
443.984
444.224
444.457
444.683
444.903
445.116
445.322
445.521
445.714
445.9
446.079
446.251
446.416
446.574
446.725
446.869
447.006
447.136
447.259
447.375
447.483
447.585
447.679
447.766
447.846
447.919
447.985
448.043
448.094
448.138
448.175
448.204
448.226
448.241
448.249
448.249
448.242
448.228
448.206
448.177
448.141
448.098
448.048
447.99
447.925
447.852
447.773
447.686
447.592
447.491
447.383
447.267
447.145
447.015
446.878
446.734
446.583
446.425
446.26
446.088
445.91
445.724
445.531
445.331
445.125
444.912
444.692
444.465
444.231
443.991
443.744
443.491
443.231
442.964
442.691
442.412
442.126
441.834
441.535
441.231
440.92
440.602
440.279
439.95
439.614
439.273
438.926
438.572
438.213
437.848
437.478
437.102
436.72
436.332
435.94
435.541
435.138
434.729
434.314
433.895
433.47
433.04
432.606
432.166
431.721
431.272
430.818
430.359
429.895
429.427
428.955
428.478
427.996
427.511
427.021
426.526
426.028
425.526
425.02
424.509
423.996
423.478
422.956
422.431
421.903
421.371
420.835
420.297
419.754
419.209
418.661
418.109
417.555
416.998
416.438
415.875
415.309
414.741
414.17
413.597
413.022
412.444
411.863
411.281
410.697
410.11
409.522
408.931
408.339
407.745
407.149
406.552
405.953
405.353
404.751
404.148
403.544
402.939
402.332
401.724
401.116
400.506
399.896
399.284
398.672
398.06
397.447
396.833
396.219
395.604
394.989
394.374
393.759
393.143
392.528
391.912
391.297
390.681
390.066
389.451
388.836
388.222
387.608
386.994
386.381
385.769
385.157
384.546
383.936
383.326
382.718
382.11
381.503
380.897
380.292
379.689
379.086
378.485
377.885
377.286
376.689
376.093
375.499
374.906
374.314
373.725
373.136
372.55
371.965
371.382
370.801
370.221
369.643
369.068
368.494
367.922
367.353
366.785
366.219
365.656
365.095
364.535
363.979
363.424
362.872
362.322
361.774
361.229
360.686
360.145
359.607
359.072
358.538
358.008
357.48
356.955
356.432
355.912
355.394
354.879
354.367
353.857
353.351
352.846
352.345
351.847
351.351
350.858
350.368
349.88
349.396
348.914
348.435
347.959
347.486
347.016
346.549
346.084
345.623
345.164
344.708
344.256
343.806
343.359
342.915
342.474
342.036
341.601
341.169
340.74
340.314
339.891
339.471
339.053
338.639
338.228
337.82
337.414
337.012
336.612
336.216
335.822
335.431
335.043
334.659
334.277
333.898
333.522
333.148
332.778
332.411
332.046
331.684
331.325
330.969
330.616
330.266
329.918
329.574
329.232
328.893
328.556
328.223
327.892
327.564
327.238
326.915
326.595
326.278
325.963
325.651
325.342
325.035
324.731
324.429
324.13
323.834
323.54
323.248
322.959
322.673
322.389
322.108
321.829
321.552
321.278
321.006
320.736
320.469
320.205
319.942
319.682
319.424
319.169
318.915
318.664
318.415
318.168
317.924
317.681
317.441
317.203
316.967
316.733
316.501
316.271
316.043
315.817
315.593
315.371
315.151
314.933
314.717
314.503
314.29
314.079
313.871
313.664
313.458
313.255
313.053
312.853
312.655
312.458
312.264
312.07
311.879
311.689
311.5
311.313
311.128
310.944
310.762
310.581
310.402
310.224
310.048
309.873
309.699
309.527
309.357
309.187
309.019
308.852
308.687
308.523
308.36
308.198
308.038
307.879
307.72
307.564
307.408
307.253
307.1
306.948
306.797
306.646
306.497
306.349
306.202
306.056
305.911
305.767
305.624
305.482
305.341
305.201
305.062
304.923
304.786
304.649
304.513
304.378
304.244
304.111
303.978
303.847
303.716
303.585
303.456
303.327
303.199
303.072
302.945
302.819
302.694
302.569
302.445
302.321
302.199
302.076
301.955
301.834
301.713
301.593
301.474
301.355
301.237
301.119
301.002
300.885
300.768
300.653
300.537
300.422
300.308
300.194
300.08
299.967
299.854
299.741
299.629
299.517
299.406
299.295
299.184
299.074
298.964
298.854
298.745
298.636
298.527
298.419
298.311
298.203
298.095
297.988
297.881
297.774
297.667
297.561
297.455
297.349
297.243
297.137
297.032
296.927
296.822
296.717
296.612
296.508
296.404
296.3
296.196
296.092
295.988
295.884
295.781
295.678
295.575
295.471
295.368
295.266
295.163
295.06
294.958
294.855
294.753
294.65
294.548
294.446
294.344
294.241
294.139
294.037
293.936
293.834
293.732
293.63
293.528
293.426
293.325
293.223
293.121
293.02
292.918
292.816
292.715
292.613
292.511
292.41
292.308
292.206
292.105
292.003
291.901
291.8
291.698
291.596
291.494
291.393
291.291
291.189
291.087
290.985
290.883
290.781
290.679
290.577
290.475
290.372
290.27
290.168
290.066
289.963
289.861
289.758
289.656
289.553
289.45
289.347
289.245
289.142
289.039
288.936
288.833
288.729
288.626
288.523
288.419
288.316
288.212
288.109
288.005
287.901
287.797
287.693
287.589
287.485
287.381
287.276
287.172
287.068
286.963
286.858
286.754
286.649
286.544
286.439
286.334
286.228
286.123
286.018
285.912
285.807
285.701
285.595
285.489
285.383
285.277
285.171
285.065
284.958
284.852
284.745
284.639
284.532
284.425
284.318
284.211
284.104
283.996
283.889
283.781
283.674
283.566
283.458
283.35
283.242
283.134
283.026
282.918
282.809
282.701
282.592
282.483
282.374
282.265
282.156
282.047
281.938
281.828
281.719
281.609
281.5
281.39
281.28
281.17
281.06
280.95
280.839
280.729
280.618
280.508
280.397
280.286
280.175
280.064
279.953
279.841
279.73
279.619
279.507
279.395
279.283
279.171
279.059
278.947
278.835
278.723
278.61
278.498
278.385
278.272
278.159
278.047
277.933
277.82
277.707
277.594
277.48
277.367
277.253
277.139
277.025
276.911
276.797
276.683
276.569
276.454
276.34
276.225
276.111
275.996
275.881
275.766
275.651
275.536
275.42
275.305
275.189
275.074
274.958
274.842
274.726
274.61
274.494
274.378
274.262
274.146
274.029
273.912
273.796
273.679
273.562
273.445
273.328
273.211
273.094
272.976
272.859
272.742
272.624
272.506
272.388
272.271
272.153
272.034
271.916
271.798
271.68
271.561
271.443
271.324
271.205
271.087
270.968
270.849
270.73
270.61
270.491
270.372
270.252
270.133
270.013
269.893
269.774
269.654
269.534
269.414
269.294
269.173
269.053
268.933
268.812
268.692
268.571
268.45
268.329
268.209
268.088
267.966
267.845
267.724
267.603
267.481
267.36
267.238
267.117
266.995
266.873
266.751
266.629
266.507
266.385
266.263
266.14
266.018
265.896
265.773
265.65
265.528
265.405
265.282
265.159
265.036
264.913
264.79
264.667
264.543
264.42
264.297
264.173
264.05
263.926
263.802
263.678
263.554
263.43
263.306
263.182
263.058
262.934
262.809
262.685
262.56
262.436
262.311
262.187
262.062
261.937
261.812
261.687
261.562
261.437
261.312
261.187
261.061
260.936
260.81
260.685
260.559
260.434
260.308
260.182
260.056
259.93
259.804
259.678
259.552
259.426
259.3
259.173
259.047
258.921
258.794
258.668
258.541
258.414
258.288
258.161
258.034
257.907
257.78
257.653
257.526
257.399
257.271
257.144
257.017
256.889
256.762
256.634
256.507
256.379
256.252
256.124
255.996
255.868
255.74
255.612
255.484
255.356
255.228
255.1
254.972
254.843
254.715
254.587
254.458
254.33
254.201
254.072
253.944
253.815
253.686
253.557
253.429
253.3
253.171
253.042
252.913
252.783
252.654
252.525
252.396
252.266
252.137
252.008
251.878
251.749
251.619
251.49
251.36
251.23
251.101
250.971
250.841
250.711
250.581
250.451
250.321
250.191
250.061
249.931
249.801
249.671
249.54
249.41
249.28
249.149
249.019
248.888
248.758
248.627
248.497
248.366
248.235
248.105
247.974
247.843
247.712
247.582
247.451
247.32
247.189
247.058
246.927
246.796
246.665
246.533
246.402
246.271
246.14
246.008
245.877
245.746
245.614
245.483
245.352
245.22
245.089
244.957
244.825
244.694
244.562
244.431
244.299
244.167
244.035
243.904
243.772
243.64
243.508
243.376
243.244
243.112
242.98
242.848
242.716
242.584
242.452
242.32
242.188
242.056
241.923
241.791
241.659
241.527
241.394
241.262
241.13
240.997
240.865
240.732
240.6
240.468
240.335
240.203
240.07
239.937
239.805
239.672
239.54
239.407
239.274
239.142
239.009
238.876
238.744
238.611
238.478
238.345
238.213
238.08
237.947
237.814
237.681
237.548
237.416
237.283
237.15
237.017
236.884
236.751
236.618
236.485
236.352
236.219
236.086
235.953
235.82
235.687
235.554
235.421
235.287
235.154
235.021
234.888
234.755
234.622
234.489
234.356
234.222
234.089
233.956
233.823
233.69
233.556
233.423
233.29
233.157
233.023
232.89
232.757
232.624
232.49
232.357
232.224
232.091
231.957
231.824
231.691
231.558
231.424
231.291
231.158
231.024
230.891
230.758
230.624
230.491
230.358
230.225
230.091
229.958
229.825
229.691
229.558
229.425
229.291
229.158
229.025
228.892
228.758
228.625
228.492
228.359
228.225
228.092
227.959
227.825
227.692
227.559
227.426
227.293
227.159
227.026
226.893
226.76
226.626
226.493
226.36
226.227
226.094
225.961
225.827
225.694
225.561
225.428
225.295
225.162
225.029
224.896
224.763
224.63
224.497
224.363
224.23
224.097
223.964
223.831
223.699
223.566
223.433
223.3
223.167
223.034
222.901
222.768
222.635
222.502
222.37
222.237
222.104
221.971
221.839
221.706
221.573
221.44
221.308
221.175
221.042
220.91
220.777
220.645
220.512
220.38
220.247
220.115
219.982
219.85
219.717
219.585
219.452
219.32
219.188
219.055
218.923
218.791
218.658
218.526
218.394
218.262
218.13
217.998
217.865
217.733
217.601
217.469
217.337
217.205
217.073
216.941
216.81
216.678
216.546
216.414
216.282
216.151
216.019
215.887
215.755
215.624
215.492
215.361
215.229
215.098
214.966
214.835
214.703
214.572
214.44
214.309
214.178
214.047
213.915
213.784
213.653
213.522
213.391
213.26
213.129
212.998
212.867
212.736
212.605
212.474
212.343
212.213
212.082
211.951
211.821
211.69
211.559
211.429
211.298
211.168
211.037
210.907
210.777
210.646
210.516
210.386
210.256
210.126
209.995
209.865
209.735
209.605
209.475
209.346
209.216
209.086
208.956
208.826
208.697
208.567
208.438
208.308
208.178
208.049
207.92
207.79
207.661
207.532
207.402
207.273
207.144
207.015
206.886
206.757
206.628
206.499
206.37
206.241
206.113
205.984
205.855
205.727
205.598
205.47
205.341
205.213
205.084
204.956
204.828
204.7
204.571
204.443
204.315
204.187
204.059
203.931
203.804
203.676
203.548
203.42
203.293
203.165
203.038
202.91
202.783
202.655
202.528
202.401
202.274
202.146
202.019
201.892
201.765
201.639
201.512
201.385
201.258
201.131
201.005
200.878
200.752
200.625
200.499
200.373
200.246
200.12
199.994
199.868
199.742
199.616
199.49
199.364
199.238
199.113
198.987
198.861
198.736
198.61
198.485
198.36
198.234
198.109
197.984
197.859
197.734
197.609
197.484
197.359
197.234
197.11
196.985
196.86
196.736
196.612
196.487
196.363
196.239
196.114
195.99
195.866
195.742
195.618
195.495
195.371
195.247
195.123
195
194.876
194.753
194.63
194.506
194.383
194.26
194.137
194.014
193.891
193.768
193.645
193.523
193.4
193.277
193.155
193.033
192.91
192.788
192.666
192.544
192.422
192.3
192.178
192.056
191.934
191.812
191.691
191.569
191.448
191.326
191.205
191.084
190.963
190.842
190.721
190.6
190.479
190.358
190.237
190.117
189.996
189.876
189.755
189.635
189.515
189.395
189.275
189.155
189.035
188.915
188.795
188.676
188.556
188.436
188.317
188.198
188.078
187.959
187.84
187.721
187.602
187.483
187.365
187.246
187.127
187.009
186.89
186.772
186.654
186.535
186.417
186.299
186.181
186.064
185.946
185.828
185.711
185.593
185.476
185.358
185.241
185.124
185.007
184.89
184.773
184.656
184.539
184.423
184.306
184.19
184.073
183.957
183.841
183.725
183.609
183.493
183.377
183.261
183.145
183.03
182.914
182.799
182.684
182.568
182.453
182.338
182.223
182.108
181.994
181.879
181.764
181.65
181.536
181.421
181.307
181.193
181.079
180.965
180.851
180.737
180.624
180.51
180.397
180.283
180.17
180.057
179.944
179.831
179.718
179.605
179.492
179.38
179.267
179.155
179.043
178.93
178.818
178.706
178.594
178.482
178.371
178.259
178.147
178.036
177.925
177.813
177.702
177.591
177.48
177.369
177.259
177.148
177.037
176.927
176.817
176.706
176.596
176.486
176.376
176.266
176.156
176.047
175.937
175.828
175.718
175.609
175.5
175.391
175.282
175.173
175.064
174.956
174.847
174.739
174.63
174.522
174.414
174.306
174.198
174.09
173.983
173.875
173.767
173.66
173.553
173.446
173.338
173.231
173.125
173.018
172.911
172.805
172.698
172.592
172.486
172.379
172.273
172.167
172.062
171.956
171.85
171.745
171.639
171.534
171.429
171.324
171.219
171.114
171.009
170.905
170.8
170.696
170.591
170.487
170.383
170.279
170.175
170.071
169.968
169.864
169.761
169.658
169.554
169.451
169.348
169.245
169.143
169.04
168.937
168.835
168.733
168.63
168.528
168.426
168.324
168.223
168.121
168.019
167.918
167.817
167.715
167.614
167.513
167.412
167.312
167.211
167.111
167.01
166.91
166.81
166.71
166.61
166.51
166.41
166.31
166.211
166.112
166.012
165.913
165.814
165.715
165.616
165.518
165.419
165.321
165.222
165.124
165.026
164.928
164.83
164.732
164.635
164.537
164.44
164.342
164.245
164.148
164.051
163.954
163.858
163.761
163.665
163.568
163.472
163.376
163.28
163.184
163.088
162.992
162.897
162.802
162.706
162.611
162.516
162.421
162.326
162.232
162.137
162.043
161.948
161.854
161.76
161.666
161.572
161.478
161.385
161.291
161.198
161.105
161.012
160.919
160.826
160.733
160.64
160.548
160.455
160.363
160.271
160.179
160.087
159.995
159.903
159.812
159.721
159.629
159.538
159.447
159.356
159.265
159.175
159.084
158.994
158.903
158.813
158.723
158.633
158.543
158.454
158.364
158.275
158.185
158.096
158.007
157.918
157.829
157.74
157.652
157.563
157.475
157.387
157.299
157.211
157.123
157.035
156.948
156.86
156.773
156.686
156.599
156.512
156.425
156.338
156.252
156.165
156.079
155.993
155.907
155.821
155.735
155.649
155.564
155.478
155.393
155.308
155.223
155.138
155.053
154.968
154.884
154.799
154.715
154.631
154.547
154.463
154.379
154.296
154.212
154.129
154.045
153.962
153.879
153.796
153.714
153.631
153.549
153.466
153.384
153.302
153.22
153.138
153.056
152.975
152.893
152.812
152.731
152.65
152.569
152.488
152.407
152.327
152.246
152.166
152.086
152.006
151.926
151.846
151.767
151.687
151.608
151.528
151.449
151.37
151.291
151.213
151.134
151.056
150.977
150.899
150.821
150.743
150.665
150.588
150.51
150.433
150.355
150.278
150.201
150.124
150.047
149.971
149.894
149.818
149.742
149.666
149.59
149.514
149.438
149.363
149.287
149.212
149.137
149.062
148.987
148.912
148.837
148.763
148.688
148.614
148.54
148.466
148.392
148.318
148.245
148.171
148.098
148.025
147.952
147.879
147.806
147.733
147.661
147.588
147.516
147.444
147.372
147.3
147.228
147.157
147.085
147.014
146.943
146.872
146.801
146.73
146.659
146.589
146.518
146.448
146.378
146.308
146.238
146.168
146.099
146.029
145.96
145.891
145.821
145.753
145.684
145.615
145.547
145.478
145.41
145.342
145.274
145.206
145.138
145.071
145.003
144.936
144.869
144.801
144.735
144.668
144.601
144.535
144.468
144.402
144.336
144.27
144.204
144.138
144.073
144.007
143.942
143.877
143.812
143.747
143.682
143.617
143.553
143.488
143.424
143.36
143.296
143.232
143.169
143.105
143.041
142.978
142.915
142.852
142.789
142.726
142.664
142.601
142.539
142.477
142.414
142.353
142.291
142.229
142.167
142.106
142.045
141.984
141.923
141.862
141.801
141.74
141.68
141.62
141.559
141.499
141.439
141.379
141.32
141.26
141.201
141.142
141.082
141.023
140.965
140.906
140.847
140.789
140.73
140.672
140.614
140.556
140.498
140.441
140.383
140.326
140.269
140.212
140.155
140.098
140.041
139.984
139.928
139.872
139.815
139.759
139.703
139.648
139.592
139.537
139.481
139.426
139.371
139.316
139.261
139.206
139.152
139.097
139.043
138.989
138.935
138.881
138.827
138.774
138.72
138.667
138.613
138.56
138.507
138.455
138.402
138.349
138.297
138.245
138.192
138.14
138.088
138.037
137.985
137.934
137.882
137.831
137.78
137.729
137.678
137.627
137.577
137.526
137.476
137.426
137.376
137.326
137.276
137.227
137.177
137.128
137.079
137.03
136.981
136.932
136.883
136.834
136.786
136.738
136.69
136.642
136.594
136.546
136.498
136.451
136.403
136.356
136.309
136.262
136.215
136.169
136.122
136.075
136.029
135.983
135.937
135.891
135.845
135.8
135.754
135.709
135.663
135.618
135.573
135.528
135.484
135.439
135.395
135.35
135.306
135.262
135.218
135.174
135.131
135.087
135.044
135
134.957
134.914
134.871
134.829
134.786
134.743
134.701
134.659
134.617
134.575
134.533
134.491
134.45
134.408
134.367
134.326
134.284
134.244
134.203
134.162
134.121
134.081
134.041
134.001
133.961
133.921
133.881
133.841
133.802
133.762
133.723
133.684
133.645
133.606
133.567
133.529
133.49
133.452
133.414
133.376
133.338
133.3
133.262
133.224
133.187
133.15
133.113
133.075
133.038
133.002
132.965
132.928
132.892
132.856
132.82
132.783
132.748
132.712
132.676
132.641
132.605
132.57
132.535
132.5
132.465
132.43
132.395
132.361
132.326
132.292
132.258
132.224
132.19
132.156
132.123
132.089
132.056
132.022
131.989
131.956
131.923
131.891
131.858
131.825
131.793
131.761
131.729
131.697
131.665
131.633
131.601
131.57
131.538
131.507
131.476
131.445
131.414
131.383
131.353
131.322
131.292
131.261
131.231
131.201
131.171
131.142
131.112
131.082
131.053
131.024
130.994
130.965
130.936
130.908
130.879
130.85
130.822
130.794
130.765
130.737
130.709
130.682
130.654
130.626
130.599
130.572
130.544
130.517
130.49
130.463
130.437
130.41
130.384
130.357
130.331
130.305
130.279
130.253
130.227
130.201
130.176
130.15
130.125
130.1
130.075
130.05
130.025
130
129.976
129.951
129.927
129.903
129.879
129.855
129.831
129.807
129.783
129.76
129.736
129.713
129.69
129.667
129.644
129.621
129.599
129.576
129.553
129.531
129.509
129.487
129.465
129.443
129.421
129.399
129.378
129.357
129.335
129.314
129.293
129.272
129.251
129.23
129.21
129.189
129.169
129.149
129.128
129.108
129.089
129.069
129.049
129.029
129.01
128.991
128.971
128.952
128.933
128.914
128.895
128.877
128.858
128.84
128.821
128.803
128.785
128.767
128.749
128.731
128.714
128.696
128.679
128.661
128.644
128.627
128.61
128.593
128.576
128.56
128.543
128.527
128.51
128.494
128.478
128.462
128.446
128.43
128.415
128.399
128.384
128.368
128.353
128.338
128.323
128.308
128.293
128.278
128.264
128.249
128.235
128.221
128.207
128.192
128.178
128.165
128.151
128.137
128.124
128.11
128.097
128.084
128.071
128.058
128.045
128.032
128.019
128.007
127.994
127.982
127.97
127.958
127.946
127.934
127.922
127.91
127.898
127.887
127.875
127.864
127.853
127.842
127.831
127.82
127.809
127.798
127.788
127.777
127.767
127.757
127.746
127.736
127.726
127.716
127.707
127.697
127.687
127.678
127.669
127.659
127.65
127.641
127.632
127.623
127.614
127.606
127.597
127.589
127.58
127.572
127.564
127.556
127.548
127.54
127.532
127.524
127.517
127.509
127.502
127.495
127.487
127.48
127.473
127.466
127.46
127.453
127.446
127.44
127.433
127.427
127.421
127.415
127.409
127.403
127.397
127.391
127.385
127.38
127.374
127.369
127.364
127.358
127.353
127.348
127.343
127.339
127.334
127.329
127.325
127.32
127.316
127.312
127.308
127.303
127.299
127.296
127.292
127.288
127.284
127.281
127.278
127.274
127.271
127.268
127.265
127.262
127.259
127.256
127.253
127.251
127.248
127.246
127.243
127.241
127.239
127.237
127.235
127.233
127.231
127.229
127.228
127.226
127.225
127.223
127.222
127.221
127.22
127.219
127.218
127.217
127.216
127.215
127.215
127.214
127.214
127.213
127.213
127.213
127.213
127.213
127.213
127.213
127.213
127.214
127.214
127.214
127.215
127.216
127.216
127.217
127.218
127.219
127.22
127.221
127.222
127.224
127.225
127.227
127.228
127.23
127.232
127.233
127.235
127.237
127.239
127.241
127.244
127.246
127.248
127.251
127.253
127.256
127.258
127.261
127.264
127.267
127.27
127.273
127.276
127.279
127.282
127.286
127.289
127.293
127.296
127.3
127.304
127.308
127.311
127.315
127.32
127.324
127.328
127.332
127.336
127.341
127.345
127.35
127.355
127.359
127.364
127.369
127.374
127.379
127.384
127.389
127.394
127.4
127.405
127.41
127.416
127.422
127.427
127.433
127.439
127.445
127.45
127.457
127.463
127.469
127.475
127.481
127.488
127.494
127.5
127.507
127.514
127.52
127.527
127.534
127.541
127.548
127.555
127.562
127.569
127.576
127.584
127.591
127.599
127.606
127.614
127.621
127.629
127.637
127.644
127.652
127.66
127.668
127.676
127.685
127.693
127.701
127.709
127.718
127.726
127.735
127.743
127.752
127.761
127.77
127.778
127.787
127.796
127.805
127.814
127.824
127.833
127.842
127.851
127.861
127.87
127.88
127.889
127.899
127.909
127.918
127.928
127.938
127.948
127.958
127.968
127.978
127.988
127.998
128.009
128.019
128.029
128.04
128.05
128.061
128.072
128.082
128.093
128.104
128.115
128.125
128.136
128.147
128.158
128.17
128.181
128.192
128.203
128.214
128.226
128.237
128.249
128.26
128.272
128.284
128.295
128.307
128.319
128.331
128.342
128.354
128.366
128.378
128.391
128.403
128.415
128.427
128.439
128.452
128.464
128.477
128.489
128.502
128.514
128.527
128.54
128.552
128.565
128.578
128.591
128.604
128.617
128.63
128.643
128.656
128.669
128.682
128.696
128.709
128.722
128.736
128.749
128.762
128.776
128.79
128.803
128.817
128.83
128.844
128.858
128.872
128.886
128.9
128.914
128.928
128.942
128.956
128.97
128.984
128.998
129.012
129.027
129.041
129.055
129.07
129.084
129.099
129.113
129.128
129.142
129.157
129.172
129.186
129.201
129.216
129.231
129.246
129.261
129.276
129.291
129.306
129.321
129.336
129.351
129.366
129.381
129.396
129.412
129.427
129.442
129.458
129.473
129.489
129.504
129.52
129.535
129.551
129.566
129.582
129.598
129.613
129.629
129.645
129.661
129.677
129.692
129.708
129.724
129.74
129.756
129.772
129.788
129.804
129.821
129.837
129.853
129.869
129.885
129.902
129.918
129.934
129.951
129.967
129.983
130
130.016
130.033
130.049
130.066
130.083
130.099
130.116
130.132
130.149
130.166
130.183
130.199
130.216
130.233
130.25
130.267
130.283
130.3
130.317
130.334
130.351
130.368
130.385
130.402
130.419
130.437
130.454
130.471
130.488
130.505
130.522
130.54
130.557
130.574
130.591
130.609
130.626
130.643
130.661
130.678
130.696
130.713
130.73
130.748
130.765
130.783
130.8
130.818
130.836
130.853
130.871
130.888
130.906
130.924
130.941
130.959
130.977
130.994
131.012
131.03
131.048
131.065
131.083
131.101
131.119
131.137
131.154
131.172
131.19
131.208
131.226
131.244
131.262
131.28
131.298
131.316
131.334
131.352
131.37
131.388
131.406
131.424
131.442
131.46
131.478
131.496
131.514
131.532
131.55
131.568
131.586
131.605
131.623
131.641
131.659
131.677
131.695
131.714
131.732
131.75
131.768
131.786
131.805
131.823
131.841
131.859
131.878
131.896
131.914
131.932
131.951
131.969
131.987
132.006
132.024
132.042
132.06
132.079
132.097
132.115
132.134
132.152
132.17
132.189
132.207
132.225
132.244
132.262
132.28
132.299
132.317
132.335
132.354
132.372
132.39
132.409
132.427
132.445
132.464
132.482
132.5
132.519
132.537
132.555
132.574
132.592
132.61
132.629
132.647
132.665
132.684
132.702
132.72
132.739
132.757
132.775
132.794
132.812
132.83
132.848
132.867
132.885
132.903
132.922
132.94
132.958
132.976
132.995
133.013
133.031
133.049
133.067
133.086
133.104
133.122
133.14
133.158
133.177
133.195
133.213
133.231
133.249
133.267
133.286
133.304
133.322
133.34
133.358
133.376
133.394
133.412
133.43
133.448
133.466
133.484
133.502
133.52
133.538
133.556
133.574
133.592
133.61
133.628
133.646
133.664
133.682
133.699
133.717
133.735
133.753
133.771
133.789
133.806
133.824
133.842
133.86
133.877
133.895
133.913
133.93
133.948
133.966
133.983
134.001
134.019
134.036
134.054
134.071
134.089
134.106
134.124
134.141
134.159
134.176
134.193
134.211
134.228
134.246
134.263
134.28
134.298
134.315
134.332
134.349
134.366
134.384
134.401
134.418
134.435
134.452
134.469
134.486
134.503
134.52
134.537
134.554
134.571
134.588
134.605
134.622
134.639
134.656
134.673
134.689
134.706
134.723
134.74
134.756
134.773
134.79
134.806
134.823
134.839
134.856
134.872
134.889
134.905
134.922
134.938
134.954
134.971
134.987
135.003
135.02
135.036
135.052
135.068
135.084
135.101
135.117
135.133
135.149
135.165
135.181
135.197
135.213
135.229
135.244
135.26
135.276
135.292
135.308
135.323
135.339
135.355
135.37
135.386
135.401
135.417
135.432
135.448
135.463
135.479
135.494
135.509
135.525
135.54
135.555
135.57
135.585
135.6
135.616
135.631
135.646
135.661
135.676
135.69
135.705
135.72
135.735
135.75
135.764
135.779
135.794
135.808
135.823
135.838
135.852
135.867
135.881
135.895
135.91
135.924
135.938
135.953
135.967
135.981
135.995
136.009
136.023
136.037
136.051
136.065
136.079
136.093
136.107
136.121
136.134
136.148
136.162
136.175
136.189
136.202
136.216
136.229
136.243
136.256
136.269
136.283
136.296
136.309
136.322
136.335
136.348
136.361
136.374
136.387
136.4
136.413
136.426
136.439
136.451
136.464
136.477
136.489
136.502
136.514
136.527
136.539
136.552
136.564
136.576
136.588
136.601
136.613
136.625
136.637
136.649
136.661
136.673
136.685
136.696
136.708
136.72
136.731
136.743
136.755
136.766
136.778
136.789
136.8
136.812
136.823
136.834
136.845
136.857
136.868
136.879
136.89
136.901
136.911
136.922
136.933
136.944
136.954
136.965
136.976
136.986
136.997
137.007
137.017
137.028
137.038
137.048
137.058
137.069
137.079
137.089
137.099
137.108
137.118
137.128
137.138
137.148
137.157
137.167
137.176
137.186
137.195
137.204
137.214
137.223
137.232
137.241
137.25
137.26
137.269
137.277
137.286
137.295
137.304
137.313
137.321
137.33
137.338
137.347
137.355
137.364
137.372
137.38
137.388
137.396
137.405
137.413
137.421
137.428
137.436
137.444
137.452
137.459
137.467
137.475
137.482
137.49
137.497
137.504
137.511
137.519
137.526
137.533
137.54
137.547
137.554
137.561
137.567
137.574
137.581
137.587
137.594
137.6
137.607
137.613
137.619
137.626
137.632
137.638
137.644
137.65
137.656
137.662
137.668
137.673
137.679
137.685
137.69
137.696
137.701
137.706
137.712
137.717
137.722
137.727
137.732
137.737
137.742
137.747
137.752
137.756
137.761
137.766
137.77
137.775
137.779
137.783
137.788
137.792
137.796
137.8
137.804
137.808
137.812
137.816
137.819
137.823
137.827
137.83
137.834
137.837
137.84
137.844
137.847
137.85
137.853
137.856
137.859
137.862
137.865
137.867
137.87
137.873
137.875
137.878
137.88
137.882
137.885
137.887
137.889
137.891
137.893
137.895
137.897
137.898
137.9
137.902
137.903
137.905
137.906
137.908
137.909
137.91
137.911
137.912
137.913
137.914
137.915
137.916
137.917
137.917
137.918
137.918
137.919
137.919
137.92
137.92
137.92
137.92
137.92
137.92
137.92
137.92
137.919
137.919
137.918
137.918
137.917
137.917
137.916
137.915
137.914
137.913
137.912
137.911
137.91
137.909
137.908
137.906
137.905
137.903
137.902
137.9
137.898
137.896
137.895
137.893
137.891
137.888
137.886
137.884
137.882
137.879
137.877
137.874
137.872
137.869
137.866
137.863
137.86
137.857
137.854
137.851
137.848
137.844
137.841
137.837
137.834
137.83
137.827
137.823
137.819
137.815
137.811
137.807
137.803
137.798
137.794
137.79
137.785
137.781
137.776
137.771
137.767
137.762
137.757
137.752
137.747
137.742
137.736
137.731
137.726
137.72
137.715
137.709
137.703
137.697
137.692
137.686
137.68
137.673
137.667
137.661
137.655
137.648
137.642
137.635
137.628
137.622
137.615
137.608
137.601
137.594
137.587
137.58
137.572
137.565
137.557
137.55
137.542
137.535
137.527
137.519
137.511
137.503
137.495
137.487
137.478
137.47
137.462
137.453
137.445
137.436
137.427
137.418
137.409
137.4
137.391
137.382
137.373
137.364
137.354
137.345
137.335
137.326
137.316
137.306
137.296
137.286
137.276
137.266
137.256
137.246
137.235
137.225
137.214
137.204
137.193
137.182
137.171
137.16
137.149
137.138
137.127
137.116
137.104
137.093
137.081
137.07
137.058
137.046
137.034
137.022
137.01
136.998
136.986
136.974
136.961
136.949
136.936
136.924
136.911
136.898
136.886
136.873
136.86
136.846
136.833
136.82
136.807
136.793
136.78
136.766
136.752
136.739
136.725
136.711
136.697
136.683
136.668
136.654
136.64
136.625
136.611
136.596
136.581
136.567
136.552
136.537
136.522
136.507
136.491
136.476
136.461
136.445
136.43
136.414
136.398
136.382
136.366
136.351
136.334
136.318
136.302
136.286
136.269
136.253
136.236
136.22
136.203
136.186
136.169
136.152
136.135
136.118
136.101
136.083
136.066
136.048
136.031
136.013
135.995
135.977
135.959
135.941
135.923
135.905
135.887
135.868
135.85
135.831
135.813
135.794
135.775
135.756
135.737
135.718
135.699
135.68
135.661
135.641
135.622
135.602
135.582
135.563
135.543
135.523
135.503
135.483
135.463
135.442
135.422
135.402
135.381
135.361
135.34
135.319
135.298
135.277
135.256
135.235
135.214
135.193
135.171
135.15
135.128
135.106
135.085
135.063
135.041
135.019
134.997
134.975
134.953
134.93
134.908
134.885
134.863
134.84
134.817
134.794
134.771
134.748
134.725
134.702
134.679
134.655
134.632
134.608
134.585
134.561
134.537
134.513
134.489
134.465
134.441
134.417
134.392
134.368
134.344
134.319
134.294
134.27
134.245
134.22
134.195
134.17
134.144
134.119
134.094
134.068
134.043
134.017
133.991
133.966
133.94
133.914
133.888
133.862
133.835
133.809
133.783
133.756
133.73
133.703
133.676
133.649
133.622
133.595
133.568
133.541
133.514
133.486
133.459
133.431
133.404
133.376
133.348
133.32
133.292
133.264
133.236
133.208
133.18
133.151
133.123
133.094
133.066
133.037
133.008
132.979
132.95
132.921
132.892
132.863
132.833
132.804
132.774
132.745
132.715
132.685
132.655
132.625
132.595
132.565
132.535
132.505
132.474
132.444
132.413
132.383
132.352
132.321
132.29
132.259
132.228
132.197
132.166
132.135
132.103
132.072
132.04
132.008
131.977
131.945
131.913
131.881
131.849
131.817
131.784
131.752
131.72
131.687
131.655
131.622
131.589
131.556
131.523
131.49
131.457
131.424
131.391
131.357
131.324
131.29
131.257
131.223
131.189
131.155
131.121
131.087
131.053
131.019
130.985
130.95
130.916
130.881
130.847
130.812
130.777
130.742
130.707
130.672
130.637
130.602
130.566
130.531
130.495
130.46
130.424
130.389
130.353
130.317
130.281
130.245
130.209
130.172
130.136
130.1
130.063
130.027
129.99
129.953
129.916
129.879
129.842
129.805
129.768
129.731
129.694
129.656
129.619
129.581
129.543
129.506
129.468
129.43
129.392
129.354
129.316
129.278
129.239
129.201
129.162
129.124
129.085
129.046
129.008
128.969
128.93
128.891
128.851
128.812
128.773
128.733
128.694
128.654
128.615
128.575
128.535
128.495
128.455
128.415
128.375
128.335
128.295
128.254
128.214
128.173
128.133
128.092
128.051
128.01
127.969
127.928
127.887
127.846
127.805
127.764
127.722
127.681
127.639
127.597
127.556
127.514
127.472
127.43
127.388
127.346
127.303
127.261
127.219
127.176
127.134
127.091
127.048
127.006
126.963
126.92
126.877
126.834
126.79
126.747
126.704
126.66
126.617
126.573
126.53
126.486
126.442
126.398
126.354
126.31
126.266
126.222
126.177
126.133
126.089
126.044
125.999
125.955
125.91
125.865
125.82
125.775
125.73
125.685
125.64
125.594
125.549
125.504
125.458
125.412
125.367
125.321
125.275
125.229
125.183
125.137
125.091
125.045
124.998
124.952
124.906
124.859
124.812
124.766
124.719
124.672
124.625
124.578
124.531
124.484
124.437
124.389
124.342
124.295
124.247
124.199
124.152
124.104
124.056
124.008
123.96
123.912
123.864
123.816
123.768
123.719
123.671
123.622
123.574
123.525
123.476
123.428
123.379
123.33
123.281
123.232
123.182
123.133
123.084
123.034
122.985
122.935
122.886
122.836
122.786
122.737
122.687
122.637
122.587
122.537
122.486
122.436
122.386
122.335
122.285
122.234
122.184
122.133
122.082
122.031
121.98
121.929
121.878
121.827
121.776
121.725
121.673
121.622
121.571
121.519
121.467
121.416
121.364
121.312
121.26
121.208
121.156
121.104
121.052
120.999
120.947
120.895
120.842
120.79
120.737
120.684
120.632
120.579
120.526
120.473
120.42
120.367
120.314
120.261
120.207
120.154
120.1
120.047
119.993
119.94
119.886
119.832
119.778
119.724
119.67
119.616
119.562
119.508
119.454
119.399
119.345
119.291
119.236
119.182
119.127
119.072
119.017
118.962
118.908
118.853
118.798
118.742
118.687
118.632
118.577
118.521
118.466
118.41
118.355
118.299
118.243
118.188
118.132
118.076
118.02
117.964
117.908
117.852
117.795
117.739
117.683
117.626
117.57
117.513
117.457
117.4
117.343
117.286
117.229
117.173
117.116
117.058
117.001
116.944
116.887
116.83
116.772
116.715
116.657
116.6
116.542
116.484
116.427
116.369
116.311
116.253
116.195
116.137
116.079
116.021
115.962
115.904
115.846
115.787
115.729
115.67
115.612
115.553
115.494
115.436
115.377
115.318
115.259
115.2
115.141
115.082
115.022
114.963
114.904
114.844
114.785
114.726
114.666
114.606
114.547
114.487
114.427
114.367
114.307
114.247
114.187
114.127
114.067
114.007
113.947
113.886
113.826
113.766
113.705
113.645
113.584
113.523
113.463
113.402
113.341
113.28
113.219
113.158
113.097
113.036
112.975
112.914
112.852
112.791
112.73
112.668
112.607
112.545
112.484
112.422
112.36
112.299
112.237
112.175
112.113
112.051
111.989
111.927
111.865
111.803
111.74
111.678
111.616
111.553
111.491
111.428
111.366
111.303
111.24
111.178
111.115
111.052
110.989
110.926
110.863
110.8
110.737
110.674
110.611
110.548
110.484
110.421
110.358
110.294
110.231
110.167
110.103
110.04
109.976
109.912
109.849
109.785
109.721
109.657
109.593
109.529
109.465
109.401
109.336
109.272
109.208
109.144
109.079
109.015
108.95
108.886
108.821
108.757
108.692
108.627
108.562
108.498
108.433
108.368
108.303
108.238
108.173
108.108
108.043
107.977
107.912
107.847
107.782
107.716
107.651
107.585
107.52
107.454
107.389
107.323
107.257
107.192
107.126
107.06
106.994
106.928
106.862
106.796
106.73
106.664
106.598
106.532
106.465
106.399
106.333
106.267
106.2
106.134
106.067
106.001
105.934
105.868
105.801
105.734
105.667
105.601
105.534
105.467
105.4
105.333
105.266
105.199
105.132
105.065
104.998
104.931
104.863
104.796
104.729
104.661
104.594
104.527
104.459
104.392
104.324
104.256
104.189
104.121
104.053
103.986
103.918
103.85
103.782
103.714
103.646
103.578
103.51
103.442
103.374
103.306
103.238
103.17
103.101
103.033
102.965
102.896
102.828
102.76
102.691
102.623
102.554
102.485
102.417
102.348
102.28
102.211
102.142
102.073
102.004
101.936
101.867
101.798
101.729
101.66
101.591
101.522
101.453
101.383
101.314
101.245
101.176
101.106
101.037
100.968
100.898
100.829
100.76
100.69
100.621
100.551
100.481
100.412
100.342
100.273
100.203
100.133
100.063
99.9935
99.9237
99.8538
99.7839
99.714
99.6441
99.5741
99.504
99.434
99.3639
99.2938
99.2237
99.1535
99.0833
99.0131
98.9428
98.8725
98.8022
98.7318
98.6614
98.591
98.5206
98.4501
98.3796
98.3091
98.2386
98.168
98.0974
98.0267
97.9561
97.8854
97.8146
97.7439
97.6731
97.6023
97.5315
97.4606
97.3897
97.3188
97.2479
97.1769
97.1059
97.0349
96.9639
96.8928
96.8217
96.7506
96.6794
96.6082
96.537
96.4658
96.3946
96.3233
96.252
96.1807
96.1093
96.0379
95.9665
95.8951
95.8237
95.7522
95.6807
95.6092
95.5376
95.4661
95.3945
95.3229
95.2512
95.1796
95.1079
95.0362
94.9644
94.8927
94.8209
94.7491
94.6773
94.6055
94.5336
94.4617
94.3898
94.3179
94.2459
94.1739
94.102
94.0299
93.9579
93.8859
93.8138
93.7417
93.6696
93.5974
93.5253
93.4531
93.3809
93.3087
93.2364
93.1642
93.0919
93.0196
92.9473
92.875
92.8026
92.7303
92.6579
92.5855
92.513
92.4406
92.3681
92.2956
92.2231
92.1506
92.0781
92.0055
91.933
91.8604
91.7878
91.7152
91.6425
91.5699
91.4972
91.4245
91.3518
91.2791
91.2064
91.1336
91.0608
90.9881
90.9153
90.8424
90.7696
90.6968
90.6239
90.551
90.4782
90.4052
90.3323
90.2594
90.1864
90.1135
90.0405
89.9675
89.8945
89.8215
89.7485
89.6754
89.6024
89.5293
89.4562
89.3831
89.31
89.2369
89.1637
89.0906
89.0174
88.9443
88.8711
88.7979
88.7247
88.6514
88.5782
88.505
88.4317
88.3584
88.2852
88.2119
88.1386
88.0653
87.992
87.9186
87.8453
87.7719
87.6986
87.6252
87.5518
87.4784
87.405
87.3316
87.2582
87.1848
87.1113
87.0379
86.9644
86.8909
86.8175
86.744
86.6705
86.597
86.5235
86.45
86.3765
86.3029
86.2294
86.1558
86.0823
86.0087
85.9352
85.8616
85.788
85.7144
85.6408
85.5672
85.4936
85.42
85.3464
85.2727
85.1991
85.1255
85.0518
84.9782
84.9045
84.8309
84.7572
84.6835
84.6098
84.5362
84.4625
84.3888
84.3151
84.2414
84.1677
84.094
84.0203
83.9465
83.8728
83.7991
83.7254
83.6516
83.5779
83.5042
83.4304
83.3567
83.2829
83.2092
83.1354
83.0617
82.9879
82.9142
82.8404
82.7666
82.6929
82.6191
82.5453
82.4716
82.3978
82.324
82.2503
82.1765
82.1027
82.0289
81.9552
81.8814
81.8076
81.7338
81.66
81.5863
81.5125
81.4387
81.3649
81.2911
81.2174
81.1436
81.0698
80.996
80.9223
80.8485
80.7747
80.701
80.6272
80.5534
80.4796
80.4059
80.3321
80.2584
80.1846
80.1108
80.0371
79.9633
79.8896
79.8158
79.7421
79.6684
79.5946
79.5209
79.4472
79.3734
79.2997
79.226
79.1523
79.0786
79.0048
78.9311
78.8574
78.7837
78.71
78.6364
78.5627
78.489
78.4153
78.3417
78.268
78.1943
78.1207
78.047
77.9734
77.8998
77.8261
77.7525
77.6789
77.6053
77.5317
77.4581
77.3845
77.3109
77.2373
77.1637
77.0902
77.0166
76.943
76.8695
76.796
76.7224
76.6489
76.5754
76.5019
76.4284
76.3549
76.2814
76.2079
76.1345
76.061
75.9876
75.9141
75.8407
75.7673
75.6938
75.6204
75.547
75.4736
75.4003
75.3269
75.2535
75.1802
75.1069
75.0335
74.9602
74.8869
74.8136
74.7403
74.667
74.5938
74.5205
74.4473
74.374
74.3008
74.2276
74.1544
74.0812
74.008
73.9348
73.8617
73.7885
73.7154
73.6423
73.5692
73.4961
73.423
73.3499
73.2769
73.2038
73.1308
73.0578
72.9848
72.9118
72.8388
72.7658
72.6929
72.6199
72.547
72.4741
72.4012
72.3283
72.2554
72.1826
72.1097
72.0369
71.9641
71.8913
71.8185
71.7457
71.673
71.6002
71.5275
71.4548
71.3821
71.3094
71.2367
71.1641
71.0914
71.0188
70.9462
70.8736
70.8011
70.7285
70.656
70.5834
70.5109
70.4384
70.366
70.2935
70.2211
70.1487
70.0762
70.0039
69.9315
69.8591
69.7868
69.7145
69.6422
69.5699
69.4976
69.4254
69.3531
69.2809
69.2087
69.1366
69.0644
68.9923
68.9201
68.848
68.776
68.7039
68.6319
68.5598
68.4878
68.4158
68.3439
68.2719
68.2
68.1281
68.0562
67.9843
67.9125
67.8406
67.7688
67.697
67.6253
67.5535
67.4818
67.4101
67.3384
67.2667
67.1951
67.1235
67.0519
66.9803
66.9087
66.8372
66.7657
66.6942
66.6227
66.5513
66.4798
66.4084
66.337
66.2657
66.1943
66.123
66.0517
65.9804
65.9092
65.8379
65.7667
65.6956
65.6244
65.5533
65.4821
65.411
65.34
65.2689
65.1979
65.1269
65.0559
64.985
64.9141
64.8432
64.7723
64.7014
64.6306
64.5598
64.489
64.4182
64.3475
64.2768
64.2061
64.1355
64.0648
63.9942
63.9236
63.8531
63.7825
63.712
63.6416
63.5711
63.5007
63.4303
63.3599
63.2895
63.2192
63.1489
63.0786
63.0084
62.9381
62.8679
62.7978
62.7276
62.6575
62.5874
62.5174
62.4473
62.3773
62.3073
62.2374
62.1674
62.0975
62.0277
61.9578
61.888
61.8182
61.7484
61.6787
61.609
61.5393
61.4697
61.4
61.3304
61.2609
61.1913
61.1218
61.0523
60.9829
60.9135
60.8441
60.7747
60.7054
60.6361
60.5668
60.4975
60.4283
60.3591
60.2899
60.2208
60.1517
60.0826
60.0136
59.9446
59.8756
59.8066
59.7377
59.6688
59.6
59.5311
59.4623
59.3935
59.3248
59.2561
59.1874
59.1188
59.0501
58.9815
58.913
58.8445
58.776
58.7075
58.6391
58.5707
58.5023
58.4339
58.3656
58.2974
58.2291
58.1609
58.0927
58.0246
57.9565
57.8884
57.8203
57.7523
57.6843
57.6164
57.5484
57.4805
57.4127
57.3449
57.2771
57.2093
57.1416
57.0739
57.0062
56.9386
56.871
56.8034
56.7359
56.6684
56.601
56.5335
56.4661
56.3988
56.3314
56.2642
56.1969
56.1297
56.0625
55.9953
55.9282
55.8611
55.7941
55.727
55.6601
55.5931
55.5262
55.4593
55.3925
55.3256
55.2589
55.1921
55.1254
55.0587
54.9921
54.9255
54.8589
54.7924
54.7259
54.6595
54.593
54.5266
54.4603
54.394
54.3277
54.2614
54.1952
54.1291
54.0629
53.9968
53.9308
53.8647
53.7987
53.7328
53.6668
53.601
53.5351
53.4693
53.4035
53.3378
53.2721
53.2064
53.1408
53.0752
53.0097
52.9441
52.8787
52.8132
52.7478
52.6825
52.6171
52.5518
52.4866
52.4214
52.3562
52.291
52.2259
52.1609
52.0958
52.0309
51.9659
51.901
51.8361
51.7713
51.7065
51.6417
51.577
51.5123
51.4477
51.3831
51.3185
51.254
51.1895
51.125
51.0606
50.9962
50.9319
50.8676
50.8033
50.7391
50.6749
50.6108
50.5467
50.4826
50.4186
50.3546
50.2907
50.2268
50.1629
50.0991
50.0353
49.9716
49.9079
49.8442
49.7806
49.717
49.6534
49.5899
49.5265
49.4631
49.3997
49.3363
49.273
49.2098
49.1465
49.0834
49.0202
48.9571
48.8941
48.831
48.7681
48.7051
48.6422
48.5794
48.5166
48.4538
48.3911
48.3284
48.2657
48.2031
48.1405
48.078
48.0155
47.9531
47.8907
47.8283
47.766
47.7037
47.6415
47.5793
47.5171
47.455
47.393
47.3309
47.2689
47.207
47.1451
47.0832
47.0214
46.9597
46.8979
46.8362
46.7746
46.713
46.6514
46.5899
46.5284
46.467
46.4056
46.3443
46.2829
46.2217
46.1605
46.0993
46.0381
45.9771
45.916
45.855
45.794
45.7331
45.6722
45.6114
45.5506
45.4899
45.4292
45.3685
45.3079
45.2473
45.1868
45.1263
45.0659
45.0055
44.9451
44.8848
44.8245
44.7643
44.7041
44.644
44.5839
44.5238
44.4638
44.4039
44.3439
44.2841
44.2242
44.1645
44.1047
44.045
43.9854
43.9258
43.8662
43.8067
43.7472
43.6878
43.6284
43.5691
43.5098
43.4505
43.3913
43.3321
43.273
43.2139
43.1549
43.0959
43.037
42.9781
42.9193
42.8605
42.8017
42.743
42.6843
42.6257
42.5671
42.5086
42.4501
42.3916
42.3333
42.2749
42.2166
42.1583
42.1001
42.0419
41.9838
41.9257
41.8677
41.8097
41.7518
41.6939
41.636
41.5782
41.5205
41.4628
41.4051
41.3475
41.2899
41.2324
41.1749
41.1174
41.0601
41.0027
40.9454
40.8882
40.8309
40.7738
40.7167
40.6596
40.6026
40.5456
40.4887
40.4318
40.3749
40.3182
40.2614
40.2047
40.1481
40.0915
40.0349
39.9784
39.9219
39.8655
39.8091
39.7528
39.6965
39.6403
39.5841
39.528
39.4719
39.4158
39.3598
39.3039
39.248
39.1921
39.1363
39.0806
39.0248
38.9692
38.9136
38.858
38.8025
38.747
38.6915
38.6362
38.5808
38.5255
38.4703
38.4151
38.3599
38.3048
38.2498
38.1948
38.1398
38.0849
38.03
37.9752
37.9204
37.8657
37.811
37.7564
37.7018
37.6473
37.5928
37.5384
37.484
37.4296
37.3754
37.3211
37.2669
37.2128
37.1587
37.1046
37.0506
36.9966
36.9427
36.8889
36.835
36.7813
36.7276
36.6739
36.6203
36.5667
36.5132
36.4597
36.4062
36.3529
36.2995
36.2462
36.193
36.1398
36.0867
36.0336
35.9805
35.9275
35.8746
35.8217
35.7688
35.716
35.6633
35.6105
35.5579
35.5053
35.4527
35.4002
35.3477
35.2953
35.2429
35.1906
35.1383
35.0861
35.0339
34.9818
34.9297
34.8777
34.8257
34.7738
34.7219
34.6701
34.6183
34.5665
34.5149
34.4632
34.4116
34.3601
34.3086
34.2571
34.2057
34.1544
34.1031
34.0518
34.0006
33.9495
33.8984
33.8473
33.7963
33.7453
33.6944
33.6436
33.5928
33.542
33.4913
33.4406
33.39
33.3394
33.2889
33.2384
33.188
33.1376
33.0873
33.037
32.9868
32.9366
32.8865
32.8364
32.7864
32.7364
32.6865
32.6366
32.5868
32.537
32.4872
32.4376
32.3879
32.3383
32.2888
32.2393
32.1899
32.1405
32.0911
32.0418
31.9926
31.9434
31.8942
31.8451
31.7961
31.7471
31.6981
31.6492
31.6004
31.5516
31.5028
31.4541
31.4055
31.3569
31.3083
31.2598
31.2113
31.1629
31.1146
31.0662
31.018
30.9698
30.9216
30.8735
30.8254
30.7774
30.7294
30.6815
30.6337
30.5858
30.5381
30.4903
30.4427
30.395
30.3475
30.2999
30.2525
30.205
30.1577
30.1103
30.0631
30.0158
29.9687
29.9215
29.8744
29.8274
29.7804
29.7335
29.6866
29.6398
29.593
29.5463
29.4996
29.4529
29.4064
29.3598
29.3133
29.2669
29.2205
29.1741
29.1279
29.0816
29.0354
28.9893
28.9432
28.8971
28.8511
28.8052
28.7593
28.7134
28.6676
28.6219
28.5762
28.5305
28.4849
28.4394
28.3939
28.3484
28.303
28.2576
28.2123
28.1671
28.1219
28.0767
28.0316
27.9865
27.9415
27.8966
27.8516
27.8068
27.762
27.7172
27.6725
27.6278
27.5832
27.5386
27.4941
27.4496
27.4052
27.3608
27.3165
27.2722
27.228
27.1838
27.1397
27.0956
27.0516
27.0076
26.9637
26.9198
26.876
26.8322
26.7884
26.7447
26.7011
26.6575
26.614
26.5705
26.527
26.4837
26.4403
26.397
26.3538
26.3106
26.2674
26.2243
26.1813
26.1383
26.0953
26.0524
26.0096
25.9667
25.924
25.8813
25.8386
25.796
25.7535
25.7109
25.6685
25.6261
25.5837
25.5414
25.4991
25.4569
25.4147
25.3726
25.3305
25.2885
25.2465
25.2046
25.1627
25.1209
25.0791
25.0374
24.9957
24.954
24.9124
24.8709
24.8294
24.788
24.7466
24.7052
24.6639
24.6227
24.5815
24.5403
24.4992
24.4582
24.4172
24.3762
24.3353
24.2945
24.2536
24.2129
24.1722
24.1315
24.0909
24.0503
24.0098
23.9693
23.9289
23.8885
23.8482
23.8079
23.7677
23.7275
23.6874
23.6473
23.6072
23.5672
23.5273
23.4874
23.4476
23.4078
23.368
23.3283
23.2887
23.249
23.2095
23.17
23.1305
23.0911
23.0517
23.0124
22.9731
22.9339
22.8947
22.8556
22.8165
22.7775
22.7385
22.6996
22.6607
22.6219
22.5831
22.5443
22.5056
22.467
22.4284
22.3898
22.3513
22.3129
22.2745
22.2361
22.1978
22.1595
22.1213
22.0831
22.045
22.0069
21.9689
21.9309
21.893
21.8551
21.8172
21.7794
21.7417
21.704
21.6663
21.6287
21.5912
21.5537
21.5162
21.4788
21.4414
21.4041
21.3668
21.3296
21.2924
21.2553
21.2182
21.1812
21.1442
21.1072
21.0703
21.0335
20.9967
20.9599
20.9232
20.8866
20.8499
20.8134
20.7769
20.7404
20.704
20.6676
20.6312
20.5949
20.5587
20.5225
20.4864
20.4503
20.4142
20.3782
20.3422
20.3063
20.2705
20.2346
20.1989
20.1631
20.1274
20.0918
20.0562
20.0207
19.9852
19.9497
19.9143
19.879
19.8437
19.8084
19.7732
19.738
19.7029
19.6678
19.6327
19.5978
19.5628
19.5279
19.4931
19.4583
19.4235
19.3888
19.3541
19.3195
19.2849
19.2504
19.2159
19.1815
19.1471
19.1127
19.0784
19.0442
19.01
18.9758
18.9417
18.9076
18.8736
18.8396
18.8057
18.7718
18.7379
18.7041
18.6704
18.6367
18.603
18.5694
18.5358
18.5023
18.4688
18.4354
18.402
18.3686
18.3353
18.3021
18.2689
18.2357
18.2026
18.1695
18.1365
18.1035
18.0705
18.0376
18.0048
17.972
17.9392
17.9065
17.8738
17.8412
17.8086
17.7761
17.7436
17.7111
17.6787
17.6464
17.6141
17.5818
17.5496
17.5174
17.4852
17.4532
17.4211
17.3891
17.3571
17.3252
17.2934
17.2615
17.2297
17.198
17.1663
17.1347
17.1031
17.0715
17.04
17.0085
16.9771
16.9457
16.9143
16.883
16.8518
16.8206
16.7894
16.7583
16.7272
16.6962
16.6652
16.6342
16.6033
16.5725
16.5416
16.5109
16.4801
16.4495
16.4188
16.3882
16.3577
16.3271
16.2967
16.2662
16.2359
16.2055
16.1752
16.145
16.1148
16.0846
16.0545
16.0244
15.9944
15.9644
15.9344
15.9045
15.8746
15.8448
15.815
15.7853
15.7556
15.7259
15.6963
15.6668
15.6372
15.6078
15.5783
15.5489
15.5196
15.4903
15.461
15.4318
15.4026
15.3734
15.3443
15.3153
15.2863
15.2573
15.2284
15.1995
15.1706
15.1418
15.1131
15.0843
15.0557
15.027
14.9984
14.9699
14.9414
14.9129
14.8845
14.8561
14.8277
14.7994
14.7712
14.743
14.7148
14.6867
14.6586
14.6305
14.6025
14.5745
14.5466
14.5187
14.4909
14.4631
14.4353
14.4076
14.3799
14.3523
14.3247
14.2971
14.2696
14.2421
14.2147
14.1873
14.16
14.1326
14.1054
14.0782
14.051
14.0238
13.9967
13.9697
13.9426
13.9156
13.8887
13.8618
13.8349
13.8081
13.7813
13.7546
13.7279
13.7012
13.6746
13.648
13.6215
13.595
13.5685
13.5421
13.5158
13.4894
13.4631
13.4369
13.4106
13.3845
13.3583
13.3322
13.3062
13.2802
13.2542
13.2282
13.2024
13.1765
13.1507
13.1249
13.0992
13.0735
13.0478
13.0222
12.9966
12.9711
12.9456
12.9201
12.8947
12.8693
12.8439
12.8186
12.7934
12.7681
12.7429
12.7178
12.6927
12.6676
12.6426
12.6176
12.5926
12.5677
12.5428
12.518
12.4932
12.4684
12.4437
12.419
12.3944
12.3698
12.3452
12.3207
12.2962
12.2718
12.2473
12.223
12.1986
12.1743
12.1501
12.1258
12.1017
12.0775
12.0534
12.0293
12.0053
11.9813
11.9574
11.9334
11.9096
11.8857
11.8619
11.8382
11.8144
11.7907
11.7671
11.7435
11.7199
11.6964
11.6728
11.6494
11.626
11.6026
11.5792
11.5559
11.5326
11.5094
11.4862
11.463
11.4399
11.4168
11.3937
11.3707
11.3477
11.3248
11.3019
11.279
11.2562
11.2334
11.2106
11.1879
11.1652
11.1426
11.12
11.0974
11.0748
11.0523
11.0299
11.0074
10.9851
10.9627
10.9404
10.9181
10.8958
10.8736
10.8515
10.8293
10.8072
10.7852
10.7631
10.7411
10.7192
10.6972
10.6754
10.6535
10.6317
10.6099
10.5882
10.5665
10.5448
10.5232
10.5016
10.48
10.4585
10.437
10.4155
10.3941
10.3727
10.3513
10.33
10.3087
10.2875
10.2663
10.2451
10.224
10.2029
10.1818
10.1608
10.1398
10.1188
10.0979
10.077
10.0561
10.0353
10.0145
9.99374
9.97302
9.95233
9.93168
9.91106
9.89048
9.86993
9.84941
9.82893
9.80849
9.78808
9.7677
9.74736
9.72705
9.70677
9.68653
9.66633
9.64616
9.62602
9.60592
9.58585
9.56581
9.54581
9.52584
9.50591
9.48601
9.46614
9.44631
9.42651
9.40674
9.38701
9.36731
9.34765
9.32802
9.30842
9.28886
9.26932
9.24983
9.23036
9.21093
9.19153
9.17217
9.15284
9.13354
9.11427
9.09504
9.07584
9.05668
9.03754
9.01844
8.99938
8.98034
8.96134
8.94237
8.92343
8.90453
8.88566
8.86682
8.84802
8.82924
8.8105
8.79179
8.77312
8.75447
8.73586
8.71728
8.69874
8.68022
8.66174
8.64329
8.62487
8.60648
8.58813
8.56981
8.55152
8.53326
8.51503
8.49684
8.47868
8.46055
8.44245
8.42438
8.40634
8.38834
8.37037
8.35243
8.33452
8.31664
8.29879
8.28098
8.26319
8.24544
8.22772
8.21003
8.19237
8.17474
8.15714
8.13958
8.12204
8.10454
8.08707
8.06963
8.05222
8.03484
8.01749
8.00017
7.98288
7.96562
7.9484
7.9312
7.91404
7.8969
7.8798
7.86273
7.84568
7.82867
7.81169
7.79474
7.77782
7.76092
7.74406
7.72723
7.71043
7.69366
7.67692
7.66021
7.64353
7.62688
7.61026
7.59367
7.57711
7.56058
7.54407
7.5276
7.51116
7.49475
7.47837
7.46201
7.44569
7.4294
7.41313
7.3969
7.38069
7.36452
7.34837
7.33225
7.31616
7.3001
7.28407
7.26807
7.2521
7.23616
7.22024
7.20436
7.1885
7.17268
7.15688
7.14111
7.12537
7.10966
7.09397
7.07832
7.06269
7.0471
7.03153
7.01599
7.00048
6.985
6.96954
6.95412
6.93872
6.92335
6.90801
6.89269
6.87741
6.86215
6.84693
6.83172
6.81655
6.80141
6.78629
6.7712
6.75614
6.74111
6.72611
6.71113
6.69618
6.68126
6.66637
6.6515
6.63666
6.62185
6.60707
6.59231
6.57758
6.56288
6.54821
6.53356
6.51894
6.50435
6.48979
6.47525
6.46074
6.44626
6.4318
6.41737
6.40297
6.3886
6.37425
6.35993
6.34564
6.33137
6.31713
6.30292
6.28873
6.27457
6.26044
6.24633
6.23225
6.2182
6.20417
6.19017
6.17619
6.16225
6.14832
6.13443
6.12056
6.10672
6.0929
6.07911
6.06535
6.05161
6.0379
6.02421
6.01055
5.99692
5.98331
5.96973
5.95617
5.94264
5.92914
5.91566
5.90221
5.88878
5.87538
5.862
5.84865
5.83533
5.82203
5.80875
5.7955
5.78228
5.76908
5.75591
5.74276
5.72964
5.71655
5.70347
5.69043
5.67741
5.66441
5.65144
5.63849
5.62557
5.61268
5.5998
5.58696
5.57414
5.56134
5.54857
5.53582
5.5231
5.5104
5.49772
5.48508
5.47245
5.45985
5.44728
5.43472
5.4222
5.40969
5.39722
5.38476
5.37233
5.35993
5.34755
5.33519
5.32286
5.31055
5.29826
5.286
5.27377
5.26155
5.24937
5.2372
5.22506
5.21294
5.20085
5.18878
5.17673
5.16471
5.15271
5.14074
5.12878
5.11686
5.10495
5.09307
5.08121
5.06938
5.05757
5.04578
5.03401
5.02227
5.01055
4.99886
4.98719
4.97554
4.96391
4.95231
4.94073
4.92917
4.91764
4.90613
4.89464
4.88317
4.87173
4.86031
4.84892
4.83754
4.82619
4.81486
4.80355
4.79227
4.78101
4.76977
4.75855
4.74736
4.73619
4.72504
4.71391
4.70281
4.69172
4.68066
4.66963
4.65861
4.64762
4.63665
4.6257
4.61477
4.60386
4.59298
4.58212
4.57128
4.56046
4.54966
4.53889
4.52813
4.5174
4.50669
4.49601
4.48534
4.4747
4.46407
4.45347
4.44289
4.43233
4.42179
4.41128
4.40078
4.39031
4.37986
4.36943
4.35902
4.34863
4.33826
4.32792
4.31759
4.30729
4.297
4.28674
4.2765
4.26628
4.25608
4.2459
4.23574
4.22561
4.21549
4.2054
4.19532
4.18527
4.17523
4.16522
4.15523
4.14526
4.1353
4.12537
4.11546
4.10557
4.0957
4.08585
4.07602
4.06621
4.05643
4.04666
4.03691
4.02718
4.01747
4.00778
3.99812
3.98847
3.97884
3.96923
3.95964
3.95007
3.94053
3.931
3.92149
3.912
3.90253
3.89308
3.88365
3.87424
3.86485
3.85547
3.84612
3.83679
3.82748
3.81818
3.80891
3.79965
3.79042
3.7812
3.772
3.76283
3.75367
3.74453
3.73541
3.72631
3.71722
3.70816
3.69912
3.69009
3.68109
3.6721
3.66313
3.65418
3.64525
3.63634
3.62744
3.61857
3.60971
3.60088
3.59206
3.58326
3.57448
3.56571
3.55697
3.54824
3.53954
3.53085
3.52218
3.51353
3.50489
3.49628
3.48768
3.4791
3.47054
3.462
3.45347
3.44497
3.43648
3.42801
3.41956
3.41112
3.4027
3.39431
3.38593
3.37756
3.36922
3.36089
3.35258
3.34429
3.33602
3.32776
3.31952
3.3113
3.3031
3.29491
3.28675
3.2786
3.27046
3.26235
3.25425
3.24617
3.23811
3.23006
3.22203
3.21402
3.20602
3.19805
3.19009
3.18215
3.17422
3.16631
3.15842
3.15055
3.14269
3.13485
3.12703
3.11922
3.11143
3.10366
3.0959
3.08816
3.08044
3.07273
3.06504
3.05737
3.04972
3.04208
3.03446
3.02685
3.01926
3.01169
3.00413
2.99659
2.98907
2.98156
2.97407
2.9666
2.95914
2.9517
2.94427
2.93686
2.92947
2.9221
2.91473
2.90739
2.90006
2.89275
2.88545
2.87817
2.87091
2.86366
2.85643
2.84921
2.84201
2.83483
2.82766
2.8205
2.81337
2.80624
2.79914
2.79205
2.78497
2.77791
2.77087
2.76384
2.75683
2.74983
2.74285
2.73589
2.72893
2.722
2.71508
2.70817
2.70129
2.69441
2.68755
2.68071
2.67388
2.66707
2.66027
2.65349
2.64672
2.63997
2.63323
2.6265
2.6198
2.6131
2.60643
2.59976
2.59311
2.58648
2.57986
2.57326
2.56667
2.5601
2.55354
2.54699
2.54046
2.53395
2.52745
2.52096
2.51449
2.50803
2.50159
2.49516
2.48874
2.48234
2.47596
2.46959
2.46323
2.45689
2.45056
2.44425
2.43795
2.43166
2.42539
2.41914
2.41289
2.40667
2.40045
2.39425
2.38806
2.38189
2.37573
2.36959
2.36346
2.35734
2.35124
2.34515
2.33907
2.33301
2.32697
2.32093
2.31491
2.30891
2.30291
2.29693
2.29097
2.28502
2.27908
2.27315
2.26724
2.26134
2.25546
2.24959
2.24373
2.23789
2.23205
2.22624
2.22043
2.21464
2.20886
2.2031
2.19735
2.19161
2.18589
2.18017
2.17448
2.16879
2.16312
2.15746
2.15181
2.14618
2.14056
2.13495
2.12936
2.12377
2.1182
2.11265
2.10711
2.10158
2.09606
2.09055
2.08506
2.07958
2.07411
2.06866
2.06322
2.05779
2.05237
2.04697
2.04158
2.0362
2.03083
2.02548
2.02014
2.01481
2.00949
2.00419
1.99889
1.99361
1.98835
1.98309
1.97785
1.97262
1.9674
1.96219
1.957
1.95182
1.94665
1.94149
1.93634
1.93121
1.92609
1.92098
1.91588
1.91079
1.90572
1.90066
1.89561
1.89057
1.88554
1.88053
1.87552
1.87053
1.86555
1.86059
1.85563
1.85069
1.84575
1.84083
1.83592
1.83102
1.82614
1.82126
1.8164
1.81155
1.8067
1.80188
1.79706
1.79225
1.78746
1.78267
1.7779
1.77314
1.76839
1.76365
1.75892
1.75421
1.7495
1.74481
1.74013
1.73545
1.73079
1.72614
1.72151
1.71688
1.71226
1.70766
1.70306
1.69848
1.69391
1.68935
1.68479
1.68025
1.67573
1.67121
1.6667
1.6622
1.65772
1.65324
1.64878
1.64432
1.63988
1.63545
1.63103
1.62662
1.62221
1.61782
1.61344
1.60908
1.60472
1.60037
1.59603
1.5917
1.58739
1.58308
1.57878
1.5745
1.57022
1.56596
1.5617
1.55746
1.55322
1.549
1.54479
1.54058
1.53639
1.53221
1.52803
1.52387
1.51972
1.51557
1.51144
1.50732
1.5032
1.4991
1.49501
1.49092
1.48685
1.48279
1.47873
1.47469
1.47066
1.46663
1.46262
1.45861
1.45462
1.45063
1.44666
1.44269
1.43874
1.43479
1.43085
1.42693
1.42301
1.4191
1.4152
1.41131
1.40744
1.40357
1.39971
1.39585
1.39201
1.38818
1.38436
1.38054
1.37674
1.37295
1.36916
1.36539
1.36162
1.35786
1.35411
1.35037
1.34664
1.34292
1.33921
1.33551
1.33182
1.32813
1.32446
1.32079
1.31713
1.31349
1.30985
1.30622
1.3026
1.29899
1.29538
1.29179
1.2882
1.28463
1.28106
1.2775
1.27395
1.27041
1.26688
1.26335
1.25984
1.25633
1.25284
1.24935
1.24587
1.2424
1.23893
1.23548
1.23204
1.2286
1.22517
1.22175
1.21834
1.21494
1.21154
1.20816
1.20478
1.20141
1.19805
1.1947
1.19136
1.18802
1.18469
1.18137
1.17806
1.17476
1.17147
1.16818
1.16491
1.16164
1.15838
1.15512
1.15188
1.14864
1.14542
1.1422
1.13898
1.13578
1.13258
1.1294
1.12622
1.12305
1.11988
1.11673
1.11358
1.11044
1.10731
1.10418
1.10107
1.09796
1.09486
1.09177
1.08868
1.08561
1.08254
1.07947
1.07642
1.07338
1.07034
1.06731
1.06428
1.06127
1.05826
1.05526
1.05227
1.04929
1.04631
1.04334
1.04038
1.03743
1.03448
1.03154
1.02861
1.02568
1.02277
1.01986
1.01696
1.01406
1.01117
1.0083
1.00542
1.00256
0.9997
0.99685
0.994007
0.991171
0.988343
0.985522
0.982708
0.979901
0.977102
0.974309
0.971524
0.968746
0.965975
0.963211
0.960455
0.957705
0.954963
0.952227
0.949499
0.946778
0.944063
0.941356
0.938656
0.935962
0.933276
0.930596
0.927924
0.925258
0.922599
0.919947
0.917302
0.914664
0.912032
0.909408
0.90679
0.904179
0.901575
0.898977
0.896386
0.893802
0.891225
0.888654
0.88609
0.883533
0.880982
0.878438
0.875901
0.87337
