$SPEC_ID:
No sample description was entered.
$SPEC_REM:
DET# 3
DETDESC# PCKP27 MCB 129
AP# Maestro Version 7.01
$DATE_MEA:
05/27/2019 13:37:16
$MEAS_TIM:
801 884
$DATA:
0 8191
       0
       0
       0
       0
       0
       0
       0
       0
       0
       0
       0
       0
       0
       0
       0
       0
       0
       0
       0
       0
       0
       0
       0
       0
       0
       0
       0
       0
       0
       0
       0
       0
       0
       0
       0
       0
       0
       0
       0
       0
       0
       0
       0
       0
       0
       0
       0
       0
       0
       0
       0
       0
       0
       0
       0
       0
       0
       0
       0
       0
       0
       0
       0
       0
       0
       0
       0
       0
       0
       0
       0
       0
       0
       0
       0
       0
       0
       0
       0
       0
       0
       0
       0
       0
       0
       0
       0
       0
       0
       0
       0
       0
       0
       3
     340
    2188
    2867
    2586
    2732
    2721
    2755
    2619
    2658
    2673
    2604
    2634
    2655
    2653
    2630
    2564
    2562
    2513
    2555
    2525
    2443
    2635
    2480
    2481
    2512
    2492
    2446
    2473
    2349
    2423
    2451
    2442
    2353
    2406
    2399
    2433
    2350
    2357
    2391
    2323
    2362
    2305
    2420
    2258
    2286
    2341
    2251
    2333
    2242
    2371
    2250
    2215
    2252
    2220
    2199
    2293
    2178
    2283
    2186
    2235
    2199
    2184
    2251
    2248
    2183
    2233
    2188
    2158
    2131
    2206
    2088
    2210
    2101
    2207
    2157
    2097
    2221
    2163
    2127
    2103
    2099
    2052
    2147
    2086
    2140
    2112
    2103
    2048
    2080
    2036
    1984
    2199
    2138
    2072
    2077
    2002
    2052
    2003
    2040
    2057
    2096
    2005
    2004
    2033
    1996
    2115
    2018
    1998
    1963
    1954
    1982
    2009
    2012
    1984
    1998
    1990
    2011
    2011
    1953
    2000
    2048
    1997
    1999
    1955
    1927
    2002
    1796
    2020
    1876
    2006
    2007
    1874
    1971
    1960
    1959
    1931
    1900
    1978
    1889
    1918
    1932
    1880
    1921
    1885
    1871
    1843
    1913
    1834
    1852
    1867
    1860
    1846
    1910
    1825
    1864
    1909
    1811
    1843
    1828
    1840
    1837
    1815
    1897
    1822
    1830
    1906
    1733
    1831
    1843
    1825
    1832
    1800
    1826
    1786
    1756
    1954
    1835
    1846
    1788
    1756
    1733
    1826
    1849
    1776
    1850
    1818
    1826
    1737
    1837
    1758
    1820
    1763
    1806
    1794
    1780
    1769
    1736
    1787
    1732
    1815
    1802
    1768
    1801
    1862
    1786
    1843
    1782
    1778
    1715
    1709
    1769
    1785
    1797
    1611
    1709
    1799
    1722
    1812
    1737
    1780
    1796
    1759
    1734
    1727
    1693
    1729
    1676
    1689
    1660
    1683
    1758
    1707
    1734
    1760
    1631
    1689
    1796
    1716
    1683
    1750
    1753
    1730
    1671
    1734
    1816
    1719
    1717
    1734
    1717
    1689
    1829
    1740
    1715
    1715
    1719
    1725
    1744
    1699
    1722
    1708
    1690
    1783
    1734
    1611
    1749
    1727
    1723
    1686
    1621
    1715
    1657
    1676
    1745
    1648
    1776
    1763
    1623
    1715
    1710
    1674
    1671
    1645
    1642
    1726
    1767
    1703
    1693
    1695
    1698
    1678
    1663
    1714
    1721
    1751
    1702
    1705
    1630
    1688
    1643
    1638
    1707
    1678
    1713
    1704
    1685
    1618
    1728
    1715
    1634
    1665
    1642
    1682
    1725
    1737
    1753
    1711
    1648
    1653
    1735
    1634
    1632
    1683
    1701
    1673
    1646
    1709
    1680
    1669
    1720
    1779
    1755
    1744
    1832
    1819
    1776
    1692
    1698
    1697
    1742
    1710
    1679
    1743
    1741
    1794
    1926
    1853
    1829
    1885
    1826
    1727
    1767
    1668
    1670
    1729
    1689
    1631
    1633
    1667
    1689
    1724
    1567
    1633
    1702
    1678
    1687
    1709
    1632
    1629
    1631
    1641
    1690
    1692
    1717
    1658
    1695
    1694
    1650
    1579
    1636
    1652
    1624
    1652
    1700
    1627
    1651
    1623
    1609
    1669
    1633
    1683
    1669
    1655
    1632
    1638
    1629
    1714
    1649
    1700
    1661
    1644
    1783
    1706
    1644
    1745
    1745
    1728
    1720
    1682
    1700
    1692
    1658
    1670
    1666
    1610
    1631
    1570
    1633
    1666
    1679
    1699
    1611
    1639
    1542
    1628
    1667
    1538
    1659
    1611
    1543
    1644
    1541
    1622
    1615
    1697
    1641
    1571
    1553
    1623
    1626
    1656
    1643
    1506
    1658
    1591
    1630
    1576
    1641
    1641
    1608
    1594
    1657
    1528
    1646
    1594
    1624
    1567
    1642
    1583
    1607
    1654
    1623
    1596
    1591
    1615
    1577
    1555
    1549
    1505
    1562
    1599
    1599
    1583
    1580
    1608
    1616
    1616
    1607
    1610
    1674
    1622
    1561
    1654
    1646
    1620
    1619
    1582
    1566
    1683
    1552
    1633
    1569
    1577
    1547
    1598
    1558
    1640
    1644
    1618
    1572
    1638
    1566
    1601
    1582
    1596
    1604
    1599
    1655
    1635
    1619
    1510
    1588
    1635
    1579
    1574
    1576
    1594
    1561
    1568
    1578
    1627
    1646
    1570
    1633
    1663
    1597
    1538
    1606
    1629
    1627
    1639
    1686
    1643
    1604
    1615
    1650
    1610
    1646
    1634
    1630
    1640
    1634
    1623
    1662
    1612
    1632
    1708
    1626
    1687
    1636
    1656
    1691
    1591
    1670
    1633
    1637
    1624
    1627
    1673
    1652
    1715
    1650
    1604
    1689
    1645
    1648
    1715
    1698
    1649
    1594
    1619
    1648
    1665
    1728
    1607
    1675
    1726
    1711
    1751
    1615
    1717
    1705
    1672
    1665
    1725
    1698
    1648
    1726
    1698
    1685
    1687
    1734
    1742
    1627
    1674
    1658
    1718
    1632
    1693
    1691
    1795
    1746
    1750
    1724
    1654
    1759
    1774
    1757
    1707
    1691
    1772
    1723
    1748
    1688
    1724
    1634
    1744
    1666
    1754
    1674
    1709
    1725
    1643
    1774
    1660
    1718
    1688
    1685
    1695
    1733
    1720
    1744
    1718
    1680
    1710
    1682
    1754
    1715
    1691
    1723
    1691
    1696
    1652
    1711
    1670
    1778
    1756
    1723
    1663
    1682
    1734
    1699
    1693
    1671
    1719
    1655
    1809
    1755
    1676
    1759
    1672
    1662
    1785
    1742
    1820
    1739
    1712
    1678
    1682
    1711
    1699
    1726
    1744
    1733
    1795
    1671
    1696
    1731
    1653
    1735
    1670
    1713
    1673
    1765
    1753
    1742
    1772
    1740
    1712
    1713
    1791
    1738
    1759
    1678
    1784
    1735
    1678
    1667
    1716
    1610
    1678
    1699
    1749
    1729
    1780
    1689
    1652
    1748
    1742
    1736
    1786
    1781
    1723
    1729
    1723
    1822
    1748
    1714
    1770
    1729
    1751
    1704
    1708
    1712
    1708
    1680
    1698
    1770
    1654
    1720
    1732
    1708
    1736
    1744
    1745
    1732
    1757
    1737
    1718
    1695
    1724
    1708
    1724
    1751
    1751
    1701
    1633
    1739
    1756
    1735
    1656
    1722
    1744
    1707
    1767
    1691
    1729
    1818
    1697
    1727
    1720
    1712
    1801
    1700
    1832
    1749
    1652
    1741
    1717
    1742
    1715
    1777
    1803
    1708
    1778
    1763
    1715
    1830
    1809
    1752
    1732
    1817
    1741
    1784
    1718
    1721
    1713
    1807
    1823
    1766
    1844
    1759
    1750
    1792
    1777
    1777
    1809
    1827
    1780
    1780
    1841
    1758
    1815
    1757
    1748
    1773
    1741
    1758
    1701
    1760
    1850
    1798
    1797
    1812
    1794
    1800
    1721
    1740
    1820
    1771
    1844
    1746
    1815
    1796
    1814
    1891
    1776
    1709
    1804
    1782
    1761
    1796
    1835
    1800
    1843
    1771
    1763
    1845
    1869
    1841
    1917
    1837
    1920
    1843
    1802
    1765
    1772
    1866
    1742
    1777
    1772
    1761
    1844
    1780
    1759
    1856
    1846
    1821
    1912
    1738
    1886
    1773
    1842
    1830
    1835
    1802
    1807
    1862
    1851
    1885
    1841
    1816
    1780
    1823
    1885
    1821
    1894
    1749
    1840
    1928
    1779
    1809
    1950
    1778
    1794
    1820
    1902
    1793
    1836
    1862
    1817
    1847
    1883
    1894
    1857
    1844
    1854
    1850
    1877
    1941
    1875
    1915
    1834
    1812
    1893
    1871
    1892
    1867
    1878
    1901
    1969
    1906
    1903
    1875
    1894
    1906
    1842
    1863
    1838
    1867
    1926
    1936
    1877
    1983
    1912
    1930
    1976
    1911
    1877
    1961
    1868
    1948
    1952
    1896
    1889
    1845
    1901
    1834
    1953
    1953
    1923
    1989
    2010
    1937
    2020
    1993
    1946
    1998
    1986
    1950
    2009
    1997
    2002
    1960
    1988
    1981
    1929
    1989
    2011
    2001
    2073
    2072
    2004
    2091
    2044
    2062
    2063
    2129
    2000
    2159
    2119
    2122
    2179
    2082
    2147
    2150
    2087
    2260
    2194
    2243
    2316
    2278
    2265
    2238
    2289
    2280
    2297
    2357
    2356
    2416
    2433
    2495
    2551
    2579
    2597
    2572
    2598
    2602
    2604
    2652
    2658
    2705
    2711
    2682
    2723
    2743
    2671
    2697
    2721
    2677
    2567
    2749
    2756
    2699
    2777
    2724
    2788
    2701
    2721
    2701
    2720
    2784
    2778
    2856
    2790
    2720
    2820
    2753
    2774
    2717
    2838
    2772
    2867
    2773
    2724
    2745
    2759
    2693
    2881
    2649
    2740
    2716
    2724
    2688
    2745
    2759
    2695
    2703
    2849
    2692
    2652
    2735
    2794
    2685
    2774
    2785
    2711
    2671
    2605
    2692
    2776
    2713
    2729
    2710
    2616
    2757
    2731
    2650
    2722
    2660
    2679
    2659
    2619
    2619
    2568
    2609
    2624
    2676
    2605
    2540
    2567
    2602
    2580
    2587
    2537
    2491
    2534
    2482
    2410
    2405
    2501
    2534
    2503
    2418
    2480
    2403
    2426
    2447
    2416
    2393
    2439
    2409
    2333
    2363
    2333
    2393
    2263
    2307
    2355
    2210
    2187
    2335
    2300
    2174
    2276
    2233
    2223
    2196
    2172
    2168
    2136
    2175
    2114
    2104
    2145
    2143
    2096
    2161
    2085
    2116
    2110
    2022
    2062
    2023
    2026
    2053
    2057
    2030
    1982
    1980
    1974
    2001
    1970
    2110
    1886
    1964
    1961
    1921
    1961
    2014
    1977
    1948
    2009
    1987
    1920
    1887
    1973
    1818
    1955
    1866
    1928
    1848
    1925
    1879
    1845
    1857
    1827
    1851
    1844
    1885
    1816
    1823
    1788
    1880
    1807
    1843
    1827
    1836
    1798
    1788
    1886
    1868
    1796
    1826
    1787
    1861
    1819
    1841
    1861
    1812
    1799
    1845
    1742
    1823
    1807
    1766
    1720
    1743
    1801
    1746
    1757
    1782
    1804
    1765
    1766
    1714
    1711
    1751
    1787
    1793
    1772
    1726
    1709
    1694
    1733
    1765
    1801
    1712
    1714
    1698
    1663
    1725
    1724
    1766
    1703
    1683
    1692
    1739
    1748
    1725
    1724
    1754
    1724
    1747
    1703
    1687
    1670
    1751
    1612
    1695
    1658
    1778
    1680
    1739
    1714
    1650
    1665
    1699
    1688
    1686
    1686
    1706
    1681
    1659
    1617
    1733
    1624
    1735
    1671
    1682
    1690
    1697
    1761
    1576
    1607
    1697
    1673
    1653
    1625
    1592
    1641
    1666
    1655
    1663
    1625
    1655
    1669
    1602
    1603
    1649
    1550
    1638
    1574
    1657
    1600
    1536
    1588
    1611
    1642
    1577
    1629
    1618
    1649
    1581
    1690
    1575
    1667
    1569
    1613
    1608
    1587
    1625
    1578
    1635
    1580
    1582
    1585
    1583
    1579
    1586
    1669
    1556
    1628
    1572
    1591
    1599
    1560
    1656
    1537
    1598
    1579
    1611
    1626
    1618
    1666
    1528
    1598
    1610
    1588
    1503
    1580
    1530
    1522
    1596
    1518
    1594
    1597
    1573
    1508
    1540
    1496
    1522
    1548
    1579
    1593
    1546
    1535
    1472
    1595
    1622
    1652
    1498
    1562
    1473
    1602
    1572
    1585
    1576
    1529
    1547
    1535
    1536
    1567
    1449
    1508
    1551
    1526
    1527
    1490
    1531
    1483
    1599
    1507
    1559
    1536
    1473
    1533
    1489
    1513
    1519
    1513
    1580
    1486
    1527
    1550
    1463
    1546
    1546
    1497
    1559
    1550
    1493
    1544
    1480
    1514
    1541
    1489
    1615
    1518
    1480
    1441
    1485
    1486
    1506
    1503
    1438
    1533
    1489
    1508
    1508
    1613
    1506
    1483
    1510
    1449
    1521
    1462
    1516
    1546
    1472
    1475
    1398
    1563
    1498
    1501
    1473
    1606
    1515
    1556
    1472
    1464
    1492
    1459
    1463
    1442
    1488
    1502
    1443
    1373
    1501
    1487
    1452
    1511
    1433
    1495
    1437
    1393
    1510
    1457
    1502
    1444
    1451
    1427
    1405
    1504
    1480
    1407
    1475
    1547
    1418
    1376
    1445
    1500
    1429
    1426
    1419
    1431
    1443
    1479
    1409
    1525
    1401
    1398
    1456
    1453
    1509
    1498
    1412
    1409
    1445
    1438
    1429
    1477
    1488
    1453
    1424
    1452
    1482
    1442
    1457
    1439
    1402
    1491
    1456
    1486
    1447
    1516
    1515
    1452
    1477
    1452
    1449
    1339
    1434
    1458
    1456
    1369
    1436
    1473
    1452
    1446
    1488
    1492
    1418
    1442
    1472
    1446
    1454
    1424
    1393
    1446
    1475
    1406
    1425
    1424
    1474
    1413
    1439
    1466
    1380
    1359
    1432
    1517
    1385
    1441
    1436
    1435
    1452
    1427
    1408
    1438
    1454
    1381
    1464
    1456
    1435
    1467
    1388
    1461
    1406
    1473
    1412
    1437
    1414
    1387
    1461
    1431
    1431
    1468
    1333
    1434
    1441
    1437
    1407
    1455
    1423
    1486
    1419
    1512
    1472
    1379
    1360
    1372
    1472
    1354
    1465
    1427
    1423
    1432
    1434
    1356
    1421
    1424
    1440
    1372
    1380
    1413
    1383
    1420
    1376
    1407
    1393
    1436
    1356
    1423
    1443
    1467
    1386
    1451
    1433
    1415
    1397
    1448
    1357
    1420
    1357
    1400
    1384
    1387
    1429
    1383
    1435
    1372
    1426
    1366
    1367
    1352
    1438
    1379
    1409
    1425
    1333
    1378
    1437
    1371
    1279
    1399
    1383
    1434
    1439
    1402
    1441
    1391
    1434
    1376
    1458
    1371
    1397
    1417
    1387
    1426
    1452
    1403
    1399
    1432
    1345
    1402
    1448
    1448
    1436
    1467
    1432
    1386
    1349
    1390
    1378
    1393
    1391
    1411
    1438
    1342
    1375
    1352
    1391
    1391
    1403
    1396
    1388
    1386
    1312
    1387
    1383
    1351
    1398
    1378
    1354
    1428
    1419
    1424
    1401
    1393
    1415
    1403
    1400
    1402
    1387
    1406
    1422
    1421
    1401
    1446
    1431
    1433
    1450
    1350
    1365
    1340
    1446
    1394
    1407
    1373
    1456
    1428
    1430
    1367
    1391
    1472
    1418
    1427
    1415
    1379
    1321
    1381
    1410
    1449
    1417
    1428
    1374
    1323
    1412
    1409
    1375
    1385
    1458
    1420
    1447
    1399
    1406
    1392
    1382
    1377
    1394
    1379
    1357
    1441
    1371
    1424
    1328
    1386
    1387
    1428
    1342
    1353
    1422
    1412
    1417
    1396
    1398
    1357
    1410
    1389
    1410
    1356
    1299
    1339
    1418
    1359
    1392
    1362
    1394
    1388
    1338
    1372
    1408
    1424
    1433
    1372
    1368
    1413
    1382
    1370
    1395
    1361
    1373
    1442
    1395
    1444
    1366
    1405
    1421
    1411
    1398
    1359
    1384
    1408
    1395
    1340
    1425
    1361
    1340
    1414
    1419
    1345
    1349
    1368
    1335
    1419
    1369
    1417
    1445
    1356
    1333
    1436
    1367
    1366
    1376
    1339
    1400
    1342
    1387
    1390
    1365
    1393
    1353
    1410
    1386
    1368
    1317
    1391
    1413
    1364
    1401
    1332
    1404
    1362
    1355
    1336
    1403
    1399
    1371
    1389
    1327
    1442
    1352
    1358
    1377
    1423
    1361
    1403
    1374
    1443
    1357
    1342
    1372
    1345
    1322
    1415
    1446
    1402
    1311
    1367
    1373
    1365
    1363
    1403
    1373
    1394
    1328
    1355
    1435
    1359
    1419
    1423
    1374
    1360
    1336
    1375
    1360
    1416
    1382
    1335
    1333
    1406
    1376
    1429
    1363
    1341
    1322
    1391
    1370
    1367
    1352
    1416
    1329
    1358
    1387
    1393
    1346
    1395
    1386
    1431
    1445
    1500
    1367
    1305
    1327
    1350
    1329
    1370
    1436
    1385
    1488
    1379
    1422
    1322
    1378
    1349
    1402
    1345
    1417
    1407
    1374
    1311
    1359
    1356
    1408
    1397
    1366
    1373
    1327
    1394
    1369
    1386
    1364
    1361
    1435
    1394
    1380
    1356
    1348
    1389
    1396
    1339
    1336
    1410
    1404
    1358
    1347
    1382
    1311
    1391
    1420
    1407
    1386
    1443
    1393
    1315
    1367
    1315
    1327
    1415
    1319
    1386
    1347
    1363
    1379
    1393
    1365
    1376
    1374
    1343
    1404
    1395
    1415
    1345
    1361
    1369
    1391
    1386
    1332
    1420
    1365
    1487
    1452
    1359
    1400
    1468
    1418
    1351
    1439
    1355
    1382
    1427
    1377
    1404
    1350
    1357
    1430
    1358
    1439
    1345
    1392
    1374
    1333
    1410
    1358
    1375
    1449
    1391
    1437
    1337
    1418
    1448
    1366
    1388
    1376
    1440
    1398
    1333
    1406
    1364
    1394
    1423
    1431
    1426
    1397
    1405
    1355
    1454
    1446
    1379
    1446
    1485
    1351
    1363
    1377
    1405
    1409
    1466
    1344
    1384
    1419
    1383
    1377
    1448
    1419
    1350
    1338
    1420
    1389
    1440
    1387
    1410
    1422
    1427
    1417
    1424
    1381
    1371
    1394
    1430
    1420
    1403
    1432
    1470
    1426
    1457
    1410
    1446
    1378
    1325
    1446
    1463
    1350
    1417
    1402
    1377
    1471
    1345
    1445
    1381
    1489
    1355
    1417
    1364
    1430
    1409
    1417
    1434
    1406
    1448
    1418
    1339
    1363
    1401
    1385
    1380
    1357
    1374
    1436
    1450
    1375
    1379
    1320
    1433
    1453
    1451
    1440
    1467
    1395
    1400
    1495
    1475
    1422
    1412
    1467
    1370
    1437
    1396
    1415
    1366
    1422
    1328
    1446
    1481
    1401
    1395
    1425
    1462
    1474
    1368
    1437
    1522
    1397
    1420
    1526
    1439
    1454
    1431
    1423
    1441
    1432
    1422
    1461
    1461
    1402
    1473
    1466
    1353
    1462
    1471
    1497
    1408
    1482
    1471
    1423
    1439
    1468
    1444
    1439
    1474
    1383
    1496
    1364
    1396
    1464
    1448
    1421
    1429
    1416
    1447
    1476
    1392
    1417
    1418
    1430
    1334
    1405
    1519
    1446
    1455
    1370
    1500
    1449
    1513
    1457
    1457
    1429
    1411
    1532
    1481
    1412
    1445
    1403
    1454
    1420
    1444
    1440
    1470
    1471
    1470
    1485
    1429
    1464
    1468
    1483
    1444
    1477
    1571
    1539
    1449
    1443
    1445
    1479
    1472
    1478
    1475
    1448
    1465
    1473
    1448
    1459
    1409
    1534
    1424
    1486
    1525
    1426
    1499
    1448
    1452
    1470
    1491
    1462
    1457
    1549
    1474
    1440
    1439
    1518
    1511
    1476
    1423
    1474
    1517
    1486
    1484
    1527
    1498
    1483
    1420
    1513
    1489
    1468
    1557
    1520
    1403
    1461
    1488
    1485
    1506
    1493
    1505
    1472
    1526
    1510
    1435
    1513
    1445
    1446
    1540
    1444
    1578
    1546
    1511
    1486
    1597
    1459
    1537
    1527
    1484
    1488
    1499
    1525
    1536
    1520
    1519
    1504
    1497
    1528
    1643
    1461
    1515
    1575
    1567
    1488
    1575
    1487
    1561
    1476
    1496
    1483
    1594
    1531
    1521
    1545
    1523
    1535
    1573
    1479
    1565
    1567
    1548
    1499
    1484
    1555
    1538
    1492
    1477
    1544
    1638
    1574
    1569
    1522
    1585
    1510
    1578
    1571
    1507
    1541
    1541
    1543
    1591
    1550
    1557
    1525
    1580
    1562
    1584
    1591
    1571
    1564
    1685
    1574
    1623
    1661
    1505
    1524
    1542
    1613
    1548
    1567
    1584
    1601
    1608
    1608
    1598
    1596
    1660
    1674
    1574
    1585
    1643
    1566
    1522
    1549
    1553
    1614
    1571
    1559
    1605
    1571
    1550
    1657
    1650
    1629
    1622
    1584
    1557
    1643
    1630
    1596
    1583
    1616
    1610
    1632
    1659
    1678
    1617
    1517
    1601
    1623
    1631
    1624
    1629
    1584
    1673
    1627
    1617
    1625
    1626
    1651
    1673
    1566
    1667
    1592
    1678
    1665
    1638
    1685
    1574
    1671
    1686
    1632
    1601
    1713
    1703
    1726
    1606
    1630
    1696
    1648
    1728
    1666
    1559
    1699
    1618
    1600
    1620
    1619
    1649
    1744
    1676
    1703
    1689
    1726
    1716
    1699
    1682
    1715
    1687
    1762
    1730
    1712
    1750
    1782
    1645
    1706
    1670
    1691
    1707
    1737
    1639
    1712
    1701
    1746
    1725
    1711
    1754
    1698
    1776
    1798
    1733
    1652
    1773
    1762
    1702
    1753
    1776
    1709
    1706
    1717
    1693
    1754
    1745
    1766
    1751
    1747
    1745
    1767
    1731
    1685
    1754
    1734
    1731
    1734
    1718
    1711
    1729
    1673
    1781
    1796
    1705
    1735
    1756
    1884
    1724
    1756
    1756
    1836
    1769
    1775
    1727
    1689
    1804
    1774
    1830
    1852
    1792
    1813
    1801
    1828
    1818
    1754
    1806
    1762
    1826
    1794
    1784
    1812
    1816
    1828
    1767
    1747
    1782
    1762
    1752
    1811
    1864
    1894
    1821
    1788
    1856
    1873
    1752
    1879
    1852
    1792
    1816
    1784
    1865
    1775
    1846
    1813
    1832
    1807
    1873
    1802
    1880
    1872
    1852
    1807
    1823
    1952
    1854
    1921
    1825
    1903
    1864
    1796
    1915
    1867
    1884
    1858
    1938
    1874
    1940
    1873
    1934
    1883
    1740
    1886
    1930
    1873
    1892
    1902
    1836
    1864
    1860
    1865
    1860
    1854
    1893
    1942
    1897
    1908
    1916
    1942
    1930
    1886
    1870
    1864
    1926
    1922
    1955
    1916
    2015
    1908
    1909
    1905
    1908
    1911
    2021
    1957
    1898
    1989
    1968
    1911
    1944
    1967
    1980
    1956
    2023
    1905
    1997
    1926
    1915
    1937
    2003
    1975
    1832
    1946
    1959
    1958
    1943
    1969
    1892
    2007
    2064
    2043
    1935
    2043
    1921
    1987
    1948
    1978
    1967
    2029
    2010
    1975
    1934
    1915
    1988
    1930
    2028
    1967
    1999
    1954
    1977
    1938
    1945
    1994
    2017
    1965
    1950
    1957
    1991
    1946
    1963
    1986
    1984
    1996
    1977
    1980
    1977
    1944
    1977
    2024
    1989
    2061
    1940
    2017
    1915
    2001
    1968
    1915
    1947
    1961
    1908
    1974
    1959
    1924
    1999
    2004
    1949
    1978
    2001
    1951
    1979
    1993
    1949
    1956
    1951
    1935
    1844
    1924
    1965
    2028
    1958
    1925
    1877
    1884
    1909
    1940
    1911
    1877
    1860
    1806
    1887
    1829
    1882
    1779
    1834
    1848
    1816
    1783
    1808
    1823
    1797
    1675
    1700
    1721
    1656
    1657
    1685
    1676
    1610
    1551
    1604
    1579
    1572
    1520
    1547
    1484
    1431
    1572
    1453
    1426
    1451
    1379
    1441
    1376
    1359
    1391
    1351
    1358
    1273
    1369
    1286
    1320
    1261
    1281
    1279
    1295
    1199
    1225
    1311
    1192
    1252
    1184
    1204
    1243
    1239
    1207
    1199
    1158
    1203
    1202
    1141
    1192
    1154
    1176
    1182
    1115
    1141
    1170
    1167
    1126
    1206
    1112
    1149
    1116
    1079
    1103
    1097
    1158
    1052
    1078
    1118
    1055
    1004
    1044
    1087
    1096
    1089
    1042
    1040
    1054
    1076
    1029
    1073
    1016
    1113
    1077
    1036
    1070
    1017
    1087
    1056
    1016
    1032
    1044
    1055
    1012
    1030
     978
    1073
     967
    1010
    1004
    1028
    1024
     994
    1011
    1019
     948
     983
    1021
    1015
     953
    1033
     996
     960
     955
     998
    1028
     993
    1002
     946
     965
     970
     910
     916
     942
     972
     922
     990
     950
     951
     903
     971
     891
     932
     918
     940
     969
     978
     934
     892
     943
     879
    1005
     944
     902
     987
     925
     899
     906
     881
     959
     887
     931
     865
     930
     936
     951
     916
     893
     908
     912
     876
     870
     879
     840
     933
     869
     822
     921
     853
     863
     915
     914
     871
     828
     874
     869
     837
     826
     869
     840
     830
     850
     795
     864
     854
     837
     823
     869
     787
     839
     801
     833
     845
     822
     806
     865
     818
     821
     809
     821
     812
     784
     839
     785
     841
     834
     802
     864
     796
     779
     793
     749
     800
     742
     780
     812
     806
     818
     824
     793
     769
     789
     770
     783
     750
     774
     788
     795
     757
     784
     802
     759
     722
     766
     741
     765
     720
     763
     726
     739
     779
     709
     738
     748
     733
     778
     704
     726
     751
     735
     713
     687
     772
     713
     724
     726
     735
     742
     716
     705
     693
     727
     719
     706
     709
     706
     663
     736
     724
     696
     685
     727
     698
     686
     670
     691
     686
     668
     696
     635
     669
     684
     705
     711
     623
     656
     620
     653
     661
     668
     632
     662
     659
     677
     659
     616
     584
     605
     673
     618
     659
     666
     667
     660
     644
     673
     595
     609
     622
     598
     618
     692
     645
     642
     654
     625
     614
     585
     615
     570
     582
     613
     633
     604
     599
     531
     600
     665
     557
     600
     579
     619
     597
     627
     587
     587
     595
     564
     577
     545
     563
     598
     573
     596
     595
     554
     567
     589
     584
     580
     563
     520
     564
     573
     568
     566
     507
     538
     503
     579
     566
     519
     542
     525
     574
     510
     565
     548
     522
     514
     503
     525
     527
     499
     520
     557
     510
     525
     480
     550
     538
     504
     524
     489
     505
     497
     494
     487
     504
     498
     492
     475
     471
     518
     529
     449
     494
     502
     495
     503
     474
     432
     473
     478
     450
     479
     432
     505
     450
     467
     407
     507
     483
     495
     466
     479
     449
     487
     438
     451
     424
     456
     502
     468
     462
     433
     443
     462
     409
     455
     480
     445
     444
     454
     445
     451
     432
     476
     426
     421
     450
     447
     455
     397
     405
     449
     439
     412
     414
     435
     434
     460
     407
     433
     414
     416
     403
     404
     398
     412
     411
     382
     417
     417
     383
     425
     391
     360
     394
     407
     413
     407
     414
     370
     377
     428
     393
     356
     400
     423
     416
     369
     375
     394
     354
     351
     388
     376
     415
     379
     402
     410
     372
     361
     383
     363
     377
     389
     361
     394
     386
     356
     372
     364
     390
     357
     397
     388
     358
     330
     354
     385
     363
     369
     342
     357
     346
     388
     374
     347
     319
     389
     352
     342
     332
     385
     362
     345
     353
     347
     348
     359
     320
     363
     326
     364
     350
     344
     317
     343
     344
     361
     342
     318
     350
     335
     340
     369
     332
     348
     329
     342
     353
     350
     345
     350
     348
     346
     331
     331
     334
     325
     313
     327
     307
     332
     359
     326
     349
     345
     328
     359
     343
     341
     332
     335
     331
     347
     310
     350
     310
     295
     309
     332
     349
     316
     314
     310
     318
     316
     333
     348
     312
     333
     341
     318
     320
     338
     354
     341
     316
     321
     297
     299
     306
     322
     321
     303
     292
     340
     326
     328
     296
     350
     328
     301
     329
     335
     307
     348
     307
     274
     329
     332
     286
     337
     345
     335
     322
     326
     310
     380
     312
     339
     310
     316
     300
     297
     310
     315
     311
     306
     325
     312
     309
     330
     312
     318
     330
     317
     353
     342
     328
     304
     310
     313
     303
     298
     314
     305
     297
     347
     327
     350
     331
     289
     311
     325
     296
     332
     312
     322
     316
     320
     301
     312
     322
     326
     303
     298
     337
     323
     317
     317
     316
     308
     311
     330
     291
     291
     326
     278
     310
     297
     306
     306
     307
     319
     327
     295
     300
     338
     270
     327
     315
     295
     319
     300
     307
     290
     306
     288
     283
     294
     300
     299
     281
     258
     290
     279
     306
     294
     289
     247
     308
     291
     316
     315
     282
     323
     350
     293
     282
     295
     324
     285
     313
     288
     279
     285
     325
     259
     292
     301
     306
     297
     253
     286
     281
     293
     318
     299
     306
     259
     296
     259
     298
     313
     269
     277
     282
     309
     280
     294
     295
     252
     270
     266
     296
     300
     296
     284
     283
     300
     245
     300
     257
     286
     269
     286
     277
     298
     271
     300
     292
     297
     289
     303
     261
     278
     288
     265
     280
     278
     269
     298
     305
     276
     268
     273
     266
     284
     291
     292
     282
     320
     282
     284
     286
     273
     267
     265
     314
     256
     285
     278
     300
     258
     269
     275
     280
     279
     267
     293
     265
     253
     267
     280
     295
     292
     278
     290
     276
     255
     306
     290
     273
     279
     287
     276
     264
     264
     268
     258
     280
     245
     305
     282
     260
     292
     255
     287
     274
     245
     264
     269
     270
     272
     273
     291
     283
     272
     283
     281
     264
     270
     279
     270
     281
     285
     291
     258
     254
     265
     261
     272
     265
     273
     281
     255
     286
     255
     260
     286
     277
     270
     272
     283
     279
     239
     293
     251
     284
     301
     254
     273
     312
     274
     277
     244
     285
     282
     304
     268
     243
     244
     275
     251
     278
     259
     261
     280
     260
     268
     291
     265
     284
     269
     268
     247
     272
     275
     267
     278
     264
     270
     265
     268
     262
     278
     270
     263
     271
     279
     264
     247
     280
     250
     257
     251
     255
     279
     297
     258
     265
     273
     262
     257
     258
     262
     271
     314
     251
     280
     270
     273
     292
     281
     260
     256
     240
     268
     284
     255
     276
     285
     290
     253
     257
     270
     269
     284
     265
     279
     274
     265
     269
     295
     266
     273
     237
     251
     249
     256
     260
     273
     252
     295
     251
     273
     238
     282
     277
     246
     268
     225
     254
     295
     292
     268
     269
     253
     258
     262
     259
     255
     280
     255
     274
     275
     265
     261
     274
     286
     286
     273
     241
     259
     267
     280
     306
     258
     250
     279
     232
     281
     268
     275
     280
     253
     273
     288
     265
     270
     265
     269
     263
     269
     291
     267
     282
     254
     286
     275
     291
     280
     273
     278
     262
     287
     274
     261
     271
     253
     274
     255
     293
     276
     257
     283
     281
     292
     321
     313
     298
     311
     304
     317
     313
     334
     371
     323
     364
     384
     367
     421
     452
     524
     733
    1050
    1651
    2799
    4824
    8237
   13773
   22792
   34103
   48889
   65039
   82047
   95496
  102142
  102833
   95263
   83173
   66470
   50159
   36565
   25209
   17364
   12207
    9109
    7458
    6429
    5728
    5077
    4809
    4298
    3709
    3303
    2792
    2362
    1946
    1592
    1287
    1075
     886
     761
     657
     599
     526
     432
     375
     336
     287
     283
     284
     241
     233
     216
     213
     197
     177
     212
     181
     182
     159
     162
     162
     156
     146
     150
     158
     138
     147
     155
     136
     159
     147
     131
     131
     127
     128
     145
     123
     108
     127
     136
     129
     130
     117
     104
     136
     128
     120
     118
     120
     131
     105
     111
     115
      98
     114
     108
     101
     109
     109
     122
     122
     105
     109
     103
     119
      96
     100
     122
      90
     103
     114
     107
      94
     122
     104
     106
     109
     103
     106
      92
     110
     101
      91
      83
      98
      95
      94
     105
      91
      76
      91
      92
      77
      89
      83
      85
      82
      86
      73
      92
      82
      92
      88
      99
      94
      90
      95
      85
      81
      89
      78
      74
      65
      96
      92
     104
      71
      95
      81
      66
      71
      86
      71
      61
      75
      82
      69
      79
      87
      76
      66
      76
      85
      71
      67
      88
      79
      70
      82
      78
      94
      81
      82
      92
      78
      65
      75
      78
      77
      74
      87
      62
      77
      75
      65
      66
      68
      65
      76
      84
      56
     102
      57
      77
      75
      72
      58
      65
      64
      83
      73
      86
      85
      74
      78
      59
      72
      70
      70
      52
      68
      73
      78
      86
      62
      74
      65
      70
      76
      66
      51
      75
      74
      77
      72
      77
      86
      57
      51
      50
      70
      69
      54
      78
      62
      60
      76
      59
      82
      70
      69
      73
      62
      75
      61
      74
      61
      60
      31
      55
      67
      54
      52
      56
      67
      77
      59
      66
      59
      49
      69
      58
      61
      63
      72
      57
      79
      62
      61
      49
      62
      51
      64
      71
      64
      70
      72
      54
      56
      74
      57
      65
      50
      65
      64
      70
      53
      63
      64
      65
      64
      70
      63
      74
      64
      63
      57
      69
      50
      48
      56
      62
      60
      55
      66
      48
      72
      63
      62
      54
      60
      57
      60
      53
      52
      55
      61
      46
      47
      60
      53
      65
      67
      68
      49
      61
      56
      49
      53
      57
      59
      62
      61
      62
      57
      43
      45
      64
      58
      51
      45
      57
      51
      53
      50
      58
      38
      51
      65
      60
      49
      65
      69
      47
      61
      45
      54
      51
      53
      42
      56
      62
      60
      37
      50
      53
      59
      50
      68
      43
      60
      53
      42
      57
      54
      61
      44
      38
      49
      44
      53
      63
      55
      52
      56
      52
      47
      61
      60
      30
      43
      53
      57
      54
      48
      60
      43
      48
      39
      47
      47
      53
      57
      48
      55
      49
      46
      64
      56
      55
      36
      46
      40
      53
      38
      47
      47
      35
      51
      49
      51
      50
      48
      46
      48
      61
      47
      58
      46
      30
      54
      35
      48
      51
      54
      45
      46
      41
      58
      51
      48
      58
      56
      48
      59
      46
      44
      44
      52
      58
      46
      65
      45
      56
      51
      48
      53
      46
      54
      55
      47
      55
      49
      39
      45
      42
      62
      39
      49
      58
      41
      49
      56
      43
      38
      33
      46
      40
      58
      55
      50
      45
      51
      47
      49
      40
      36
      51
      56
      53
      37
      59
      39
      53
      49
      41
      41
      37
      43
      41
      39
      39
      37
      52
      37
      52
      43
      56
      40
      50
      42
      38
      44
      39
      44
      49
      44
      52
      44
      48
      43
      43
      44
      37
      37
      49
      49
      56
      39
      35
      28
      50
      32
      38
      47
      50
      41
      39
      38
      41
      48
      31
      37
      43
      42
      46
      38
      42
      36
      46
      54
      42
      36
      35
      31
      48
      45
      45
      36
      49
      39
      32
      49
      35
      45
      46
      34
      51
      62
      40
      56
      48
      49
      49
      43
      33
      34
      49
      46
      39
      32
      46
      40
      42
      37
      29
      33
      42
      43
      34
      49
      45
      40
      47
      43
      36
      41
      43
      42
      39
      32
      40
      46
      44
      37
      45
      41
      36
      39
      42
      39
      36
      41
      45
      46
      50
      40
      34
      39
      38
      31
      40
      46
      46
      39
      44
      36
      38
      34
      40
      42
      49
      38
      30
      39
      35
      47
      30
      44
      34
      38
      36
      41
      35
      41
      33
      36
      42
      49
      42
      29
      34
      39
      46
      42
      33
      50
      28
      40
      36
      38
      34
      39
      30
      33
      36
      41
      36
      35
      32
      47
      29
      41
      32
      59
      30
      27
      41
      40
      40
      40
      36
      42
      33
      35
      46
      44
      34
      41
      37
      36
      38
      37
      34
      36
      38
      45
      44
      40
      35
      28
      39
      42
      36
      32
      37
      39
      44
      40
      33
      34
      43
      39
      31
      38
      43
      46
      44
      41
      59
      39
      36
      25
      33
      39
      38
      37
      33
      33
      37
      47
      40
      37
      39
      32
      34
      49
      40
      43
      39
      37
      36
      42
      40
      44
      39
      31
      33
      47
      32
      38
      44
      35
      34
      27
      39
      39
      37
      38
      32
      41
      35
      28
      26
      36
      38
      28
      48
      45
      26
      27
      33
      47
      37
      28
      19
      37
      30
      44
      29
      34
      45
      31
      25
      35
      32
      38
      32
      45
      35
      44
      32
      50
      56
      39
      48
      39
      29
      32
      32
      25
      34
      30
      41
      38
      32
      27
      43
      37
      30
      32
      37
      45
      30
      29
      24
      45
      31
      33
      32
      37
      31
      37
      27
      33
      35
      39
      29
      35
      32
      31
      32
      39
      42
      35
      33
      35
      36
      43
      29
      29
      45
      30
      29
      37
      29
      32
      34
      31
      35
      37
      37
      20
      26
      33
      35
      43
      25
      39
      39
      34
      40
      30
      37
      41
      35
      25
      41
      27
      19
      25
      26
      23
      35
      37
      36
      23
      33
      34
      30
      30
      31
      30
      43
      27
      39
      34
      28
      28
      40
      34
      42
      34
      44
      34
      47
      34
      42
      37
      39
      28
      31
      29
      27
      30
      39
      44
      38
      38
      32
      29
      31
      29
      33
      21
      29
      30
      30
      36
      47
      35
      28
      37
      33
      34
      33
      30
      24
      26
      32
      35
      32
      35
      27
      29
      31
      26
      33
      25
      41
      29
      35
      35
      32
      39
      26
      40
      34
      37
      41
      31
      27
      23
      33
      29
      38
      27
      25
      29
      30
      31
      35
      26
      33
      34
      33
      27
      32
      36
      30
      42
      38
      35
      34
      37
      26
      32
      31
      35
      27
      34
      30
      29
      26
      39
      26
      30
      25
      30
      24
      35
      27
      30
      26
      34
      28
      31
      28
      28
      42
      37
      32
      26
      30
      26
      32
      32
      26
      46
      33
      27
      29
      33
      25
      31
      25
      18
      38
      27
      39
      24
      42
      26
      28
      38
      34
      20
      30
      31
      31
      28
      37
      29
      36
      35
      22
      25
      43
      32
      31
      31
      36
      23
      36
      20
      40
      38
      28
      30
      32
      35
      32
      29
      29
      28
      25
      40
      26
      36
      31
      31
      40
      37
      24
      34
      27
      30
      25
      24
      43
      24
      32
      20
      22
      34
      26
      36
      32
      28
      29
      25
      28
      25
      28
      30
      29
      30
      36
      33
      32
      32
      32
      24
      28
      27
      26
      26
      26
      38
      28
      30
      27
      25
      29
      34
      28
      25
      27
      32
      30
      25
      28
      24
      36
      23
      25
      31
      32
      31
      31
      28
      24
      31
      40
      28
      35
      30
      26
      36
      34
      22
      18
      18
      24
      35
      28
      22
      24
      25
      31
      35
      25
      20
      22
      23
      35
      33
      25
      30
      24
      27
      28
      24
      24
      19
      18
      29
      27
      20
      18
      19
      28
      25
      31
      21
      27
      30
      23
      28
      27
      23
      29
      22
      32
      26
      27
      29
      34
      25
      24
      16
      24
      28
      26
      23
      28
      18
      29
      21
      25
      32
      26
      22
      25
      22
      30
      30
      30
      28
      28
      26
      30
      16
      23
      21
      28
      33
      25
      23
      21
      28
      32
      30
      28
      25
      21
      33
      28
      27
      30
      28
      24
      17
      25
      33
      31
      36
      21
      23
      23
      21
      24
      15
      26
      21
      24
      29
      26
      24
      23
      26
      33
      21
      25
      30
      32
      24
      21
      22
      23
      21
      20
      18
      21
      24
      23
      19
      24
      28
      22
      28
      18
      27
      26
      29
      25
      23
      24
      18
      28
      13
      32
      18
      31
      23
      25
      18
      28
      31
      27
      27
      14
      23
      27
      25
      20
      24
      18
      25
      21
      21
      16
      21
      24
      21
      18
      29
      18
      21
      27
      19
      25
      22
      18
      16
      20
      14
      24
      19
      31
      15
      26
      24
      27
      23
      17
      24
      15
      25
      26
      23
      19
      24
      21
      30
      21
      28
      22
      32
      21
      20
      25
      19
      24
      18
      20
      17
      26
      10
      19
      20
      24
      28
      24
      19
      24
      27
      24
      21
      23
      32
      29
      26
      18
      21
      19
      22
      24
      23
      18
      18
      24
      23
      21
      16
      23
      21
      33
      15
      25
      18
      28
      19
      13
      21
      21
      20
      28
      17
      21
      19
      18
      22
      19
      17
      24
      14
      22
      15
      33
      16
      23
      19
      20
      36
      27
      25
      22
      18
      15
      21
      20
      27
      18
      27
      26
      24
      16
      21
      13
      21
      22
      26
      18
      22
      22
      20
      16
      28
      22
      21
      12
      16
      19
      16
      25
      15
      22
      28
      27
      21
      18
      18
      24
      25
      22
      20
      19
      28
      30
      24
      24
      26
      15
      14
      23
      22
      17
      24
      23
      20
      25
      25
      20
      24
      16
      24
      16
      25
      18
      15
      23
      16
      28
      17
      21
      16
      18
      21
      16
      22
      16
      26
      22
      24
      20
      20
      24
      25
      15
      15
      25
      14
      12
      22
      20
      21
      32
      22
      17
      25
      15
      16
      11
      22
      12
      20
      19
      23
      13
      17
      21
      22
      30
      26
      12
      20
      22
       8
      19
      15
      28
      21
      23
      14
      19
      19
      22
      19
      10
      21
      19
      17
      17
      28
      20
      15
      12
      21
      23
      15
      24
      19
      15
      17
      16
      13
      13
      17
      17
      17
      18
      23
      17
      31
      15
      15
      19
      22
      14
      14
      26
      16
      23
      20
      21
      23
      21
      16
      20
      18
      21
      30
      18
      19
      18
      18
      20
      20
      18
      11
      15
      17
      23
      19
      19
      17
      16
      19
      20
      13
      16
      19
      16
      17
      18
      19
      28
      23
      22
      17
      18
      23
      19
      16
      15
      18
      14
      21
       9
      13
      22
      18
      23
      10
      17
      18
      21
      15
      17
      13
      18
      19
      14
      14
      22
      26
      20
      22
      22
      11
      19
      12
      12
      20
      11
      22
      22
      23
      14
      19
      21
      15
      17
      20
      13
      18
      28
      23
      13
      19
      16
      15
      18
      14
      18
      15
      13
      18
      16
      14
      13
      17
      20
      16
      12
      23
      15
      16
      13
      19
      18
      16
      15
      16
      15
      16
      24
      18
      21
      15
      12
      18
      16
       9
      17
      12
      19
      14
      23
      18
      21
      20
      16
      17
      19
      16
      14
      15
      11
      17
      14
      11
      20
      26
      19
      17
      14
      17
      12
       6
      13
      18
      16
      16
      15
      18
      16
      18
      21
      14
      14
       8
      15
      21
      16
      15
      21
      13
      16
      17
      19
      13
      19
      18
      12
      19
      13
      16
      11
      22
      18
      15
      17
      20
      13
      21
       5
      18
      13
      14
      16
      11
      13
      16
      19
      21
      21
      11
      23
      14
      12
      16
      19
      19
      19
      22
      19
      21
      15
       9
      11
      21
      14
      14
      15
       9
      14
      14
      17
      11
      24
      22
      16
      16
      14
      14
      15
      16
      23
      21
      19
      28
      13
      14
      15
      18
      14
      25
      19
      14
      10
      19
      15
      12
      12
      13
      13
      21
      19
      18
      21
       5
      10
      16
      21
      18
      13
      14
      10
      18
      19
      11
      22
      20
      18
      19
      14
      11
      20
      21
      14
      10
      19
      14
      11
      20
      14
      12
      14
      26
      13
      12
      16
      18
      16
      17
      11
      22
      17
      16
      14
      20
       7
      16
      14
      18
      11
      15
      13
      11
      20
      14
      17
      15
       8
      10
      18
      11
      15
      12
      10
      13
       9
      14
      13
      16
      16
      11
      14
      16
      20
      12
      20
      18
      22
      15
      14
      17
      16
       8
      17
      21
      13
      18
      16
      15
      10
      16
      10
      10
      13
      16
      16
      17
      10
       8
      18
      11
      11
       8
      26
      11
      13
      24
      13
      14
      10
      14
      10
      14
      18
      15
      15
      14
      11
      19
      14
      17
      20
       7
      22
      14
      14
      20
      13
      16
      15
      15
      12
       9
      12
       5
      17
      11
      23
      14
      14
      16
      16
      19
      13
      12
      14
      16
       8
       9
      15
      14
      17
      10
      13
      11
      12
       9
       9
      11
       9
      15
      15
      22
      12
      18
      11
      18
      12
      10
      12
      10
      13
      17
       7
      15
      17
      16
      11
      15
      14
      12
      22
      15
      13
      16
      10
       9
      20
      18
      18
      16
      15
      14
      19
      10
      11
      11
      15
       8
      15
      12
      15
      14
      12
      13
      16
       9
      16
      15
      10
      16
      16
      10
      13
      19
      10
      14
      12
      15
      10
      13
      11
      16
      14
      15
      14
      22
      10
      16
      15
      15
      12
      14
       9
      18
       9
      14
      15
      13
      13
       8
      12
      11
       7
      14
      14
      11
      13
       6
       8
      17
       7
       8
      19
      12
      12
      17
      11
      16
      12
       8
      16
      14
       7
      10
       7
      20
      16
      15
       9
      10
       8
       6
      19
      18
      13
      21
       6
      15
       8
      15
      15
      13
       9
      10
      12
      18
      17
      12
      14
      13
       6
      12
       8
       9
       6
      21
       7
      11
      18
      16
      21
      11
      10
       8
       7
      11
      15
      11
      16
      17
      16
       9
      14
      11
      10
      11
      14
       8
      15
      14
       8
       9
      10
      12
      11
       9
      20
      18
      11
       9
      10
      16
      17
      10
      15
      13
      17
      11
      12
       8
       9
      10
      12
       8
      17
      13
      13
       6
      12
      15
       9
      13
      14
      13
       9
      10
       8
      13
       5
       9
      15
      18
      19
       8
      14
      14
      11
      18
      21
      13
      11
      10
      12
      20
      13
       7
      13
      14
      14
       7
       9
      10
      11
      10
      14
      10
      13
       7
      18
      16
      10
       8
       9
      10
      14
      12
      14
      15
      16
      11
       9
      12
      12
      12
       8
       9
      10
      10
      13
      17
      15
      16
      13
       9
      15
      10
       7
      14
      12
      18
       8
      13
      15
      13
      13
      12
       9
      13
      20
      13
      12
       9
      13
       5
       8
      12
      11
      14
      10
      11
      18
      19
       7
       7
      14
       6
       7
      10
      12
       9
      12
       9
       8
       7
      15
      15
      11
       9
      10
      10
      14
      10
      10
      11
      10
      12
       9
       6
      11
      12
       7
       7
      17
      13
      13
      17
      10
      10
      12
      13
      11
      10
       5
      12
      13
      14
      13
      11
       5
      12
       9
      10
       9
      12
       9
      15
      13
       4
       9
       6
      17
      17
      11
      11
      14
      10
      13
      17
      12
      15
      15
       6
      14
      15
      14
      10
      13
      16
       4
      16
      15
      11
       6
      10
       8
       7
      11
      14
      15
      14
      16
       8
      11
      12
      14
      12
      13
      19
       7
      16
       8
      15
       4
      10
       8
       5
       9
       6
      13
      10
      13
      16
       9
      10
      11
       9
      11
      15
      13
      12
      14
      10
      14
      13
      19
      10
       9
      13
       9
      10
      10
       9
       8
      11
      13
      12
      14
      16
      17
      10
       7
      19
      16
      16
      12
      14
      15
      11
       7
      14
      11
       8
      12
       9
      11
       9
       9
      14
       9
       7
      10
       5
       9
       9
       7
       9
      10
      11
       9
       6
      14
      13
      14
       9
       9
       8
      12
       6
      12
      11
       8
      16
      11
       9
      12
      10
      12
       4
       9
      10
       6
       5
      14
      10
      12
       7
      13
       8
       9
      10
       9
       6
      15
      12
       8
       8
      10
       9
       7
       9
      19
       8
       9
       8
      16
      12
       4
      12
      10
      20
      10
      11
      11
       9
      19
      10
       9
      11
      12
      11
       8
      13
      15
       7
       8
      12
      13
       5
       5
      16
      11
      13
      10
      15
       3
      17
      11
      10
       7
      10
      12
      12
      12
       6
      13
      13
       7
      11
      10
      10
      12
       8
       7
       6
       8
      10
      15
      12
      11
       9
      12
      11
      11
      14
       9
       8
      13
      10
       8
      15
       8
      12
       9
      11
      10
      13
       8
      10
       6
      11
      10
      10
       5
      10
      12
       6
      14
       9
      11
      11
       9
      15
      11
      12
       6
      12
      11
      14
      10
       5
       8
       8
       4
       7
       7
       6
      12
      11
       6
       6
      13
       9
       8
      12
       7
       9
       8
       7
       9
      10
       8
      12
      11
      10
       6
      11
       8
      11
      17
       8
       2
      10
      12
      11
       5
      12
      15
       7
      16
       7
      14
       7
       6
       4
       6
      13
       7
       7
      13
      15
       9
       6
       5
       4
       5
      17
      10
       8
      11
       9
      10
      10
       5
      14
       8
      16
      15
       7
       5
       4
      10
       7
       6
       7
      10
      11
       8
      11
      10
       7
       7
       9
       6
       5
       6
       9
       9
       6
      10
       8
      10
      10
       7
       5
      12
      11
       8
      13
       6
       8
      15
       8
      10
       5
       6
       5
       9
       9
       9
       7
       9
      10
       7
      11
       7
      14
       7
      13
      11
       6
       6
       8
      10
      11
       9
      10
       5
       8
      11
       9
       8
       6
      10
      11
       9
       5
       6
      11
      10
      13
       8
       9
       8
      10
       6
      11
      13
      10
      14
       8
       9
       7
       8
      13
      11
      13
       7
       9
      10
      12
      12
       7
       9
       8
      12
       6
      16
      11
      19
      10
      14
       7
       6
      12
       3
      11
       5
       9
       7
       8
       6
       9
      14
       2
       9
       8
       8
      10
       2
      10
      11
       6
       7
       7
       8
       6
       8
       5
       6
       3
       5
      13
       6
       9
       5
       4
      11
       5
       7
       9
       7
      13
       8
       6
       9
       9
       8
       3
       2
       9
       3
       5
      12
       0
       7
      12
       9
       9
       7
       5
       5
       7
       5
       6
      11
       4
       6
       4
       6
       6
       6
       4
       3
       6
       3
      10
       6
      10
       9
       8
       8
       9
       6
      11
       4
       4
       9
       2
      11
       5
       7
       2
       6
       7
       5
       8
       3
       9
       5
       5
       7
      11
       5
       6
       8
       8
       7
       4
       5
       6
       5
      11
       5
       4
       4
      13
       5
       3
       4
       5
       4
       5
       4
       9
       4
       9
       9
       9
       9
       8
       9
       5
       6
       6
       7
       6
       4
       2
       7
      11
       5
      13
       9
      10
       7
       9
       7
       1
       6
       3
       8
      11
       6
       3
       9
       5
       6
       8
       7
       7
       9
       5
       3
       6
       8
       6
       5
       4
       7
       4
       8
       7
       8
       4
       7
       3
       5
       4
       5
       6
       8
       5
       9
       6
       7
       6
       5
       6
       4
       4
       7
       3
       6
       5
      12
       2
      12
      14
       4
       5
      10
       6
       4
       9
       6
       4
       3
       5
       4
       4
       3
       7
       8
       8
       1
      10
       3
       5
       6
       3
      12
       4
       6
       3
       5
       6
       2
      12
       4
       5
       4
       5
       4
       2
       9
       3
       7
       3
       2
       5
       6
       5
       6
       3
       5
       6
       5
       9
       4
       4
       4
       8
       3
       7
       6
       6
       3
       5
       3
       4
       2
       2
       7
       8
       4
       5
       8
       3
       6
       5
       4
       5
       7
       2
       2
       5
       4
       6
       4
       8
       5
       3
       4
       2
       6
       4
       7
       6
       4
       3
       8
       4
       4
       6
       5
       8
       5
       5
       4
      10
       4
       7
       8
       8
       4
       5
       4
       5
       5
       1
       5
       5
       5
       7
       3
       4
       4
       4
       5
       7
       7
       2
       3
       4
       9
       3
       7
       3
       5
       3
       7
      10
       4
       3
       4
       7
       4
       4
       4
       5
       5
       6
       9
       1
      10
       7
       3
       5
       6
       6
       5
       2
       2
       4
       5
       7
       5
       5
       4
       3
       6
       4
       2
       6
       4
       6
       5
      10
       3
       5
       9
       5
       4
       5
       7
       3
       5
       5
       3
       6
       2
       7
       7
       2
       4
       8
       3
       7
       6
       6
       7
       4
       6
       1
       2
       9
       2
       3
       2
       1
       7
       3
       4
       2
       3
       1
       3
       6
       6
       8
       2
       7
       1
       4
       1
       2
       2
       3
       7
       2
       5
       2
       6
       2
       3
       5
       7
       6
       3
       3
       4
       7
       0
       3
       1
       6
       4
       6
       2
       2
       4
       6
       3
       4
       5
       5
       3
       8
       3
       4
       1
       3
       2
       2
       1
       4
       4
       9
       3
       2
       7
       2
       4
       4
       1
       3
       6
       2
       0
       4
       2
       4
       3
       0
       1
       3
       3
       4
       4
       4
       5
       7
       2
       6
       6
       7
       9
       3
       1
       7
       2
       9
       5
       8
       4
       0
       5
       5
       1
       5
       3
       4
       3
       4
       6
      12
       3
       7
       3
       3
       5
       2
       6
       1
       7
       3
       6
       1
       5
       4
       5
       6
       2
       3
       9
       3
       3
       3
       6
       4
       1
       3
       3
       3
       5
       5
       3
       1
       5
      10
       4
       2
       3
       5
       5
       0
       8
       6
       3
       6
       3
       2
       3
       3
       3
       4
       2
       1
       4
       4
       4
       4
       6
       3
       4
       4
       5
       3
       5
       2
       6
       2
       2
       4
       2
       1
       5
       0
       5
       7
       8
       6
       5
       6
       9
       8
       5
       4
       2
       1
       2
       4
       4
       4
       5
       7
       1
       4
       3
       2
       5
       5
       5
       2
       1
       3
       3
       6
       2
       5
       3
       3
       4
       4
       7
       3
       1
       7
       2
       3
       4
       3
       6
       3
       3
       1
       1
       6
       3
       3
       4
       6
       1
       4
       4
       4
       1
       1
       6
       5
       4
       3
       0
       3
       7
       2
       4
       2
       2
       5
       1
       4
       0
       8
       0
       3
       3
       4
       1
       8
       4
       0
       2
       3
       3
       7
       5
       4
       6
       5
       2
       2
       4
       2
       3
       1
       5
       5
       6
       4
       3
       7
       7
       2
       4
       5
       2
       1
       4
       4
       2
       4
       3
       2
       2
       3
       3
       3
       6
       6
       5
       1
       2
       3
       3
       2
       7
       5
       4
       2
       2
       3
       4
       3
       1
       5
       1
       5
       5
       4
       2
       3
       3
       5
       5
       4
       1
       5
       6
       4
       4
       3
       1
       3
       4
       3
       2
       4
       4
       4
       6
       5
       4
       3
       4
       6
       4
       3
       1
       2
       4
       3
       2
       3
       1
       2
       5
       5
       2
       4
       6
       5
       5
       3
       6
       4
       6
       3
       4
       4
       4
       3
       6
       1
       5
       5
       6
       2
       4
       2
       3
       2
       3
       3
       2
       5
       1
       3
       2
       5
       4
       3
       4
       5
       4
       1
       2
       7
       4
       7
       8
       4
       1
       1
       3
       2
       7
       4
       2
       5
       2
       4
       2
       1
       1
       2
       9
       7
       4
       4
       2
       3
       2
       4
       6
       4
       5
       5
       2
       3
       7
       3
       5
       3
       2
       4
       4
       5
       5
       3
       4
       6
       4
       5
       5
       5
       0
       4
       4
       5
       4
       5
       0
       9
       7
       3
       4
       2
       2
       3
       4
       4
       1
       3
       4
       1
       6
       3
       4
       2
       5
       5
       4
       2
       7
       2
       6
       3
       6
       7
       1
       6
       6
       5
       4
       1
       6
       2
       6
       4
       0
       5
       0
       5
       2
       4
       2
       3
       4
       6
       1
       8
       2
       6
       2
       4
       4
       4
       4
       3
       4
       3
       3
       1
       0
       9
       4
       2
       4
       6
       4
       6
       3
       4
       3
       7
       4
       4
       4
       2
       2
       2
       5
       6
       4
       3
       4
       0
       8
       5
       6
       7
       2
       3
       4
       2
       4
       2
       3
       7
       3
       5
       4
       4
       4
       8
       3
       5
       4
       2
       4
       5
       4
       4
       5
       3
       2
       2
       6
       5
       5
       0
       6
       4
       1
       5
       1
       1
       6
       3
       5
       3
      11
       2
       5
       7
       2
       6
       6
       7
       4
       5
       1
       5
       4
       2
       7
       5
       5
       5
       7
       2
       4
       2
       6
       4
       1
       4
       4
       6
       2
       3
       7
       7
       2
       5
       4
       8
       3
       7
       3
       7
       4
       5
       1
       2
       2
       4
       4
       4
       2
       3
       4
       1
       5
       7
       4
       5
       5
       4
       3
       3
       7
       3
       3
       1
       4
       6
       2
       2
       4
       7
       6
       5
       4
       4
       0
       4
       3
       2
       4
       6
       5
       0
       8
       5
       5
       5
       3
       4
       4
       5
       9
       7
       6
       4
       9
       5
       6
       5
       3
       2
       2
       4
       7
       5
       4
       4
       2
       5
       3
       3
       5
       4
       4
       7
       9
       4
       4
       8
       5
       3
       4
       6
       3
       4
       6
       7
       5
       8
       4
       5
       3
       5
       3
       7
       9
      10
       2
       4
       8
       3
       7
       7
       4
       4
       4
       5
       6
       4
       5
       7
      11
       6
       8
       7
       4
       7
       4
       4
      11
       9
       8
       7
       6
      10
      13
       6
      13
       7
       8
       6
      12
      11
       7
      11
       9
      15
      13
      10
       5
      12
      15
      14
       8
       7
      11
       9
       8
      17
      16
      17
      11
      16
      13
      30
      16
      12
      14
      19
      12
      16
      10
       9
      12
       4
       3
       3
       6
       4
       1
       1
       0
       2
       4
       0
       0
       5
       1
       2
       1
       0
       2
       3
       2
       3
       2
       1
       0
       0
       2
       0
       0
       0
       1
       0
       0
       0
       1
       1
       0
       0
       2
       1
       0
       1
       1
       0
       4
       0
       1
       1
       1
       2
       1
       0
       0
       2
       0
       1
       2
       0
       1
       0
       1
       2
       1
       1
       2
       3
       1
       1
       1
       0
       0
       0
       0
       1
       0
       1
       0
       0
       0
       3
       4
       0
       0
       0
       0
       1
       0
       1
       1
       0
       0
       0
       0
       1
       1
       2
       0
       0
       0
       1
       0
       0
       1
       0
       3
       0
       0
       1
       0
       0
       0
       0
       0
       0
       1
       2
       1
       1
       0
       1
       1
       1
       1
       0
       1
       1
       1
       3
       0
       0
       2
       2
       1
       2
       0
       0
       1
       0
       0
       0
       0
       0
       0
       1
       0
       0
       0
       0
       3
       2
       1
       1
       0
       0
       1
       2
       0
       0
       0
       0
       0
       2
       2
       3
       0
       0
       0
       0
       1
       0
       0
       1
       0
       1
       1
       0
       0
       1
       0
       0
       2
       0
       0
       0
       0
       1
       2
       2
       1
       0
       1
       0
       1
       0
       2
       2
       1
       0
       0
       1
       1
       0
       0
       2
       0
       1
       1
       0
       1
       0
       1
       0
       0
       0
       0
       0
       2
       2
       1
       0
       0
       1
       1
       0
       0
       0
       0
       1
       0
       0
       1
       0
       0
       0
       1
       0
       0
       0
       0
       0
       0
       0
       0
       0
       1
       0
       0
       1
       0
       0
       2
       1
       0
       0
       1
       0
       0
       2
       0
       1
       1
       1
       2
       0
       3
       0
       0
       1
       0
       0
       0
       0
       0
       0
       0
       0
       0
       0
       0
       0
       0
       0
       0
       0
       0
       0
       0
       0
       0
       0
       0
       0
       0
       0
       0
       0
       0
       0
       0
       0
       0
       0
       0
       0
       0
       0
       0
       0
       0
       0
       0
       0
       0
       0
       0
       0
       0
       0
       0
       0
       0
       0
       0
       0
       0
       0
       0
       0
       0
       0
       0
       0
       0
       0
       0
       0
       0
       0
       0
       0
       0
       0
       0
       0
       0
       0
       0
       0
       0
       0
       0
       0
       0
       0
       0
       0
       0
       0
       0
       0
       0
       0
       0
       0
       0
       0
       0
       0
       0
       0
       0
       0
       0
       0
       0
       0
       0
       0
       0
       0
       0
       0
       0
       0
       0
       0
       0
       0
       0
       0
       0
       0
       0
       0
       0
       0
       0
       0
$ROI:
0
$PRESETS:
None
0
0
$ENER_FIT:
-0.946274 0.242428
$MCA_CAL:
3
-9.462742E-001 2.424276E-001 -2.056130E-007 keV
$SHAPE_CAL:
3
4.142836E+001 -1.952030E-002 2.453628E-006
