1506.44
1509.24
1512.03
1514.81
1517.58
1520.33
1523.08
1525.81
1528.54
1531.25
1533.95
1536.64
1539.32
1541.99
1544.65
1547.29
1549.93
1552.55
1555.16
1557.76
1560.34
1562.92
1565.48
1568.04
1570.58
1573.1
1575.62
1578.12
1580.61
1583.09
1585.56
1588.01
1590.46
1592.89
1595.3
1597.71
1600.1
1602.48
1604.85
1607.2
1609.54
1611.87
1614.19
1616.49
1618.78
1621.06
1623.32
1625.57
1627.81
1630.03
1632.24
1634.44
1636.62
1638.8
1640.95
1643.1
1645.23
1647.35
1649.45
1651.54
1653.62
1655.68
1657.73
1659.77
1661.79
1663.8
1665.79
1667.77
1669.74
1671.69
1673.63
1675.56
1677.47
1679.36
1681.25
1683.12
1684.97
1686.81
1688.64
1690.45
1692.25
1694.03
1695.8
1697.56
1699.3
1701.03
1702.74
1704.44
1706.13
1707.8
1709.45
1711.1
1712.72
1714.34
1715.93
1717.52
1719.09
1720.64
1722.18
1723.71
1725.22
1726.72
1728.2
1729.67
1731.13
1732.57
1733.99
1735.4
1736.8
1738.18
1739.55
1740.9
1742.24
1743.57
1744.88
1746.17
1747.45
1748.72
1749.97
1751.21
1752.43
1753.64
1754.83
1756.01
1757.18
1758.33
1759.47
1760.59
1761.7
1762.79
1763.87
1764.94
1765.99
1767.02
1768.05
1769.05
1770.05
1771.03
1771.99
1772.94
1773.88
1774.81
1775.71
1776.61
1777.49
1778.36
1779.21
1780.05
1780.87
1781.68
1782.48
1783.26
1784.03
1784.79
1785.53
1786.26
1786.97
1787.67
1788.36
1789.03
1789.69
1790.34
1790.97
1791.59
1792.2
1792.79
1793.37
1793.94
1794.49
1795.03
1795.55
1796.07
1796.57
1797.05
1797.53
1797.99
1798.43
1798.87
1799.29
1799.7
1800.09
1800.48
1800.85
1801.21
1801.55
1801.89
1802.21
1802.51
1802.81
1803.09
1803.36
1803.62
1803.87
1804.1
1804.33
1804.54
1804.73
1804.92
1805.1
1805.26
1805.41
1805.55
1805.68
1805.79
1805.9
1805.99
1806.07
1806.14
1806.2
1806.25
1806.29
1806.31
1806.33
1806.33
1806.32
1806.31
1806.28
1806.24
1806.19
1806.13
1806.05
1805.97
1805.88
1805.78
1805.67
1805.54
1805.41
1805.27
1805.11
1804.95
1804.78
1804.59
1804.4
1804.2
1803.99
1803.77
1803.54
1803.3
1803.05
1802.79
1802.52
1802.24
1801.96
1801.66
1801.36
1801.05
1800.73
1800.4
1800.06
1799.71
1799.35
1798.99
1798.62
1798.24
1797.85
1797.45
1797.05
1796.64
1796.22
1795.79
1795.36
1794.91
1794.46
1794
1793.54
1793.07
1792.59
1792.1
1791.61
1791.1
1790.6
1790.08
1789.56
1789.03
1788.5
1787.96
1787.41
1786.86
1786.3
1785.73
1785.16
1784.58
1783.99
1783.4
1782.81
1782.2
1781.6
1780.98
1780.37
1779.74
1779.11
1778.48
1777.84
1777.19
1776.54
1775.89
1775.23
1774.56
1773.89
1773.22
1772.54
1771.86
1771.17
1770.48
1769.79
1769.09
1768.38
1767.67
1766.96
1766.25
1765.53
1764.81
1764.08
1763.35
1762.61
1761.88
1761.14
1760.39
1759.65
1758.9
1758.15
1757.39
1756.63
1755.87
1755.11
1754.34
1753.57
1752.8
1752.03
1751.25
1750.47
1749.69
1748.91
1748.13
1747.34
1746.55
1745.76
1744.97
1744.18
1743.38
1742.59
1741.79
1740.99
1740.19
1739.39
1738.59
1737.78
1736.98
1736.17
1735.37
1734.56
1733.75
1732.95
1732.14
1731.33
1730.52
1729.71
1728.9
1728.09
1727.28
1726.47
1725.66
1724.85
1724.04
1723.23
1722.42
1721.61
1720.8
1719.99
1719.18
1718.37
1717.57
1716.76
1715.96
1715.15
1714.35
1713.55
1712.74
1711.94
1711.15
1710.35
1709.55
1708.76
1707.96
1707.17
1706.38
1705.59
1704.8
1704.02
1703.23
1702.45
1701.67
1700.89
1700.12
1699.34
1698.57
1697.8
1697.03
1696.27
1695.5
1694.74
1693.99
1693.23
1692.48
1691.73
1690.98
1690.23
1689.49
1688.75
1688.01
1687.28
1686.55
1685.82
1685.1
1684.37
1683.66
1682.94
1682.23
1681.52
1680.81
1680.11
1679.41
1678.72
1678.02
1677.34
1676.65
1675.97
1675.29
1674.62
1673.95
1673.28
1672.62
1671.96
1671.31
1670.66
1670.01
1669.37
1668.73
1668.09
1667.46
1666.84
1666.22
1665.6
1664.99
1664.38
1663.77
1663.17
1662.58
1661.98
1661.4
1660.81
1660.24
1659.66
1659.09
1658.53
1657.97
1657.42
1656.87
1656.32
1655.78
1655.25
1654.72
1654.19
1653.67
1653.15
1652.64
1652.13
1651.63
1651.14
1650.65
1650.16
1649.68
1649.2
1648.73
1648.27
1647.81
1647.35
1646.9
1646.46
1646.02
1645.58
1645.15
1644.73
1644.31
1643.9
1643.49
1643.09
1642.69
1642.3
1641.91
1641.53
1641.15
1640.78
1640.42
1640.06
1639.71
1639.36
1639.02
1638.68
1638.35
1638.02
1637.7
1637.39
1637.08
1636.77
1636.47
1636.18
1635.89
1635.61
1635.34
1635.07
1634.8
1634.54
1634.29
1634.04
1633.8
1633.56
1633.33
1633.1
1632.88
1632.67
1632.46
1632.26
1632.06
1631.87
1631.68
1631.5
1631.33
1631.16
1630.99
1630.84
1630.68
1630.54
1630.4
1630.26
1630.13
1630.01
1629.89
1629.77
1629.67
1629.56
1629.47
1629.38
1629.29
1629.21
1629.14
1629.07
1629.01
1628.95
1628.9
1628.85
1628.81
1628.77
1628.74
1628.72
1628.7
1628.69
1628.68
1628.68
1628.68
1628.69
1628.7
1628.72
1628.74
1628.77
1628.81
1628.85
1628.89
1628.94
1629
1629.06
1629.13
1629.2
1629.28
1629.36
1629.45
1629.54
1629.64
1629.74
1629.85
1629.96
1630.08
1630.2
1630.33
1630.46
1630.6
1630.74
1630.89
1631.05
1631.2
1631.37
1631.53
1631.71
1631.89
1632.07
1632.25
1632.45
1632.64
1632.85
1633.05
1633.26
1633.48
1633.7
1633.92
1634.15
1634.39
1634.63
1634.87
1635.12
1635.37
1635.63
1635.89
1636.15
1636.42
1636.7
1636.98
1637.26
1637.55
1637.84
1638.13
1638.43
1638.74
1639.05
1639.36
1639.68
1640
1640.32
1640.65
1640.98
1641.32
1641.66
1642
1642.35
1642.71
1643.06
1643.42
1643.79
1644.15
1644.53
1644.9
1645.28
1645.66
1646.05
1646.44
1646.83
1647.23
1647.63
1648.03
1648.44
1648.85
1649.27
1649.68
1650.1
1650.53
1650.96
1651.39
1651.82
1652.26
1652.7
1653.14
1653.59
1654.04
1654.49
1654.95
1655.41
1655.87
1656.33
1656.8
1657.27
1657.74
1658.22
1658.7
1659.18
1659.66
1660.15
1660.64
1661.13
1661.63
1662.13
1662.63
1663.13
1663.63
1664.14
1664.65
1665.16
1665.68
1666.19
1666.71
1667.24
1667.76
1668.29
1668.81
1669.34
1669.88
1670.41
1670.95
1671.49
1672.03
1672.57
1673.11
1673.66
1674.21
1674.76
1675.31
1675.86
1676.42
1676.98
1677.53
1678.09
1678.66
1679.22
1679.79
1680.35
1680.92
1681.49
1682.06
1682.63
1683.21
1683.78
1684.36
1684.94
1685.52
1686.1
1686.68
1687.26
1687.85
1688.43
1689.02
1689.61
1690.19
1690.78
1691.37
1691.96
1692.56
1693.15
1693.74
1694.34
1694.93
1695.53
1696.13
1696.72
1697.32
1697.92
1698.52
1699.12
1699.72
1700.32
1700.93
1701.53
1702.13
1702.74
1703.34
1703.94
1704.55
1705.15
1705.76
1706.36
1706.97
1707.57
1708.18
1708.79
1709.39
1710
1710.61
1711.21
1711.82
1712.42
1713.03
1713.64
1714.24
1714.85
1715.46
1716.06
1716.67
1717.27
1717.88
1718.48
1719.09
1719.69
1720.3
1720.9
1721.5
1722.11
1722.71
1723.31
1723.91
1724.51
1725.11
1725.71
1726.31
1726.91
1727.51
1728.1
1728.7
1729.3
1729.89
1730.49
1731.08
1731.67
1732.26
1732.85
1733.44
1734.03
1734.62
1735.21
1735.8
1736.38
1736.96
1737.55
1738.13
1738.71
1739.29
1739.87
1740.45
1741.02
1741.6
1742.17
1742.75
1743.32
1743.89
1744.46
1745.03
1745.59
1746.16
1746.72
1747.28
1747.84
1748.4
1748.96
1749.52
1750.07
1750.62
1751.18
1751.73
1752.28
1752.82
1753.37
1753.91
1754.45
1754.99
1755.53
1756.07
1756.6
1757.14
1757.67
1758.2
1758.73
1759.25
1759.78
1760.3
1760.82
1761.34
1761.86
1762.37
1762.89
1763.4
1763.91
1764.41
1764.92
1765.42
1765.92
1766.42
1766.92
1767.41
1767.91
1768.4
1768.89
1769.37
1769.86
1770.34
1770.82
1771.3
1771.77
1772.25
1772.72
1773.19
1773.65
1774.12
1774.58
1775.04
1775.5
1775.95
1776.41
1776.86
1777.31
1777.75
1778.2
1778.64
1779.08
1779.52
1779.95
1780.39
1780.82
1781.25
1781.67
1782.1
1782.52
1782.94
1783.36
1783.78
1784.19
1784.6
1785.01
1785.42
1785.82
1786.23
1786.63
1787.03
1787.43
1787.83
1788.22
1788.61
1789.01
1789.4
1789.79
1790.17
1790.56
1790.94
1791.33
1791.71
1792.09
1792.48
1792.86
1793.24
1793.62
1794
1794.38
1794.76
1795.14
1795.52
1795.9
1796.28
1796.66
1797.05
1797.43
1797.82
1798.21
1798.6
1799
1799.4
1799.8
1800.2
1800.61
1801.02
1801.44
1801.86
1802.29
1802.72
1803.16
1803.6
1804.06
1804.52
1804.99
1805.46
1805.95
1806.45
1806.96
1807.48
1808.01
1808.55
1809.11
1809.68
1810.27
1810.87
1811.49
1812.13
1812.78
1813.46
1814.15
1814.87
1815.61
1816.37
1817.16
1817.97
1818.81
1819.67
1820.57
1821.5
1822.45
1823.45
1824.47
1825.53
1826.63
1827.77
1828.95
1830.17
1831.43
1832.74
1834.1
1835.5
1836.96
1838.46
1840.02
1841.64
1843.31
1845.04
1846.83
1848.69
1850.61
1852.6
1854.65
1856.78
1858.98
1861.26
1863.61
1866.04
1868.56
1871.15
1873.83
1876.6
1879.46
1882.41
1885.46
1888.6
1891.84
1895.18
1898.62
1902.17
1905.82
1909.58
1913.45
1917.43
1921.53
1925.74
1930.08
1934.53
1939.1
1943.79
1948.61
1953.56
1958.63
1963.83
1969.16
1974.62
1980.22
1985.95
1991.81
1997.81
2003.94
2010.21
2016.62
2023.16
2029.84
2036.66
2043.62
2050.71
2057.94
2065.31
2072.81
2080.45
2088.23
2096.13
2104.17
2112.34
2120.64
2129.07
2137.62
2146.3
2155.09
2164.01
2173.04
2182.18
2191.44
2200.8
2210.26
2219.83
2229.49
2239.24
2249.08
2259.01
2269.02
2279.1
2289.25
2299.46
2309.73
2320.06
2330.44
2340.86
2351.32
2361.81
2372.32
2382.85
2393.4
2403.95
2414.49
2425.03
2435.56
2446.06
2456.54
2466.97
2477.37
2487.71
2497.99
2508.2
2518.35
2528.4
2538.37
2548.25
2558.01
2567.67
2577.2
2586.6
2595.87
2605
2613.97
2622.78
2631.43
2639.9
2648.19
2656.29
2664.19
2671.89
2679.38
2686.66
2693.71
2700.52
2707.11
2713.45
2719.54
2725.38
2730.95
2736.26
2741.3
2746.07
2750.55
2754.75
2758.66
2762.28
2765.6
2768.62
2771.33
2773.74
2775.85
2777.64
2779.11
2780.28
2781.12
2781.65
2781.86
2781.75
2781.33
2780.58
2779.52
2778.13
2776.43
2774.42
2772.09
2769.44
2766.49
2763.23
2759.67
2755.8
2751.64
2747.17
2742.42
2737.38
2732.06
2726.46
2720.59
2714.44
2708.04
2701.37
2694.46
2687.29
2679.89
2672.26
2664.39
2656.31
2648.01
2639.5
2630.8
2621.9
2612.82
2603.55
2594.12
2584.52
2574.77
2564.86
2554.82
2544.65
2534.34
2523.93
2513.4
2502.77
2492.05
2481.24
2470.35
2459.39
2448.37
2437.29
2426.17
2415
2403.8
2392.58
2381.34
2370.08
2358.82
2347.56
2336.31
2325.08
2313.87
2302.68
2291.53
2280.42
2269.36
2258.35
2247.39
2236.5
2225.68
2214.93
2204.25
2193.66
2183.15
2172.74
2162.42
2152.2
2142.08
2132.06
2122.16
2112.37
2102.69
2093.13
2083.69
2074.38
2065.19
2056.12
2047.19
2038.39
2029.71
2021.18
2012.77
2004.51
1996.38
1988.39
1980.53
1972.81
1965.24
1957.8
1950.5
1943.33
1936.31
1929.43
1922.68
1916.07
1909.59
1903.25
1897.04
1890.97
1885.03
1879.22
1873.54
1867.98
1862.56
1857.25
1852.08
1847.02
1842.08
1837.27
1832.56
1827.98
1823.5
1819.14
1814.89
1810.74
1806.7
1802.76
1798.92
1795.18
1791.53
1787.99
1784.53
1781.16
1777.88
1774.69
1771.58
1768.56
1765.61
1762.74
1759.95
1757.23
1754.58
1752
1749.49
1747.05
1744.67
1742.35
1740.09
1737.89
1735.74
1733.65
1731.61
1729.63
1727.69
1725.8
1723.96
1722.16
1720.4
1718.69
1717.01
1715.38
1713.78
1712.21
1710.68
1709.19
1707.72
1706.29
1704.88
1703.5
1702.15
1700.83
1699.53
1698.25
1697
1695.76
1694.55
1693.36
1692.19
1691.03
1689.89
1688.77
1687.67
1686.58
1685.5
1684.44
1683.39
1682.35
1681.32
1680.31
1679.3
1678.31
1677.32
1676.34
1675.37
1674.41
1673.46
1672.51
1671.57
1670.64
1669.71
1668.79
1667.88
1666.96
1666.06
1665.15
1664.26
1663.36
1662.47
1661.58
1660.7
1659.81
1658.93
1658.06
1657.18
1656.31
1655.44
1654.57
1653.7
1652.84
1651.97
1651.11
1650.25
1649.39
1648.53
1647.67
1646.81
1645.95
1645.09
1644.24
1643.38
1642.52
1641.67
1640.81
1639.96
1639.1
1638.25
1637.39
1636.54
1635.68
1634.82
1633.97
1633.11
1632.26
1631.4
1630.55
1629.69
1628.83
1627.98
1627.12
1626.26
1625.41
1624.55
1623.69
1622.83
1621.97
1621.11
1620.25
1619.39
1618.53
1617.67
1616.81
1615.95
1615.09
1614.23
1613.37
1612.51
1611.64
1610.78
1609.92
1609.06
1608.19
1607.33
1606.46
1605.6
1604.74
1603.87
1603.01
1602.14
1601.28
1600.41
1599.55
1598.68
1597.81
1596.95
1596.08
1595.22
1594.35
1593.48
1592.62
1591.75
1590.88
1590.02
1589.15
1588.28
1587.41
1586.55
1585.68
1584.81
1583.95
1583.08
1582.21
1581.35
1580.48
1579.61
1578.75
1577.88
1577.01
1576.15
1575.28
1574.42
1573.55
1572.69
1571.82
1570.96
1570.09
1569.23
1568.36
1567.5
1566.63
1565.77
1564.91
1564.04
1563.18
1562.32
1561.46
1560.6
1559.74
1558.87
1558.01
1557.15
1556.29
1555.44
1554.58
1553.72
1552.86
1552
1551.15
1550.29
1549.44
1548.58
1547.73
1546.87
1546.02
1545.17
1544.31
1543.46
1542.61
1541.76
1540.91
1540.06
1539.21
1538.36
1537.52
1536.67
1535.83
1534.98
1534.14
1533.29
1532.45
1531.61
1530.77
1529.93
1529.09
1528.25
1527.41
1526.57
1525.74
1524.9
1524.07
1523.24
1522.4
1521.57
1520.74
1519.91
1519.08
1518.25
1517.43
1516.6
1515.78
1514.95
1514.13
1513.31
1512.49
1511.67
1510.85
1510.03
1509.22
1508.4
1507.59
1506.77
1505.96
1505.15
1504.34
1503.53
1502.73
1501.92
1501.12
1500.31
1499.51
1498.71
1497.91
1497.11
1496.32
1495.52
1494.73
1493.93
1493.14
1492.35
1491.56
1490.77
1489.99
1489.2
1488.42
1487.64
1486.86
1486.08
1485.3
1484.52
1483.75
1482.97
1482.2
1481.43
1480.66
1479.89
1479.13
1478.36
1477.6
1476.84
1476.08
1475.32
1474.57
1473.81
1473.06
1472.31
1471.56
1470.81
1470.06
1469.32
1468.57
1467.83
1467.09
1466.35
1465.62
1464.88
1464.15
1463.42
1462.69
1461.96
1461.23
1460.51
1459.79
1459.07
1458.35
1457.63
1456.91
1456.2
1455.49
1454.78
1454.07
1453.37
1452.66
1451.96
1451.26
1450.56
1449.87
1449.17
1448.48
1447.79
1447.1
1446.42
1445.73
1445.05
1444.37
1443.69
1443.01
1442.34
1441.67
1441
1440.33
1439.66
1439
1438.34
1437.68
1437.02
1436.37
1435.71
1435.06
1434.41
1433.77
1433.12
1432.48
1431.84
1431.2
1430.57
1429.93
1429.3
1428.67
1428.04
1427.42
1426.8
1426.18
1425.56
1424.94
1424.33
1423.72
1423.11
1422.5
1421.9
1421.3
1420.7
1420.1
1419.51
1418.92
1418.33
1417.74
1417.15
1416.57
1415.99
1415.41
1414.84
1414.26
1413.69
1413.12
1412.56
1411.99
1411.43
1410.87
1410.32
1409.77
1409.21
1408.67
1408.12
1407.58
1407.04
1406.5
1405.96
1405.43
1404.9
1404.37
1403.84
1403.32
1402.8
1402.28
1401.76
1401.25
1400.74
1400.23
1399.73
1399.23
1398.73
1398.23
1397.73
1397.24
1396.75
1396.27
1395.78
1395.3
1394.82
1394.35
1393.87
1393.4
1392.93
1392.47
1392.01
1391.55
1391.09
1390.63
1390.18
1389.73
1389.29
1388.84
1388.4
1387.96
1387.53
1387.1
1386.67
1386.24
1385.81
1385.39
1384.97
1384.56
1384.15
1383.73
1383.33
1382.92
1382.52
1382.12
1381.72
1381.33
1380.94
1380.55
1380.17
1379.79
1379.41
1379.03
1378.66
1378.28
1377.92
1377.55
1377.19
1376.83
1376.47
1376.12
1375.77
1375.42
1375.08
1374.73
1374.39
1374.06
1373.72
1373.39
1373.07
1372.74
1372.42
1372.1
1371.78
1371.47
1371.16
1370.85
1370.55
1370.25
1369.95
1369.65
1369.36
1369.07
1368.78
1368.5
1368.22
1367.94
1367.67
1367.39
1367.12
1366.86
1366.59
1366.33
1366.08
1365.82
1365.57
1365.32
1365.08
1364.83
1364.59
1364.36
1364.12
1363.89
1363.66
1363.44
1363.22
1363
1362.78
1362.57
1362.36
1362.15
1361.95
1361.75
1361.55
1361.35
1361.16
1360.97
1360.79
1360.6
1360.42
1360.24
1360.07
1359.9
1359.73
1359.56
1359.4
1359.24
1359.09
1358.93
1358.78
1358.63
1358.49
1358.35
1358.21
1358.07
1357.94
1357.81
1357.68
1357.56
1357.44
1357.32
1357.2
1357.09
1356.98
1356.88
1356.77
1356.67
1356.57
1356.48
1356.39
1356.3
1356.21
1356.13
1356.05
1355.97
1355.9
1355.83
1355.76
1355.7
1355.63
1355.57
1355.52
1355.46
1355.41
1355.37
1355.32
1355.28
1355.24
1355.2
1355.17
1355.14
1355.11
1355.09
1355.07
1355.05
1355.03
1355.02
1355.01
1355
1355
1355
1355
1355
1355.01
1355.02
1355.03
1355.05
1355.06
1355.09
1355.11
1355.14
1355.17
1355.2
1355.23
1355.27
1355.31
1355.36
1355.4
1355.45
1355.5
1355.56
1355.61
1355.67
1355.74
1355.8
1355.87
1355.94
1356.02
1356.09
1356.17
1356.25
1356.34
1356.43
1356.52
1356.61
1356.71
1356.8
1356.9
1357.01
1357.11
1357.22
1357.33
1357.45
1357.57
1357.69
1357.81
1357.93
1358.06
1358.19
1358.32
1358.46
1358.6
1358.74
1358.88
1359.02
1359.17
1359.32
1359.48
1359.63
1359.79
1359.95
1360.11
1360.28
1360.45
1360.62
1360.79
1360.97
1361.15
1361.33
1361.51
1361.69
1361.88
1362.07
1362.27
1362.46
1362.66
1362.86
1363.06
1363.27
1363.47
1363.68
1363.9
1364.11
1364.33
1364.55
1364.77
1364.99
1365.22
1365.45
1365.68
1365.91
1366.14
1366.38
1366.62
1366.86
1367.11
1367.35
1367.6
1367.85
1368.11
1368.36
1368.62
1368.88
1369.14
1369.4
1369.67
1369.94
1370.21
1370.48
1370.76
1371.03
1371.31
1371.59
1371.87
1372.16
1372.45
1372.74
1373.03
1373.32
1373.61
1373.91
1374.21
1374.51
1374.81
1375.12
1375.43
1375.73
1376.05
1376.36
1376.67
1376.99
1377.31
1377.63
1377.95
1378.27
1378.6
1378.93
1379.25
1379.59
1379.92
1380.25
1380.59
1380.93
1381.27
1381.61
1381.95
1382.3
1382.64
1382.99
1383.34
1383.69
1384.05
1384.4
1384.76
1385.12
1385.48
1385.84
1386.2
1386.57
1386.93
1387.3
1387.67
1388.04
1388.41
1388.78
1389.16
1389.54
1389.91
1390.29
1390.67
1391.06
1391.44
1391.83
1392.21
1392.6
1392.99
1393.38
1393.77
1394.16
1394.56
1394.95
1395.35
1395.75
1396.15
1396.55
1396.95
1397.35
1397.76
1398.16
1398.57
1398.98
1399.39
1399.8
1400.21
1400.62
1401.03
1401.45
1401.86
1402.28
1402.7
1403.12
1403.54
1403.96
1404.38
1404.8
1405.22
1405.65
1406.07
1406.5
1406.93
1407.35
1407.78
1408.21
1408.64
1409.07
1409.51
1409.94
1410.37
1410.81
1411.24
1411.68
1412.11
1412.55
1412.99
1413.43
1413.87
1414.31
1414.75
1415.19
1415.63
1416.07
1416.52
1416.96
1417.4
1417.85
1418.29
1418.74
1419.18
1419.63
1420.08
1420.53
1420.97
1421.42
1421.87
1422.32
1422.77
1423.22
1423.67
1424.12
1424.57
1425.02
1425.47
1425.92
1426.37
1426.83
1427.28
1427.73
1428.18
1428.64
1429.09
1429.54
1430
1430.45
1430.9
1431.36
1431.81
1432.26
1432.72
1433.17
1433.62
1434.08
1434.53
1434.98
1435.44
1435.89
1436.34
1436.8
1437.25
1437.7
1438.15
1438.61
1439.06
1439.51
1439.96
1440.42
1440.87
1441.32
1441.77
1442.22
1442.67
1443.12
1443.57
1444.02
1444.47
1444.92
1445.36
1445.81
1446.26
1446.7
1447.15
1447.6
1448.04
1448.49
1448.93
1449.37
1449.82
1450.26
1450.7
1451.14
1451.58
1452.02
1452.46
1452.9
1453.34
1453.78
1454.21
1454.65
1455.08
1455.52
1455.95
1456.39
1456.82
1457.25
1457.68
1458.11
1458.54
1458.96
1459.39
1459.82
1460.24
1460.66
1461.09
1461.51
1461.93
1462.35
1462.77
1463.19
1463.6
1464.02
1464.43
1464.85
1465.26
1465.67
1466.08
1466.49
1466.9
1467.3
1467.71
1468.11
1468.52
1468.92
1469.32
1469.72
1470.11
1470.51
1470.91
1471.3
1471.69
1472.08
1472.47
1472.86
1473.25
1473.63
1474.01
1474.4
1474.78
1475.16
1475.53
1475.91
1476.28
1476.66
1477.03
1477.4
1477.77
1478.13
1478.5
1478.86
1479.22
1479.58
1479.94
1480.3
1480.65
1481.01
1481.36
1481.71
1482.05
1482.4
1482.74
1483.09
1483.43
1483.76
1484.1
1484.44
1484.77
1485.1
1485.43
1485.76
1486.08
1486.41
1486.73
1487.05
1487.36
1487.68
1487.99
1488.3
1488.61
1488.92
1489.23
1489.53
1489.83
1490.13
1490.42
1490.72
1491.01
1491.3
1491.59
1491.88
1492.16
1492.44
1492.72
1493
1493.27
1493.55
1493.82
1494.09
1494.35
1494.62
1494.88
1495.14
1495.39
1495.65
1495.9
1496.15
1496.4
1496.64
1496.89
1497.13
1497.37
1497.6
1497.84
1498.07
1498.3
1498.52
1498.75
1498.97
1499.19
1499.41
1499.62
1499.83
1500.04
1500.25
1500.46
1500.66
1500.86
1501.06
1501.25
1501.45
1501.64
1501.83
1502.01
1502.2
1502.38
1502.56
1502.73
1502.91
1503.08
1503.25
1503.42
1503.58
1503.75
1503.91
1504.07
1504.22
1504.38
1504.53
1504.68
1504.82
1504.97
1505.11
1505.25
1505.39
1505.53
1505.66
1505.79
1505.92
1506.05
1506.18
1506.3
1506.42
1506.54
1506.66
1506.78
1506.89
1507.01
1507.12
1507.23
1507.33
1507.44
1507.54
1507.65
1507.75
1507.85
1507.95
1508.04
1508.14
1508.23
1508.32
1508.42
1508.51
1508.6
1508.68
1508.77
1508.86
1508.94
1509.03
1509.11
1509.2
1509.28
1509.36
1509.44
1509.52
1509.6
1509.68
1509.77
1509.85
1509.93
1510.01
1510.09
1510.17
1510.25
1510.33
1510.41
1510.5
1510.58
1510.67
1510.75
1510.84
1510.93
1511.01
1511.11
1511.2
1511.29
1511.39
1511.48
1511.58
1511.69
1511.79
1511.9
1512
1512.12
1512.23
1512.35
1512.47
1512.59
1512.72
1512.85
1512.99
1513.13
1513.27
1513.42
1513.57
1513.72
1513.89
1514.05
1514.22
1514.4
1514.58
1514.77
1514.96
1515.16
1515.37
1515.58
1515.8
1516.03
1516.26
1516.5
1516.75
1517.01
1517.27
1517.54
1517.83
1518.12
1518.41
1518.72
1519.04
1519.37
1519.7
1520.05
1520.41
1520.77
1521.15
1521.54
1521.94
1522.36
1522.78
1523.22
1523.67
1524.13
1524.61
1525.09
1525.6
1526.11
1526.64
1527.19
1527.74
1528.32
1528.91
1529.51
1530.13
1530.77
1531.42
1532.09
1532.77
1533.48
1534.2
1534.93
1535.69
1536.46
1537.26
1538.07
1538.9
1539.75
1540.62
1541.51
1542.42
1543.35
1544.3
1545.27
1546.26
1547.28
1548.32
1549.38
1550.46
1551.56
1552.69
1553.84
1555.02
1556.21
1557.44
1558.68
1559.95
1561.25
1562.57
1563.92
1565.29
1566.68
1568.11
1569.56
1571.03
1572.53
1574.06
1575.62
1577.2
1578.81
1580.45
1582.11
1583.81
1585.53
1587.28
1589.05
1590.86
1592.69
1594.55
1596.44
1598.36
1600.31
1602.29
1604.3
1606.33
1608.4
1610.49
1612.62
1614.77
1616.95
1619.16
1621.4
1623.68
1625.97
1628.3
1630.66
1633.05
1635.46
1637.91
1640.38
1642.89
1645.42
1647.98
1650.57
1653.18
1655.83
1658.5
1661.2
1663.93
1666.68
1669.46
1672.27
1675.11
1677.97
1680.86
1683.77
1686.71
1689.67
1692.66
1695.67
1698.71
1701.77
1704.85
1707.96
1711.08
1714.23
1717.41
1720.6
1723.81
1727.04
1730.29
1733.56
1736.85
1740.16
1743.48
1746.82
1750.18
1753.55
1756.94
1760.34
1763.75
1767.18
1770.62
1774.07
1777.53
1781
1784.48
1787.97
1791.46
1794.96
1798.47
1801.99
1805.5
1809.02
1812.55
1816.07
1819.6
1823.13
1826.66
1830.18
1833.7
1837.22
1840.74
1844.25
1847.75
1851.24
1854.73
1858.21
1861.68
1865.13
1868.58
1872.01
1875.43
1878.83
1882.22
1885.58
1888.94
1892.27
1895.58
1898.87
1902.13
1905.38
1908.6
1911.79
1914.96
1918.1
1921.21
1924.29
1927.34
1930.36
1933.34
1936.29
1939.21
1942.09
1944.93
1947.74
1950.5
1953.23
1955.91
1958.55
1961.15
1963.71
1966.22
1968.68
1971.09
1973.46
1975.78
1978.04
1980.26
1982.42
1984.53
1986.59
1988.59
1990.54
1992.43
1994.26
1996.03
1997.74
1999.4
2000.99
2002.52
2003.99
2005.39
2006.73
2008
2009.21
2010.36
2011.43
2012.44
2013.38
2014.25
2015.05
2015.78
2016.44
2017.03
2017.55
2017.99
2018.36
2018.66
2018.88
2019.03
2019.1
2019.1
2019.03
2018.87
2018.64
2018.34
2017.96
2017.5
2016.96
2016.34
2015.65
2014.88
2014.03
2013.1
2012.1
2011.01
2009.85
2008.61
2007.29
2005.89
2004.41
2002.85
2001.22
1999.51
1997.72
1995.85
1993.9
1991.88
1989.77
1987.59
1985.34
1983.01
1980.6
1978.11
1975.55
1972.92
1970.21
1967.42
1964.56
1961.63
1958.63
1955.55
1952.4
1949.18
1945.89
1942.53
1939.1
1935.6
1932.03
1928.39
1924.69
1920.92
1917.09
1913.19
1909.22
1905.2
1901.11
1896.96
1892.74
1888.47
1884.14
1879.75
1875.31
1870.81
1866.25
1861.63
1856.97
1852.25
1847.48
1842.65
1837.78
1832.86
1827.89
1822.88
1817.81
1812.71
1807.56
1802.36
1797.13
1791.85
1786.53
1781.18
1775.79
1770.36
1764.89
1759.39
1753.86
1748.3
1742.7
1737.07
1731.42
1725.74
1720.03
1714.29
1708.53
1702.74
1696.94
1691.11
1685.26
1679.39
1673.5
1667.6
1661.68
1655.74
1649.79
1643.83
1637.85
1631.86
1625.87
1619.86
1613.85
1607.82
1601.8
1595.77
1589.73
1583.69
1577.65
1571.6
1565.56
1559.52
1553.48
1547.44
1541.4
1535.37
1529.34
1523.32
1517.31
1511.3
1505.31
1499.32
1493.34
1487.37
1481.42
1475.47
1469.54
1463.62
1457.72
1451.83
1445.96
1440.11
1434.27
1428.45
1422.65
1416.87
1411.1
1405.36
1399.64
1393.94
1388.26
1382.61
1376.98
1371.37
1365.79
1360.23
1354.69
1349.18
1343.7
1338.24
1332.81
1327.41
1322.03
1316.68
1311.36
1306.07
1300.81
1295.58
1290.37
1285.2
1280.05
1274.94
1269.85
1264.8
1259.78
1254.79
1249.82
1244.9
1240
1235.13
1230.3
1225.5
1220.73
1215.99
1211.28
1206.61
1201.97
1197.36
1192.78
1188.24
1183.72
1179.25
1174.8
1170.38
1166
1161.65
1157.34
1153.05
1148.8
1144.58
1140.39
1136.23
1132.11
1128.01
1123.95
1119.92
1115.92
1111.96
1108.02
1104.11
1100.24
1096.4
1092.58
1088.8
1085.05
1081.32
1077.63
1073.97
1070.33
1066.73
1063.15
1059.6
1056.08
1052.59
1049.13
1045.69
1042.29
1038.91
1035.55
1032.23
1028.93
1025.65
1022.41
1019.18
1015.99
1012.82
1009.67
1006.55
1003.45
1000.38
997.334
994.309
991.308
988.33
985.375
982.442
979.532
976.643
973.777
970.931
968.108
965.305
962.522
959.761
957.019
954.297
951.595
948.912
946.248
943.602
940.976
938.367
935.777
933.204
930.648
928.11
925.589
923.084
920.596
918.124
915.668
913.227
910.802
908.392
905.997
903.617
901.251
898.899
896.561
894.237
891.926
889.629
887.345
885.073
882.814
880.568
878.333
876.111
873.9
871.701
869.513
867.336
865.171
863.016
860.871
858.737
856.613
854.498
852.394
850.299
848.214
846.138
844.071
842.013
839.963
837.922
835.89
833.866
831.85
829.841
827.841
825.848
823.863
821.885
819.914
817.951
815.994
814.044
812.101
810.164
808.234
806.31
804.392
802.481
800.575
798.675
796.781
794.892
793.009
791.132
789.259
787.392
785.53
783.673
781.821
779.974
778.131
776.293
774.46
772.631
770.807
768.987
767.171
765.36
763.552
761.749
759.95
758.154
756.362
754.575
752.79
751.01
749.233
747.46
745.69
743.924
742.161
740.401
738.645
736.892
735.142
733.395
731.652
729.911
728.174
726.439
724.708
722.979
721.254
719.531
717.811
716.094
714.379
712.668
710.959
709.252
707.549
705.848
704.149
702.454
700.76
699.07
697.382
695.696
694.013
692.332
690.654
688.978
687.305
685.634
683.966
682.3
680.636
678.974
677.315
675.659
674.005
672.353
670.703
669.056
667.411
665.768
664.127
662.489
660.854
659.22
657.589
655.96
654.333
652.709
651.087
649.467
647.849
646.234
644.621
643.011
641.402
639.796
638.192
636.591
634.991
633.395
631.8
630.208
628.618
627.03
625.444
623.861
622.281
620.702
619.126
617.553
615.981
614.412
612.846
611.281
609.719
608.16
606.603
605.048
603.496
601.946
600.399
598.854
597.311
595.771
594.233
592.698
591.166
589.636
588.108
586.583
585.06
583.54
582.022
580.507
578.995
577.485
575.978
574.473
572.971
571.472
569.975
568.481
566.989
565.5
564.014
562.531
561.05
559.572
558.096
556.624
555.154
553.686
552.222
550.76
549.302
547.846
546.392
544.942
543.494
542.05
540.608
539.169
537.733
536.3
534.869
533.442
532.018
530.596
529.178
527.762
526.35
524.94
523.534
522.13
520.73
519.332
517.938
516.547
515.158
513.773
512.391
511.013
509.637
508.264
506.895
505.529
504.166
502.806
501.45
500.096
498.746
497.399
496.056
494.715
493.378
492.045
490.714
489.387
488.064
486.743
485.427
484.113
482.803
481.496
480.193
478.893
477.597
476.304
475.014
473.728
472.446
471.167
469.891
468.619
467.351
466.086
464.825
463.568
462.314
461.063
459.817
458.574
457.334
456.098
454.866
453.638
452.413
451.193
449.975
448.762
447.552
446.346
445.144
443.946
442.751
441.561
440.374
439.191
438.012
436.837
435.665
434.498
433.334
432.175
431.019
429.867
428.72
427.576
426.436
425.3
424.168
423.041
421.917
420.797
419.682
418.57
417.463
416.359
415.26
414.165
413.074
411.987
410.904
409.826
408.751
407.681
406.615
405.554
404.496
403.443
402.394
401.349
400.308
399.272
398.24
397.212
396.189
395.17
394.155
393.145
392.139
391.137
390.14
389.147
388.159
387.175
386.195
385.22
384.249
383.283
382.321
381.364
380.411
379.463
378.519
377.579
376.644
375.714
374.788
373.867
372.95
372.038
371.131
370.228
369.329
368.436
367.546
366.662
365.782
364.907
364.036
363.17
362.309
361.452
360.6
359.753
358.91
358.072
357.239
356.411
355.587
354.768
353.954
353.144
352.339
351.539
350.744
349.953
349.168
348.387
347.611
346.839
346.073
345.311
344.554
343.802
343.054
342.312
341.574
340.842
340.114
339.391
338.672
337.959
337.25
336.547
335.848
335.154
334.465
333.781
333.101
332.427
331.758
331.093
330.433
329.778
329.128
328.483
327.843
327.208
326.578
325.952
325.332
324.716
324.106
323.5
322.899
322.303
321.712
321.126
320.545
319.969
319.398
318.831
318.27
317.713
317.162
316.615
316.073
315.537
315.005
314.477
313.955
313.438
312.926
312.418
311.916
311.418
310.925
310.437
309.954
309.476
309.003
308.535
308.071
307.613
307.159
306.71
306.266
305.827
305.392
304.963
304.538
304.118
303.703
303.292
302.887
302.486
302.09
301.699
301.313
300.931
300.554
300.182
299.815
299.452
299.094
298.741
298.392
298.048
297.709
297.374
297.044
296.719
296.399
296.083
295.771
295.464
295.162
294.865
294.572
294.283
293.999
293.72
293.445
293.174
292.908
292.647
292.39
292.137
291.889
291.645
291.406
291.171
290.94
290.714
290.492
290.274
290.061
289.852
289.647
289.447
289.25
289.058
288.87
288.687
288.507
288.332
288.16
287.993
287.83
287.671
287.516
287.365
287.218
287.075
286.936
286.801
286.669
286.542
286.419
286.299
286.183
286.071
285.963
285.859
285.758
285.661
285.568
285.478
285.392
285.309
285.231
285.155
285.084
285.016
284.951
284.89
284.832
284.777
284.726
284.679
284.634
284.593
284.555
284.521
284.49
284.461
284.437
284.415
284.396
284.38
284.368
284.358
284.352
284.348
284.347
284.349
284.354
284.362
284.373
284.387
284.403
284.422
284.443
284.468
284.494
284.524
284.556
284.59
284.627
284.667
284.709
284.753
284.8
284.849
284.9
284.953
285.009
285.067
285.127
285.189
285.253
285.32
285.388
285.458
285.53
285.604
285.68
285.758
285.838
285.919
286.002
286.087
286.174
286.262
286.351
286.443
286.535
286.629
286.725
286.822
286.92
287.02
287.121
287.223
287.326
287.431
287.537
287.644
287.751
287.86
287.97
288.081
288.193
288.305
288.418
288.533
288.647
288.763
288.879
288.996
289.114
289.232
289.35
289.469
289.589
289.709
289.829
289.95
290.07
290.191
290.313
290.434
290.556
290.677
290.799
290.921
291.042
291.164
291.285
291.407
291.528
291.649
291.769
291.889
292.009
292.129
292.248
292.367
292.485
292.602
292.719
292.836
292.952
293.067
293.181
293.294
293.407
293.519
293.63
293.74
293.849
293.957
294.064
294.17
294.275
294.378
294.481
294.582
294.682
294.78
294.878
294.973
295.068
295.161
295.252
295.342
295.431
295.517
295.603
295.686
295.768
295.848
295.926
296.002
296.077
296.149
296.22
296.289
296.355
296.42
296.483
296.543
296.602
296.658
296.712
296.764
296.813
296.86
296.905
296.948
296.988
297.026
297.061
297.094
297.124
297.151
297.176
297.199
297.219
297.236
297.25
297.262
297.271
297.277
297.28
297.28
297.278
297.272
297.264
297.253
297.238
297.221
297.2
297.177
297.15
297.121
297.088
297.052
297.012
296.97
296.924
296.875
296.823
296.767
296.708
296.646
296.58
296.51
296.438
296.362
296.282
296.199
296.112
296.022
295.928
295.831
295.73
295.625
295.517
295.405
295.289
295.17
295.047
294.92
294.789
294.655
294.517
294.375
294.229
294.079
293.926
293.768
293.607
293.442
293.273
293.1
292.923
292.742
292.558
292.369
292.176
291.979
291.779
291.574
291.365
291.152
290.935
290.714
290.489
290.26
290.027
289.79
289.549
289.303
289.054
288.8
288.542
288.281
288.015
287.744
287.47
287.192
286.909
286.622
286.332
286.037
285.737
285.434
285.127
284.815
284.499
284.179
283.855
283.527
283.195
282.858
282.517
282.172
281.823
281.47
281.113
280.752
280.386
280.016
279.642
279.264
278.882
278.496
278.106
277.712
277.313
276.911
276.504
276.093
275.678
275.26
274.837
274.41
273.979
273.544
273.105
272.662
272.215
271.764
271.31
270.851
270.388
269.921
269.451
268.976
268.498
268.016
267.53
267.04
266.546
266.049
265.547
265.042
264.533
264.021
263.504
262.984
262.461
261.933
261.402
260.867
260.329
259.787
259.241
258.692
258.139
257.583
257.023
256.46
255.893
255.323
254.75
254.173
253.592
253.009
252.422
251.831
251.238
250.641
250.04
249.437
248.83
248.221
247.608
246.992
246.372
245.75
245.125
244.496
243.865
243.231
242.593
241.953
241.31
240.664
240.015
239.364
238.709
238.052
237.392
236.729
236.064
235.396
234.725
234.052
233.376
232.698
232.017
231.333
230.648
229.959
229.269
228.576
227.88
227.182
226.483
225.78
225.076
224.369
223.66
222.95
222.236
221.521
220.804
220.085
219.364
218.641
217.916
217.189
216.46
215.73
214.997
214.263
213.528
212.79
212.051
211.31
210.568
209.824
209.078
208.331
207.583
206.833
206.081
205.329
204.575
203.819
203.063
202.305
201.546
200.785
200.024
199.261
198.498
197.733
196.967
196.2
195.433
194.664
193.895
193.124
192.353
191.581
190.808
190.035
189.261
188.486
187.71
186.934
186.158
185.38
184.603
183.824
183.046
182.267
181.487
180.708
179.927
179.147
178.366
177.585
176.804
176.023
175.242
174.46
173.679
172.897
172.116
171.334
170.552
169.771
168.99
168.208
167.427
166.647
165.866
165.086
164.306
163.526
162.747
161.968
161.189
160.411
159.633
158.856
158.079
157.303
156.528
155.753
154.979
154.205
153.432
152.66
151.888
151.118
150.348
149.579
148.81
148.043
147.277
146.511
145.747
144.983
144.22
143.459
142.698
141.939
141.181
140.424
139.668
138.913
138.159
137.407
136.656
135.906
135.158
134.41
133.665
132.92
132.177
131.435
130.695
129.957
129.219
128.484
127.749
127.017
126.286
125.556
124.828
124.102
123.377
122.655
121.933
121.214
120.496
119.78
119.066
118.353
117.643
116.934
116.227
115.522
114.819
114.117
113.418
112.72
112.025
111.331
110.64
109.95
109.263
108.577
107.894
107.212
106.533
105.856
105.181
104.508
103.837
103.168
102.502
101.837
101.175
100.515
99.8577
99.2022
98.549
97.898
97.2493
96.6029
95.9588
95.317
94.6775
94.0403
93.4055
92.7731
92.143
91.5152
90.8899
90.2669
89.6464
89.0282
88.4125
87.7992
87.1883
86.5799
85.974
85.3705
84.7695
84.1709
83.5749
82.9813
82.3903
81.8017
81.2157
80.6322
80.0512
79.4728
78.8969
78.3235
77.7527
77.1844
76.6188
76.0556
75.4951
74.9371
74.3817
73.8289
73.2787
72.7311
72.1861
71.6436
71.1038
70.5666
70.032
69.5
68.9706
68.4439
67.9197
67.3982
66.8793
66.363
65.8493
65.3383
64.8299
64.3241
63.821
63.3205
62.8226
62.3274
61.8347
61.3448
60.8574
60.3727
59.8906
59.4111
58.9342
58.46
57.9884
57.5195
57.0531
56.5894
56.1283
55.6698
55.2139
54.7606
54.31
53.8619
53.4165
52.9736
52.5334
52.0957
51.6607
51.2282
50.7983
50.371
49.9463
49.5241
49.1045
48.6875
48.273
47.8611
47.4518
47.045
46.6407
46.239
45.8398
45.4431
45.0489
44.6573
44.2682
43.8815
43.4974
43.1158
42.7366
42.36
41.9858
41.614
41.2448
40.878
40.5136
40.1517
39.7922
39.4352
39.0805
38.7283
38.3785
38.0311
37.6861
37.3434
37.0032
36.6653
36.3298
35.9966
35.6658
35.3373
35.0111
34.6873
34.3658
34.0466
33.7296
33.415
33.1027
32.7926
32.4848
32.1792
31.8759
31.5749
31.276
30.9794
30.685
30.3928
30.1028
29.815
29.5293
29.2458
28.9645
28.6853
28.4083
28.1334
27.8606
27.5899
27.3213
27.0548
26.7904
26.5281
26.2678
26.0096
25.7534
25.4992
25.2471
24.997
24.7489
24.5028
24.2587
24.0165
23.7763
23.5381
23.3018
23.0674
22.835
22.6045
22.3759
22.1492
21.9243
21.7014
21.4803
21.261
21.0436
20.828
20.6143
20.4023
20.1922
19.9839
19.7773
19.5725
19.3695
19.1682
18.9687
18.7709
18.5748
18.3804
18.1878
17.9968
17.8075
17.6199
17.4339
17.2496
17.0669
16.8858
16.7064
16.5285
16.3523
16.1777
16.0046
15.8331
15.6632
15.4948
15.3279
15.1626
14.9988
14.8364
14.6756
14.5163
14.3585
14.2021
14.0472
13.8937
13.7416
13.591
13.4418
13.294
13.1476
13.0026
12.859
12.7167
12.5758
12.4363
12.2981
12.1612
12.0256
11.8914
11.7584
11.6267
11.4963
11.3672
11.2394
11.1128
10.9874
10.8633
10.7404
10.6187
10.4982
10.379
10.2609
10.1439
10.0282
9.91361
9.80017
9.68788
9.57671
9.46668
9.35775
9.24993
9.14321
9.03758
8.93303
8.82955
8.72713
8.62576
8.52544
8.42615
8.32789
8.23065
8.13443
8.0392
7.94497
7.85172
7.75945
7.66815
7.57781
7.48842
7.39997
7.31247
7.22589
7.14023
7.05548
6.97164
6.88869
6.80663
6.72545
6.64515
6.56571
6.48713
6.4094
6.33251
6.25645
6.18122
6.10682
6.03322
5.96043
5.88844
5.81723
5.74682
5.67717
5.6083
5.54019
5.47283
5.40622
5.34035
5.27521
5.21081
5.14712
5.08414
5.02187
4.9603
4.89943
4.83924
4.77973
4.7209
4.66273
4.60522
4.54837
4.49216
4.4366
4.38167
4.32737
4.27369
4.22063
4.16818
4.11634
4.06509
4.01444
3.96437
3.91489
3.86597
3.81763
3.76986
3.72264
3.67597
3.62985
3.58427
3.53922
3.49471
3.45072
3.40725
3.36429
3.32184
3.2799
3.23845
3.1975
3.15703
3.11705
3.07754
3.03851
2.99995
2.96184
2.9242
2.88701
2.85026
2.81396
2.7781
2.74267
2.70767
2.6731
2.63894
2.6052
2.57187
2.53895
2.50643
2.47431
2.44258
2.41124
2.38029
2.34971
2.31952
2.28969
2.26023
2.23114
2.20241
2.17403
2.146
2.11833
2.09099
2.064
2.03734
2.01102
1.98502
1.95935
1.934
1.90897
1.88425
1.85985
1.83575
1.81195
1.78846
1.76526
1.74235
1.71973
1.6974
1.67536
1.65359
1.6321
1.61088
1.58993
1.56925
1.54883
1.52868
1.50878
1.48914
1.46974
1.4506
1.4317
1.41305
1.39463
1.37645
1.35851
1.34079
1.32331
1.30605
1.28901
1.2722
1.2556
1.23922
1.22305
1.20709
1.19134
1.17579
1.16044
1.1453
1.13035
1.11559
1.10103
1.08666
1.07248
1.05848
1.04467
1.03104
1.01758
1.00431
0.991205
0.978274
0.965513
0.952921
0.940494
0.928231
0.916129
0.904188
0.892404
0.880775
0.8693
0.857977
0.846804
0.835779
0.8249
0.814165
0.803573
0.793121
0.782808
0.772631
0.76259
0.752683
0.742907
0.733262
0.723745
0.714354
0.705089
0.695948
0.686928
0.678028
0.669248
0.660584
0.652037
0.643603
0.635283
0.627073
0.618974
0.610983
0.603098
0.59532
0.587645
0.580073
0.572603
0.565233
0.557962
0.550788
0.54371
0.536728
0.529838
0.523042
0.516337
0.509721
0.503195
0.496756
0.490403
0.484136
0.477953
0.471853
0.465835
0.459898
0.454041
0.448262
0.442561
0.436936
0.431388
0.425913
0.420512
0.415184
0.409927
0.404741
0.399625
0.394577
0.389597
0.384684
0.379837
0.375055
0.370337
0.365683
0.361091
0.35656
0.352091
0.347681
0.34333
0.339038
0.334803
0.330625
0.326503
0.322436
0.318423
0.314464
0.310558
0.306705
0.302903
0.299151
0.29545
0.291798
0.288195
0.28464
0.281133
0.277672
0.274257
0.270888
0.267564
0.264284
0.261047
0.257854
0.254703
0.251593
0.248525
0.245498
0.242511
0.239563
0.236655
0.233785
0.230953
0.228158
0.2254
0.222679
0.219994
0.217344
0.214729
0.212148
0.209601
0.207088
0.204608
0.20216
0.199744
0.19736
0.195008
0.192686
0.190394
0.188132
0.1859
0.183697
0.181523
0.179377
0.177259
0.175168
0.173105
0.171068
0.169058
0.167073
0.165115
0.163182
0.161273
0.15939
0.15753
0.155695
0.153883
0.152094
0.150329
0.148586
0.146865
0.145166
0.143489
0.141834
0.140199
0.138586
0.136993
0.13542
0.133867
0.132334
0.13082
0.129325
0.12785
0.126393
0.124954
0.123533
0.122131
0.120746
0.119378
0.118027
0.116694
0.115377
0.114076
0.112792
0.111523
0.110271
0.109034
0.107812
0.106606
0.105414
0.104237
0.103075
0.101927
0.100793
0.099673
0.0985668
0.0974742
0.0963949
0.0953289
0.0942759
0.0932357
0.0922081
0.0911931
0.0901904
0.0891999
0.0882213
0.0872546
0.0862996
0.0853561
0.0844239
0.0835029
0.0825931
0.0816941
0.0808059
0.0799283
0.0790612
0.0782044
0.0773578
0.0765213
0.0756947
0.0748779
0.0740708
0.0732732
0.0724851
0.0717062
0.0709365
0.0701758
0.0694241
0.0686812
0.0679469
0.0672213
0.0665041
0.0657953
0.0650947
0.0644022
0.0637178
0.0630413
0.0623726
0.0617117
0.0610583
0.0604125
0.0597741
0.0591431
0.0585192
0.0579026
0.0572929
0.0566902
0.0560944
0.0555054
0.0549231
0.0543473
0.0537781
0.0532154
0.0526589
0.0521088
0.0515649
0.051027
0.0504953
0.0499695
0.0494495
0.0489354
0.0484271
0.0479244
0.0474273
0.0469357
0.0464496
0.0459689
0.0454935
0.0450233
0.0445584
0.0440986
0.0436438
0.0431941
0.0427493
0.0423093
0.0418742
0.0414439
0.0410182
0.0405972
0.0401808
0.0397689
0.0393615
0.0389585
0.0385599
0.0381656
0.0377756
0.0373897
0.0370081
0.0366305
0.036257
0.0358875
0.035522
0.0351604
0.0348027
0.0344487
0.0340986
0.0337522
0.0334095
0.0330705
0.032735
0.0324031
0.0320747
0.0317498
0.0314284
0.0311103
0.0307956
0.0304842
0.0301761
0.0298712
0.0295695
0.029271
0.0289757
0.0286834
0.0283941
0.0281079
0.0278247
0.0275445
0.0272671
0.0269927
0.0267211
0.0264523
0.0261863
0.0259231
0.0256626
0.0254047
0.0251496
0.0248971
0.0246472
0.0243998
0.0241551
0.0239128
0.023673
0.0234357
0.0232008
0.0229683
0.0227382
0.0225105
0.0222851
0.022062
0.0218412
0.0216226
0.0214063
0.0211921
0.0209801
0.0207703
0.0205627
0.0203571
0.0201536
0.0199522
0.0197528
0.0195555
0.0193601
0.0191667
0.0189753
0.0187858
0.0185982
0.0184125
0.0182286
0.0180467
0.0178665
0.0176882
0.0175117
0.0173369
0.0171639
0.0169926
0.016823
0.0166552
0.016489
0.0163245
0.0161616
0.0160004
0.0158407
0.0156827
0.0155262
0.0153713
0.015218
0.0150662
0.0149159
0.0147671
0.0146197
0.0144739
0.0143294
0.0141865
0.0140449
0.0139048
0.013766
0.0136286
0.0134926
0.0133579
0.0132246
0.0130926
0.0129619
0.0128325
0.0127044
0.0125775
0.0124519
0.0123276
0.0122044
0.0120825
0.0119618
0.0118423
0.011724
0.0116068
0.0114908
0.011376
0.0112622
0.0111496
0.0110381
0.0109277
0.0108184
0.0107102
0.010603
0.0104969
0.0103919
0.0102879
0.0101849
0.0100829
0.00998191
0.00988192
0.00978292
0.0096849
0.00958784
0.00949173
0.00939658
0.00930235
0.00920906
0.00911668
0.00902521
0.00893464
0.00884496
0.00875617
0.00866825
0.00858119
0.00849498
0.00840963
0.00832512
0.00824143
0.00815857
0.00807652
0.00799528
0.00791484
0.00783519
0.00775633
0.00767823
0.00760091
0.00752435
0.00744854
0.00737347
0.00729915
0.00722555
0.00715268
0.00708052
0.00700908
0.00693833
0.00686829
0.00679893
0.00673025
0.00666225
0.00659492
0.00652825
0.00646224
0.00639688
0.00633216
0.00626808
0.00620463
0.0061418
0.00607959
0.006018
0.00595701
0.00589662
0.00583683
0.00577763
0.00571901
0.00566096
0.0056035
0.00554659
0.00549025
0.00543446
0.00537923
0.00532454
0.00527039
0.00521677
0.00516368
0.00511112
0.00505908
0.00500755
0.00495652
0.00490601
0.00485599
0.00480647
0.00475743
0.00470888
0.00466082
0.00461322
0.0045661
0.00451945
0.00447325
0.00442752
0.00438223
0.0043374
0.00429301
0.00424906
0.00420554
0.00416246
0.0041198
0.00407757
0.00403576
0.00399436
0.00395337
0.00391279
0.00387261
0.00383283
0.00379345
0.00375446
0.00371586
0.00367764
0.0036398
0.00360233
0.00356524
0.00352852
0.00349217
0.00345618
0.00342054
0.00338526
0.00335034
0.00331576
0.00328152
0.00324763
0.00321408
0.00318086
0.00314797
0.00311542
0.00308318
0.00305127
0.00301968
0.00298841
0.00295745
0.00292679
0.00289645
0.00286641
0.00283667
0.00280723
0.00277808
0.00274923
0.00272066
0.00269238
0.00266439
0.00263668
0.00260924
0.00258208
0.0025552
0.00252858
0.00250223
0.00247615
0.00245033
0.00242477
0.00239947
0.00237442
0.00234963
0.00232508
0.00230078
0.00227673
0.00225292
0.00222935
0.00220602
0.00218293
0.00216006
0.00213743
0.00211503
0.00209286
0.00207091
0.00204918
0.00202767
0.00200638
0.0019853
0.00196444
0.0019438
0.00192336
0.00190312
0.0018831
0.00186327
0.00184365
0.00182423
0.00180501
0.00178598
0.00176714
0.0017485
0.00173004
0.00171178
0.0016937
0.0016758
0.00165809
0.00164056
0.0016232
0.00160603
0.00158903
0.0015722
0.00155555
0.00153906
0.00152275
0.0015066
0.00149062
0.0014748
0.00145914
0.00144364
0.0014283
0.00141312
0.0013981
0.00138323
0.00136851
0.00135394
0.00133952
0.00132525
0.00131113
0.00129715
0.00128332
0.00126963
0.00125608
0.00124267
0.0012294
0.00121626
0.00120326
0.0011904
0.00117767
0.00116506
0.00115259
0.00114025
0.00112804
0.00111595
0.00110399
0.00109215
0.00108043
0.00106883
0.00105736
0.001046
0.00103477
0.00102364
0.00101264
0.00100175
0.000990967
0.0009803
0.000969744
0.000959298
0.00094896
0.00093873
0.000928607
0.000918589
0.000908676
0.000898865
0.000889157
0.000879551
0.000870044
0.000860637
0.000851328
0.000842117
0.000833002
0.000823982
0.000815056
0.000806224
0.000797484
0.000788836
0.000780278
0.00077181
0.000763431
0.000755139
0.000746935
0.000738817
0.000730784
0.000722835
0.00071497
0.000707188
0.000699488
0.000691868
0.000684329
0.000676869
0.000669488
0.000662185
0.000654958
0.000647808
0.000640733
0.000633733
0.000626807
0.000619954
0.000613173
0.000606464
0.000599826
0.000593258
0.00058676
0.00058033
0.000573969
0.000567675
0.000561448
0.000555287
0.000549191
0.00054316
0.000537193
0.000531289
0.000525448
0.000519669
0.000513951
0.000508295
0.000502698
0.000497161
0.000491683
0.000486264
0.000480902
0.000475598
0.000470349
0.000465157
0.000460021
0.000454939
0.000449912
0.000444938
0.000440017
0.000435149
0.000430334
0.000425569
0.000420856
0.000416193
0.000411581
0.000407017
0.000402503
0.000398037
0.000393619
0.000389248
0.000384925
0.000380647
0.000376416
0.00037223
0.00036809
0.000363994
0.000359942
0.000355933
0.000351968
0.000348046
0.000344166
0.000340327
0.000336531
0.000332775
0.000329059
0.000325384
0.000321749
0.000318153
0.000314596
0.000311077
0.000307596
0.000304153
0.000300748
0.000297379
0.000294047
0.000290751
0.00028749
0.000284266
0.000281076
0.00027792
0.000274799
0.000271712
0.000268659
0.000265639
0.000262651
0.000259697
0.000256774
0.000253883
0.000251024
0.000248196
0.000245399
0.000242632
0.000239895
0.000237189
0.000234512
0.000231864
0.000229245
0.000226655
0.000224093
0.000221559
0.000219053
0.000216575
0.000214123
0.000211699
0.000209301
0.000206929
0.000204584
0.000202264
0.000199969
0.0001977
0.000195456
0.000193236
0.000191041
0.00018887
0.000186723
0.0001846
0.0001825
0.000180423
0.000178369
0.000176338
0.000174329
0.000172342
0.000170377
0.000168434
0.000166513
0.000164612
0.000162733
0.000160874
0.000159036
0.000157219
0.000155421
0.000153644
0.000151886
0.000150148
0.000148429
0.000146729
0.000145047
0.000143385
0.000141741
0.000140115
0.000138508
0.000136918
0.000135346
0.000133791
0.000132254
0.000130734
0.000129231
0.000127744
0.000126274
0.000124821
0.000123384
0.000121963
0.000120557
0.000119168
0.000117794
0.000116435
0.000115091
0.000113763
0.000112449
0.00011115
0.000109866
0.000108596
0.00010734
0.000106099
0.000104871
0.000103657
0.000102457
0.00010127
0.000100097
9.89365e-005
9.77892e-005
9.66549e-005
9.55333e-005
9.44244e-005
9.3328e-005
9.22439e-005
9.1172e-005
9.01122e-005
8.90644e-005
8.80284e-005
8.70041e-005
8.59913e-005
8.499e-005
8.4e-005
8.30212e-005
8.20535e-005
8.10967e-005
8.01507e-005
7.92154e-005
7.82908e-005
7.73766e-005
7.64728e-005
7.55792e-005
7.46957e-005
7.38223e-005
7.29588e-005
7.21051e-005
7.12611e-005
7.04267e-005
6.96017e-005
6.87862e-005
6.79799e-005
6.71828e-005
6.63948e-005
6.56157e-005
6.48455e-005
6.40841e-005
6.33314e-005
6.25872e-005
6.18516e-005
6.11243e-005
6.04054e-005
5.96946e-005
5.8992e-005
5.82974e-005
5.76108e-005
5.6932e-005
5.6261e-005
5.55976e-005
5.49419e-005
5.42936e-005
5.36528e-005
5.30193e-005
5.23931e-005
5.17741e-005
5.11622e-005
5.05573e-005
4.99594e-005
4.93683e-005
4.8784e-005
4.82064e-005
4.76355e-005
4.70712e-005
4.65133e-005
4.59619e-005
4.54168e-005
4.4878e-005
4.43454e-005
4.38189e-005
4.32985e-005
4.27842e-005
4.22757e-005
4.17731e-005
4.12764e-005
4.07854e-005
4.03e-005
3.98203e-005
3.93461e-005
3.88774e-005
3.84141e-005
3.79562e-005
3.75036e-005
3.70562e-005
3.66141e-005
3.6177e-005
3.5745e-005
3.53181e-005
3.48961e-005
3.4479e-005
3.40667e-005
3.36592e-005
3.32565e-005
3.28584e-005
3.2465e-005
3.20762e-005
3.16919e-005
3.1312e-005
3.09366e-005
3.05656e-005
3.01989e-005
2.98365e-005
2.94783e-005
2.91242e-005
2.87744e-005
2.84286e-005
2.80868e-005
2.7749e-005
2.74152e-005
2.70853e-005
2.67593e-005
2.6437e-005
2.61186e-005
2.58038e-005
2.54928e-005
2.51854e-005
2.48816e-005
2.45814e-005
2.42847e-005
2.39915e-005
2.37017e-005
2.34153e-005
2.31323e-005
2.28526e-005
2.25762e-005
2.23031e-005
2.20332e-005
2.17664e-005
2.15028e-005
2.12423e-005
2.09849e-005
2.07305e-005
2.04791e-005
2.02306e-005
1.99851e-005
1.97425e-005
1.95028e-005
1.92659e-005
1.90318e-005
1.88004e-005
1.85718e-005
1.8346e-005
1.81227e-005
1.79021e-005
1.76842e-005
1.74688e-005
1.7256e-005
1.70457e-005
1.68378e-005
1.66325e-005
1.64296e-005
1.62291e-005
1.60309e-005
1.58352e-005
1.56417e-005
1.54506e-005
1.52617e-005
1.50751e-005
1.48907e-005
1.47085e-005
1.45285e-005
1.43506e-005
1.41748e-005
1.40011e-005
1.38295e-005
1.366e-005
1.34924e-005
1.33269e-005
1.31634e-005
1.30018e-005
1.28421e-005
1.26843e-005
1.25284e-005
1.23744e-005
1.22223e-005
1.20719e-005
1.19234e-005
1.17766e-005
1.16316e-005
1.14884e-005
1.13468e-005
1.1207e-005
1.10688e-005
1.09323e-005
1.07974e-005
1.06641e-005
1.05325e-005
1.04024e-005
1.02739e-005
1.0147e-005
1.00215e-005
9.89761e-006
9.77518e-006
9.65423e-006
9.53473e-006
9.41668e-006
9.30005e-006
9.18482e-006
9.07099e-006
8.95853e-006
8.84743e-006
8.73767e-006
8.62924e-006
8.52212e-006
8.41629e-006
8.31174e-006
8.20846e-006
8.10643e-006
8.00564e-006
7.90606e-006
7.8077e-006
7.71052e-006
7.61452e-006
7.51969e-006
7.42601e-006
7.33346e-006
7.24204e-006
7.15173e-006
7.06252e-006
6.97439e-006
6.88734e-006
6.80134e-006
6.71639e-006
6.63247e-006
6.54957e-006
6.46769e-006
6.3868e-006
6.3069e-006
6.22797e-006
6.15e-006
6.07299e-006
5.99691e-006
5.92177e-006
5.84754e-006
5.77422e-006
5.7018e-006
5.63026e-006
5.55959e-006
5.48979e-006
5.42085e-006
5.35275e-006
5.28548e-006
5.21903e-006
5.15341e-006
5.08858e-006
5.02455e-006
4.96131e-006
4.89884e-006
4.83714e-006
4.77619e-006
4.716e-006
4.65654e-006
4.59782e-006
4.53982e-006
4.48253e-006
4.42594e-006
4.37006e-006
4.31486e-006
4.26034e-006
4.20649e-006
4.15331e-006
4.10078e-006
4.0489e-006
3.99766e-006
3.94705e-006
3.89707e-006
3.8477e-006
3.79894e-006
3.75079e-006
3.70323e-006
3.65626e-006
3.60987e-006
3.56406e-006
3.51881e-006
3.47412e-006
3.42999e-006
3.3864e-006
3.34336e-006
3.30084e-006
3.25886e-006
3.21739e-006
3.17644e-006
3.136e-006
3.09606e-006
3.05662e-006
3.01767e-006
2.9792e-006
2.94121e-006
2.90369e-006
2.86664e-006
2.83005e-006
2.79392e-006
2.75823e-006
2.72299e-006
2.6882e-006
2.65383e-006
2.61989e-006
2.58638e-006
2.55328e-006
2.5206e-006
2.48833e-006
2.45646e-006
2.42499e-006
2.39391e-006
2.36322e-006
2.33291e-006
2.30299e-006
2.27343e-006
2.24425e-006
2.21544e-006
2.18698e-006
2.15888e-006
2.13114e-006
2.10374e-006
2.07669e-006
2.04997e-006
2.02359e-006
1.99754e-006
1.97182e-006
1.94643e-006
1.92135e-006
1.89659e-006
1.87214e-006
1.84799e-006
1.82415e-006
1.80062e-006
1.77737e-006
1.75442e-006
1.73176e-006
1.70939e-006
1.6873e-006
1.66548e-006
1.64395e-006
1.62268e-006
1.60168e-006
1.58095e-006
1.56048e-006
1.54027e-006
1.52031e-006
1.50061e-006
1.48116e-006
1.46195e-006
1.44298e-006
1.42426e-006
1.40577e-006
1.38752e-006
1.3695e-006
1.35171e-006
1.33414e-006
1.3168e-006
1.29967e-006
1.28277e-006
1.26608e-006
1.2496e-006
1.23333e-006
1.21726e-006
1.20141e-006
1.18575e-006
1.17029e-006
1.15503e-006
1.13997e-006
1.12509e-006
1.11041e-006
1.09591e-006
1.0816e-006
1.06747e-006
1.05352e-006
1.03975e-006
1.02615e-006
1.01273e-006
9.99479e-007
9.86399e-007
9.73485e-007
9.60737e-007
9.48151e-007
9.35727e-007
9.23462e-007
9.11354e-007
8.99401e-007
8.87601e-007
8.75953e-007
8.64454e-007
8.53102e-007
8.41896e-007
8.30834e-007
8.19914e-007
8.09135e-007
7.98494e-007
7.87989e-007
7.7762e-007
7.67384e-007
7.57279e-007
7.47305e-007
7.37459e-007
7.2774e-007
7.18146e-007
7.08676e-007
6.99328e-007
6.901e-007
6.80991e-007
6.72e-007
6.63125e-007
6.54364e-007
6.45717e-007
6.37181e-007
6.28756e-007
6.20439e-007
6.12231e-007
6.04128e-007
5.9613e-007
5.88235e-007
5.80443e-007
5.72752e-007
5.6516e-007
5.57667e-007
5.50271e-007
5.42971e-007
5.35765e-007
5.28653e-007
5.21634e-007
5.14705e-007
5.07867e-007
5.01117e-007
4.94455e-007
4.8788e-007
4.8139e-007
4.74984e-007
4.68662e-007
4.62422e-007
4.56264e-007
4.50185e-007
4.44186e-007
4.38265e-007
4.32422e-007
4.26654e-007
4.20962e-007
4.15344e-007
4.09799e-007
4.04327e-007
3.98926e-007
3.93595e-007
3.88335e-007
3.83143e-007
3.78019e-007
3.72962e-007
3.67971e-007
3.63046e-007
3.58185e-007
3.53388e-007
3.48653e-007
3.43981e-007
3.3937e-007
3.34819e-007
3.30329e-007
3.25897e-007
3.21523e-007
3.17206e-007
3.12947e-007
3.08743e-007
3.04595e-007
3.00501e-007
2.96461e-007
2.92474e-007
2.88539e-007
2.84657e-007
2.80825e-007
2.77044e-007
2.73313e-007
2.69631e-007
2.65997e-007
2.62411e-007
2.58873e-007
2.55381e-007
2.51936e-007
2.48536e-007
2.45181e-007
2.4187e-007
2.38603e-007
2.35379e-007
2.32198e-007
2.29059e-007
2.25961e-007
2.22904e-007
2.19888e-007
2.16912e-007
2.13975e-007
2.11077e-007
2.08218e-007
2.05396e-007
2.02612e-007
1.99865e-007
1.97155e-007
1.9448e-007
1.91841e-007
1.89237e-007
1.86667e-007
1.84132e-007
1.8163e-007
1.79162e-007
1.76726e-007
1.74323e-007
1.71952e-007
1.69613e-007
1.67304e-007
1.65027e-007
1.62779e-007
1.60562e-007
1.58374e-007
1.56216e-007
1.54086e-007
1.51985e-007
1.49912e-007
1.47866e-007
1.45848e-007
1.43857e-007
1.41892e-007
1.39954e-007
1.38041e-007
1.36155e-007
1.34293e-007
1.32457e-007
1.30645e-007
1.28857e-007
1.27093e-007
1.25353e-007
1.23636e-007
1.21942e-007
1.20271e-007
1.18623e-007
1.16996e-007
1.15392e-007
1.13809e-007
1.12247e-007
1.10706e-007
1.09186e-007
1.07686e-007
1.06207e-007
1.04747e-007
1.03307e-007
1.01887e-007
1.00486e-007
9.91031e-008
9.77392e-008
9.63938e-008
9.50664e-008
9.3757e-008
9.24653e-008
9.1191e-008
8.99339e-008
8.86938e-008
8.74704e-008
8.62636e-008
8.50731e-008
8.38987e-008
8.27402e-008
8.15973e-008
8.047e-008
7.93578e-008
7.82608e-008
7.71786e-008
7.61111e-008
7.5058e-008
7.40193e-008
7.29946e-008
7.19838e-008
7.09867e-008
7.00032e-008
6.9033e-008
6.8076e-008
6.7132e-008
6.62009e-008
6.52824e-008
6.43764e-008
6.34827e-008
6.26011e-008
6.17316e-008
6.08739e-008
6.00279e-008
5.91934e-008
5.83703e-008
5.75584e-008
5.67576e-008
5.59677e-008
5.51886e-008
5.44201e-008
5.36621e-008
5.29145e-008
5.21771e-008
5.14497e-008
5.07323e-008
5.00247e-008
4.93267e-008
4.86384e-008
4.79594e-008
4.72897e-008
4.66292e-008
4.59778e-008
4.53352e-008
4.47015e-008
4.40765e-008
4.346e-008
4.2852e-008
4.22523e-008
4.16609e-008
4.10775e-008
4.05022e-008
3.99348e-008
3.93752e-008
3.88233e-008
3.82789e-008
3.77421e-008
3.72126e-008
3.66904e-008
3.61754e-008
3.56675e-008
3.51666e-008
3.46726e-008
3.41854e-008
3.37049e-008
3.3231e-008
3.27637e-008
3.23028e-008
3.18483e-008
3.14001e-008
3.0958e-008
3.0522e-008
3.00921e-008
2.96681e-008
2.925e-008
2.88376e-008
2.8431e-008
2.803e-008
2.76345e-008
2.72445e-008
2.68599e-008
2.64806e-008
2.61066e-008
2.57378e-008
2.5374e-008
2.50154e-008
2.46617e-008
2.43129e-008
2.39689e-008
2.36297e-008
2.32953e-008
2.29654e-008
2.26402e-008
2.23195e-008
2.20032e-008
2.16913e-008
2.13838e-008
2.10806e-008
2.07815e-008
2.04867e-008
2.01959e-008
1.99092e-008
1.96265e-008
1.93477e-008
1.90728e-008
1.88018e-008
1.85345e-008
1.8271e-008
1.80111e-008
1.77549e-008
1.75022e-008
1.72531e-008
1.70074e-008
1.67652e-008
1.65264e-008
1.62909e-008
1.60587e-008
1.58297e-008
1.5604e-008
1.53814e-008
1.5162e-008
1.49456e-008
1.47322e-008
1.45218e-008
1.43144e-008
1.41099e-008
1.39083e-008
1.37095e-008
1.35134e-008
1.33202e-008
1.31296e-008
1.29417e-008
1.27565e-008
1.25739e-008
1.23938e-008
1.22162e-008
1.20412e-008
1.18686e-008
1.16985e-008
1.15307e-008
1.13653e-008
1.12023e-008
1.10415e-008
1.0883e-008
1.07268e-008
1.05727e-008
1.04208e-008
1.02711e-008
1.01235e-008
9.97791e-009
9.83442e-009
9.69296e-009
9.5535e-009
9.416e-009
9.28046e-009
9.14682e-009
9.01508e-009
8.8852e-009
8.75716e-009
8.63094e-009
8.5065e-009
8.38382e-009
8.26288e-009
8.14365e-009
8.02612e-009
7.91025e-009
7.79602e-009
7.68342e-009
7.57241e-009
7.46298e-009
7.3551e-009
7.24876e-009
7.14392e-009
7.04058e-009
6.9387e-009
6.83828e-009
6.73928e-009
6.64169e-009
6.54549e-009
6.45065e-009
6.35717e-009
6.26502e-009
6.17418e-009
6.08464e-009
5.99637e-009
5.90936e-009
5.82359e-009
5.73905e-009
5.65571e-009
5.57356e-009
5.49258e-009
5.41276e-009
5.33408e-009
5.25652e-009
5.18008e-009
5.10472e-009
5.03044e-009
4.95723e-009
4.88506e-009
4.81393e-009
4.74381e-009
4.6747e-009
4.60657e-009
4.53943e-009
4.47324e-009
4.40801e-009
4.34371e-009
4.28033e-009
4.21786e-009
4.15629e-009
4.0956e-009
4.03578e-009
3.97682e-009
3.91871e-009
3.86143e-009
3.80498e-009
3.74933e-009
3.69449e-009
3.64044e-009
3.58716e-009
3.53465e-009
3.4829e-009
3.43189e-009
3.38162e-009
3.33207e-009
3.28323e-009
3.2351e-009
3.18766e-009
3.14091e-009
3.09483e-009
3.04941e-009
3.00466e-009
2.96054e-009
2.91707e-009
2.87422e-009
2.83199e-009
2.79037e-009
2.74935e-009
2.70893e-009
2.66909e-009
2.62983e-009
2.59113e-009
2.553e-009
2.51542e-009
2.47838e-009
2.44188e-009
2.4059e-009
2.37045e-009
2.33551e-009
2.30108e-009
2.26715e-009
2.23371e-009
2.20076e-009
2.16828e-009
2.13628e-009
2.10474e-009
2.07366e-009
2.04303e-009
2.01284e-009
1.9831e-009
1.95378e-009
1.9249e-009
1.89643e-009
1.86838e-009
1.84073e-009
1.81349e-009
1.78665e-009
1.7602e-009
1.73413e-009
1.70844e-009
1.68313e-009
1.65818e-009
1.6336e-009
1.60938e-009
1.58551e-009
1.56199e-009
1.53881e-009
1.51597e-009
1.49347e-009
1.47129e-009
1.44944e-009
1.42791e-009
1.40669e-009
1.38579e-009
1.36518e-009
1.34489e-009
1.32488e-009
1.30517e-009
1.28575e-009
1.26662e-009
1.24776e-009
1.22918e-009
1.21087e-009
1.19283e-009
1.17506e-009
1.15755e-009
1.14029e-009
1.12329e-009
1.10653e-009
1.09003e-009
1.07376e-009
1.05774e-009
1.04195e-009
1.02639e-009
1.01106e-009
9.95954e-010
9.81072e-010
9.66409e-010
9.51962e-010
9.37728e-010
9.23703e-010
9.09885e-010
8.96271e-010
8.82857e-010
8.69641e-010
8.56619e-010
8.4379e-010
8.3115e-010
8.18697e-010
8.06427e-010
7.94339e-010
7.82429e-010
7.70695e-010
7.59134e-010
7.47744e-010
7.36523e-010
7.25467e-010
7.14575e-010
7.03844e-010
6.93271e-010
6.82856e-010
6.72594e-010
6.62484e-010
6.52524e-010
6.42712e-010
6.33045e-010
6.23521e-010
6.14139e-010
6.04895e-010
5.95789e-010
5.86818e-010
5.7798e-010
5.69273e-010
5.60695e-010
5.52245e-010
5.4392e-010
5.35719e-010
5.27639e-010
5.1968e-010
5.11839e-010
5.04115e-010
4.96506e-010
4.8901e-010
4.81625e-010
4.7435e-010
4.67184e-010
4.60124e-010
4.5317e-010
4.46319e-010
4.3957e-010
4.32922e-010
4.26373e-010
4.19922e-010
4.13567e-010
4.07306e-010
4.01139e-010
3.95065e-010
3.8908e-010
3.83186e-010
3.77379e-010
3.71659e-010
3.66025e-010
3.60474e-010
3.55007e-010
3.49622e-010
3.44317e-010
3.39091e-010
3.33944e-010
3.28874e-010
3.23879e-010
3.1896e-010
3.14114e-010
3.09341e-010
3.04639e-010
3.00008e-010
2.95446e-010
2.90952e-010
2.86526e-010
2.82167e-010
2.77873e-010
2.73643e-010
2.69477e-010
2.65373e-010
2.61331e-010
2.5735e-010
2.53429e-010
2.49566e-010
2.45762e-010
2.42015e-010
2.38324e-010
2.34689e-010
2.31108e-010
2.27582e-010
2.24108e-010
2.20687e-010
2.17317e-010
2.13998e-010
2.10729e-010
2.07509e-010
2.04338e-010
2.01215e-010
1.98139e-010
1.95109e-010
1.92125e-010
1.89186e-010
1.86291e-010
1.83441e-010
1.80633e-010
1.77867e-010
1.75144e-010
1.72461e-010
1.69819e-010
1.67217e-010
1.64654e-010
1.62131e-010
1.59645e-010
1.57197e-010
1.54786e-010
1.52411e-010
1.50073e-010
1.4777e-010
1.45501e-010
1.43268e-010
1.41068e-010
1.38901e-010
1.36767e-010
1.34666e-010
1.32596e-010
1.30558e-010
1.28551e-010
1.26574e-010
1.24627e-010
1.2271e-010
1.20822e-010
1.18963e-010
1.17132e-010
1.15329e-010
1.13553e-010
1.11804e-010
1.10082e-010
1.08386e-010
1.06715e-010
1.05071e-010
1.03451e-010
1.01856e-010
1.00285e-010
9.87382e-011
9.72149e-011
9.57148e-011
9.42376e-011
9.27829e-011
9.13504e-011
8.99397e-011
8.85506e-011
8.71827e-011
8.58356e-011
8.45091e-011
8.32029e-011
8.19166e-011
8.06499e-011
7.94026e-011
7.81744e-011
7.6965e-011
7.5774e-011
7.46012e-011
7.34464e-011
7.23093e-011
7.11895e-011
7.00869e-011
6.90012e-011
6.79321e-011
6.68793e-011
6.58427e-011
6.4822e-011
6.38169e-011
6.28272e-011
6.18527e-011
6.08931e-011
5.99483e-011
5.90179e-011
5.81018e-011
5.71998e-011
5.63116e-011
5.5437e-011
5.45759e-011
5.3728e-011
5.28931e-011
5.20711e-011
5.12617e-011
5.04647e-011
4.968e-011
4.89073e-011
4.81466e-011
4.73975e-011
4.666e-011
4.59338e-011
4.52187e-011
4.45147e-011
4.38216e-011
4.31391e-011
4.24671e-011
4.18055e-011
4.1154e-011
4.05126e-011
3.98811e-011
3.92594e-011
3.86472e-011
3.80445e-011
3.7451e-011
3.68668e-011
3.62915e-011
3.57251e-011
3.51675e-011
3.46185e-011
3.40779e-011
3.35458e-011
3.30218e-011
3.25059e-011
3.1998e-011
3.1498e-011
3.10057e-011
3.0521e-011
3.00438e-011
2.9574e-011
2.91114e-011
2.86561e-011
2.82077e-011
2.77664e-011
2.73318e-011
2.6904e-011
2.64828e-011
2.60681e-011
2.56599e-011
2.5258e-011
2.48623e-011
2.44728e-011
2.40893e-011
2.37117e-011
2.334e-011
2.29741e-011
2.26139e-011
2.22592e-011
2.19101e-011
2.15664e-011
2.1228e-011
2.08949e-011
2.05669e-011
2.02441e-011
1.99262e-011
1.96134e-011
1.93053e-011
1.90021e-011
1.87036e-011
1.84097e-011
1.81204e-011
1.78356e-011
1.75553e-011
1.72793e-011
1.70076e-011
1.67401e-011
1.64768e-011
1.62176e-011
1.59625e-011
1.57113e-011
1.5464e-011
1.52206e-011
1.4981e-011
1.47452e-011
1.4513e-011
1.42844e-011
1.40594e-011
1.38379e-011
1.36199e-011
1.34052e-011
1.3194e-011
1.2986e-011
1.27813e-011
1.25797e-011
1.23814e-011
1.21861e-011
1.19939e-011
1.18046e-011
1.16184e-011
1.1435e-011
1.12546e-011
1.10769e-011
1.0902e-011
1.07299e-011
1.05604e-011
1.03937e-011
1.02295e-011
1.00679e-011
9.9088e-012
9.75222e-012
9.59809e-012
9.44638e-012
9.29704e-012
9.15005e-012
9.00536e-012
8.86294e-012
8.72275e-012
8.58477e-012
8.44895e-012
8.31526e-012
8.18367e-012
8.05414e-012
7.92665e-012
7.80116e-012
7.67764e-012
7.55606e-012
7.43639e-012
7.3186e-012
7.20266e-012
7.08855e-012
6.97623e-012
6.86567e-012
6.75686e-012
6.64975e-012
6.54433e-012
6.44057e-012
6.33844e-012
6.23792e-012
6.13898e-012
6.0416e-012
5.94575e-012
5.85141e-012
5.75855e-012
5.66716e-012
5.57721e-012
5.48868e-012
5.40154e-012
5.31577e-012
5.23136e-012
5.14828e-012
5.0665e-012
4.98602e-012
4.90681e-012
4.82884e-012
4.75211e-012
4.67659e-012
4.60226e-012
4.5291e-012
4.4571e-012
4.38623e-012
4.31648e-012
4.24784e-012
4.18028e-012
4.11378e-012
4.04834e-012
3.98393e-012
3.92054e-012
3.85815e-012
3.79675e-012
3.73632e-012
3.67684e-012
3.6183e-012
3.5607e-012
3.504e-012
3.4482e-012
3.39328e-012
3.33923e-012
3.28604e-012
3.23368e-012
3.18216e-012
3.13145e-012
3.08155e-012
3.03244e-012
2.9841e-012
2.93653e-012
2.88972e-012
2.84364e-012
2.7983e-012
2.75368e-012
2.70976e-012
2.66654e-012
2.624e-012
2.58214e-012
2.54095e-012
2.5004e-012
2.4605e-012
2.42124e-012
2.38259e-012
2.34456e-012
2.30714e-012
2.2703e-012
2.23406e-012
2.19838e-012
2.16328e-012
2.12873e-012
2.09473e-012
2.06127e-012
2.02834e-012
1.99594e-012
1.96405e-012
1.93267e-012
1.90179e-012
1.87139e-012
1.84149e-012
1.81205e-012
1.78309e-012
1.75458e-012
1.72653e-012
1.69893e-012
1.67176e-012
1.64503e-012
1.61872e-012
1.59283e-012
1.56735e-012
1.54228e-012
1.51761e-012
1.49333e-012
1.46944e-012
1.44593e-012
1.42279e-012
1.40002e-012
1.37762e-012
1.35557e-012
1.33387e-012
1.31252e-012
1.29151e-012
1.27083e-012
1.25048e-012
1.23046e-012
1.21076e-012
1.19137e-012
1.17229e-012
1.15351e-012
1.13504e-012
1.11686e-012
1.09897e-012
1.08136e-012
1.06404e-012
1.04699e-012
1.03021e-012
1.01371e-012
9.97462e-013
9.81477e-013
9.65747e-013
9.50269e-013
9.35037e-013
9.20049e-013
9.05301e-013
8.90788e-013
8.76507e-013
8.62454e-013
8.48626e-013
8.35019e-013
8.21629e-013
8.08453e-013
7.95488e-013
7.8273e-013
7.70177e-013
7.57824e-013
7.45668e-013
7.33707e-013
7.21937e-013
7.10356e-013
6.9896e-013
6.87746e-013
6.76711e-013
6.65853e-013
6.55169e-013
6.44656e-013
6.34311e-013
6.24132e-013
6.14115e-013
6.04259e-013
5.94561e-013
5.85018e-013
5.75628e-013
5.66389e-013
5.57297e-013
5.48351e-013
5.39548e-013
5.30886e-013
5.22363e-013
5.13977e-013
5.05725e-013
4.97605e-013
4.89615e-013
4.81753e-013
4.74018e-013
4.66406e-013
4.58916e-013
4.51546e-013
4.44295e-013
4.3716e-013
4.30139e-013
4.23231e-013
4.16433e-013
4.09745e-013
4.03164e-013
3.96688e-013
3.90316e-013
3.84047e-013
3.77878e-013
3.71808e-013
3.65835e-013
3.59958e-013
3.54176e-013
3.48486e-013
3.42888e-013
3.37379e-013
3.31959e-013
3.26626e-013
3.21378e-013
3.16215e-013
3.11134e-013
3.06136e-013
3.01217e-013
2.96377e-013
2.91615e-013
2.8693e-013
2.8232e-013
2.77784e-013
2.7332e-013
2.68929e-013
2.64607e-013
2.60356e-013
2.56172e-013
2.52056e-013
2.48006e-013
2.44021e-013
2.401e-013
2.36242e-013
2.32446e-013
2.28711e-013
2.25036e-013
2.2142e-013
2.17862e-013
2.14361e-013
2.10917e-013
2.07528e-013
2.04193e-013
2.00912e-013
1.97684e-013
1.94507e-013
1.91382e-013
1.88307e-013
1.85281e-013
1.82304e-013
1.79375e-013
1.76493e-013
1.73657e-013
1.70867e-013
1.68122e-013
1.65421e-013
1.62763e-013
1.60148e-013
1.57575e-013
1.55044e-013
1.52553e-013
1.50102e-013
1.47691e-013
1.45318e-013
1.42984e-013
1.40687e-013
1.38427e-013
1.36203e-013
1.34016e-013
1.31863e-013
1.29745e-013
1.27661e-013
1.25611e-013
1.23593e-013
1.21608e-013
1.19655e-013
1.17733e-013
1.15843e-013
1.13982e-013
1.12152e-013
1.10351e-013
1.08579e-013
1.06835e-013
1.0512e-013
1.03432e-013
1.01772e-013
1.00138e-013
9.85299e-014
9.69481e-014
9.53917e-014
9.38604e-014
9.23537e-014
9.08713e-014
8.94127e-014
8.79776e-014
8.65655e-014
8.51762e-014
8.38092e-014
8.24642e-014
8.11409e-014
7.98388e-014
7.85577e-014
7.72973e-014
7.6057e-014
7.48368e-014
7.36361e-014
7.24548e-014
7.12925e-014
7.01489e-014
6.90237e-014
6.79166e-014
6.68273e-014
6.57555e-014
6.4701e-014
6.36634e-014
6.26425e-014
6.16381e-014
6.06498e-014
5.96774e-014
5.87206e-014
5.77792e-014
5.6853e-014
5.59417e-014
5.5045e-014
5.41628e-014
5.32947e-014
5.24406e-014
5.16002e-014
5.07734e-014
4.99599e-014
4.91594e-014
4.83718e-014
4.75969e-014
4.68344e-014
4.60842e-014
4.53461e-014
4.46198e-014
4.39052e-014
4.32021e-014
4.25103e-014
4.18296e-014
4.11599e-014
4.05009e-014
3.98526e-014
3.92146e-014
3.85869e-014
3.79693e-014
3.73617e-014
3.67638e-014
3.61755e-014
3.55966e-014
3.50271e-014
3.44667e-014
3.39153e-014
3.33728e-014
3.2839e-014
3.23138e-014
3.1797e-014
3.12886e-014
3.07883e-014
3.0296e-014
2.98116e-014
2.93351e-014
2.88661e-014
2.84047e-014
2.79508e-014
2.75041e-014
2.70646e-014
2.66321e-014
2.62066e-014
2.57879e-014
2.5376e-014
2.49707e-014
2.45718e-014
2.41794e-014
2.37933e-014
2.34134e-014
2.30395e-014
2.26717e-014
2.23098e-014
2.19537e-014
2.16033e-014
2.12585e-014
2.09193e-014
2.05855e-014
2.0257e-014
1.99339e-014
1.96159e-014
1.9303e-014
1.89951e-014
1.86922e-014
1.83941e-014
1.81009e-014
1.78123e-014
1.75283e-014
1.72489e-014
1.6974e-014
1.67035e-014
1.64373e-014
1.61754e-014
1.59177e-014
1.56641e-014
1.54146e-014
1.51691e-014
1.49275e-014
1.46898e-014
1.44559e-014
1.42258e-014
1.39993e-014
1.37765e-014
1.35572e-014
1.33415e-014
1.31292e-014
1.29203e-014
1.27147e-014
1.25124e-014
1.23134e-014
1.21176e-014
1.19249e-014
1.17353e-014
1.15487e-014
1.13651e-014
1.11844e-014
1.10067e-014
1.08318e-014
1.06596e-014
1.04903e-014
1.03236e-014
1.01596e-014
9.99825e-015
9.83947e-015
9.68322e-015
9.52947e-015
9.37818e-015
9.2293e-015
9.08281e-015
8.93866e-015
8.79681e-015
8.65723e-015
8.51988e-015
8.38473e-015
8.25173e-015
8.12086e-015
7.99208e-015
7.86536e-015
7.74066e-015
7.61795e-015
7.49721e-015
7.37839e-015
7.26146e-015
7.14641e-015
7.03319e-015
6.92177e-015
6.81214e-015
6.70426e-015
6.59809e-015
6.49362e-015
6.39082e-015
6.28966e-015
6.19011e-015
6.09215e-015
5.99575e-015
5.90088e-015
5.80753e-015
5.71567e-015
5.62527e-015
5.53632e-015
5.44878e-015
5.36263e-015
5.27786e-015
5.19444e-015
5.11235e-015
5.03156e-015
4.95206e-015
4.87383e-015
4.79685e-015
4.72108e-015
4.64653e-015
4.57316e-015
4.50096e-015
4.42991e-015
4.35999e-015
4.29118e-015
4.22347e-015
4.15683e-015
4.09126e-015
4.02672e-015
3.96321e-015
3.90072e-015
3.83921e-015
3.77869e-015
3.71912e-015
3.6605e-015
3.60282e-015
3.54605e-015
3.49018e-015
3.4352e-015
3.38109e-015
3.32784e-015
3.27544e-015
3.22387e-015
3.17312e-015
3.12317e-015
3.07402e-015
3.02564e-015
2.97804e-015
2.93119e-015
2.88508e-015
2.8397e-015
2.79505e-015
2.7511e-015
2.70785e-015
2.66528e-015
2.62339e-015
2.58216e-015
2.54159e-015
2.50166e-015
2.46236e-015
2.42368e-015
2.38562e-015
2.34816e-015
2.31129e-015
2.27501e-015
2.2393e-015
2.20416e-015
2.16957e-015
2.13553e-015
2.10203e-015
2.06906e-015
2.03661e-015
2.00467e-015
1.97324e-015
1.94231e-015
1.91186e-015
1.8819e-015
1.85241e-015
1.82338e-015
1.79482e-015
1.7667e-015
1.73903e-015
1.7118e-015
1.685e-015
1.65862e-015
1.63265e-015
1.6071e-015
1.58195e-015
1.5572e-015
1.53284e-015
1.50886e-015
1.48526e-015
1.46203e-015
1.43917e-015
1.41667e-015
1.39452e-015
1.37273e-015
1.35128e-015
1.33016e-015
1.30938e-015
1.28893e-015
1.26879e-015
1.24898e-015
1.22948e-015
1.21028e-015
1.19139e-015
1.17279e-015
1.15449e-015
1.13647e-015
1.11874e-015
1.10129e-015
1.08411e-015
1.0672e-015
1.05056e-015
1.03418e-015
1.01806e-015
1.00219e-015
9.86569e-016
9.71195e-016
9.56063e-016
9.41168e-016
9.26508e-016
9.12077e-016
8.97874e-016
8.83893e-016
8.70132e-016
8.56587e-016
8.43255e-016
8.30132e-016
8.17215e-016
8.045e-016
7.91985e-016
7.79667e-016
7.67541e-016
7.55606e-016
7.43858e-016
7.32294e-016
7.20912e-016
7.09708e-016
6.98679e-016
6.87823e-016
6.77137e-016
6.66619e-016
6.56266e-016
6.46074e-016
6.36042e-016
6.26168e-016
6.16447e-016
6.06879e-016
5.97461e-016
5.8819e-016
5.79064e-016
5.70081e-016
5.61238e-016
5.52534e-016
5.43966e-016
5.35531e-016
5.27229e-016
5.19056e-016
5.11011e-016
5.03092e-016
4.95296e-016
4.87623e-016
4.80069e-016
4.72633e-016
4.65313e-016
4.58107e-016
4.51014e-016
4.44032e-016
4.37158e-016
4.30392e-016
4.23731e-016
4.17174e-016
4.1072e-016
4.04366e-016
3.98111e-016
3.91954e-016
3.85893e-016
3.79926e-016
3.74052e-016
3.6827e-016
3.62577e-016
3.56974e-016
3.51458e-016
3.46027e-016
3.40681e-016
3.35419e-016
3.30238e-016
3.25138e-016
3.20117e-016
3.15174e-016
3.10309e-016
3.05519e-016
3.00803e-016
2.96161e-016
2.91591e-016
2.87092e-016
2.82663e-016
2.78303e-016
2.7401e-016
2.69784e-016
2.65624e-016
2.61529e-016
2.57497e-016
2.53528e-016
2.4962e-016
2.45773e-016
2.41986e-016
2.38257e-016
2.34586e-016
2.30973e-016
2.27415e-016
2.23913e-016
2.20465e-016
2.1707e-016
2.13728e-016
2.10438e-016
2.07199e-016
2.0401e-016
2.0087e-016
1.97779e-016
1.94736e-016
1.9174e-016
1.88791e-016
1.85887e-016
1.83028e-016
1.80213e-016
1.77442e-016
1.74714e-016
1.72029e-016
1.69384e-016
1.66781e-016
1.64218e-016
1.61694e-016
1.5921e-016
1.56764e-016
1.54355e-016
1.51985e-016
1.4965e-016
1.47352e-016
1.45089e-016
1.42861e-016
1.40668e-016
1.38509e-016
1.36383e-016
1.34289e-016
1.32228e-016
1.30199e-016
1.28202e-016
1.26235e-016
1.24298e-016
1.22391e-016
1.20514e-016
1.18666e-016
1.16846e-016
1.15054e-016
1.1329e-016
1.11553e-016
1.09843e-016
1.0816e-016
1.06502e-016
1.0487e-016
1.03263e-016
1.0168e-016
1.00122e-016
9.85885e-017
9.70782e-017
9.55912e-017
9.41271e-017
9.26856e-017
9.12662e-017
8.98687e-017
8.84927e-017
8.71379e-017
8.5804e-017
8.44905e-017
8.31973e-017
8.1924e-017
8.06703e-017
7.94358e-017
7.82204e-017
7.70236e-017
7.58453e-017
7.4685e-017
7.35426e-017
7.24178e-017
7.13102e-017
7.02197e-017
6.91459e-017
6.80886e-017
6.70476e-017
6.60226e-017
6.50133e-017
6.40195e-017
6.30409e-017
6.20774e-017
6.11287e-017
6.01946e-017
5.92748e-017
5.83691e-017
5.74773e-017
5.65992e-017
5.57346e-017
5.48832e-017
5.40449e-017
5.32195e-017
5.24067e-017
5.16064e-017
5.08183e-017
5.00424e-017
4.92783e-017
4.85259e-017
4.77851e-017
4.70557e-017
4.63374e-017
4.56301e-017
4.49337e-017
4.42479e-017
4.35726e-017
4.29077e-017
4.2253e-017
4.16083e-017
4.09735e-017
4.03483e-017
3.97328e-017
3.91267e-017
3.85299e-017
3.79422e-017
3.73635e-017
3.67936e-017
3.62325e-017
3.56799e-017
3.51359e-017
3.46001e-017
3.40725e-017
3.3553e-017
3.30415e-017
3.25378e-017
3.20417e-017
3.15533e-017
3.10723e-017
3.05987e-017
3.01323e-017
2.96731e-017
2.92209e-017
2.87756e-017
2.8337e-017
2.79052e-017
2.748e-017
2.70613e-017
2.6649e-017
2.6243e-017
2.58432e-017
2.54495e-017
2.50618e-017
2.468e-017
2.43041e-017
2.39338e-017
2.35693e-017
2.32103e-017
2.28568e-017
2.25087e-017
2.21659e-017
2.18283e-017
2.14959e-017
2.11686e-017
2.08463e-017
2.05288e-017
2.02162e-017
1.99084e-017
1.96053e-017
1.93068e-017
1.90129e-017
1.87234e-017
1.84384e-017
1.81577e-017
1.78813e-017
1.76091e-017
1.7341e-017
1.70771e-017
1.68172e-017
1.65612e-017
1.63091e-017
1.60609e-017
1.58164e-017
1.55757e-017
1.53387e-017
1.51052e-017
1.48753e-017
1.4649e-017
1.4426e-017
1.42065e-017
1.39903e-017
1.37774e-017
1.35678e-017
1.33613e-017
1.3158e-017
1.29578e-017
1.27606e-017
1.25665e-017
1.23753e-017
1.2187e-017
1.20015e-017
1.18189e-017
1.16391e-017
1.1462e-017
1.12877e-017
1.11159e-017
1.09468e-017
1.07803e-017
1.06162e-017
1.04547e-017
1.02957e-017
1.0139e-017
9.98479e-018
9.83289e-018
9.6833e-018
9.53599e-018
9.39092e-018
9.24805e-018
9.10736e-018
8.96881e-018
8.83237e-018
8.698e-018
8.56568e-018
8.43537e-018
8.30704e-018
8.18067e-018
8.05622e-018
7.93366e-018
7.81296e-018
7.6941e-018
7.57705e-018
7.46178e-018
7.34826e-018
7.23647e-018
7.12638e-018
7.01796e-018
6.9112e-018
6.80605e-018
6.7025e-018
6.60053e-018
6.50011e-018
6.40122e-018
6.30383e-018
6.20792e-018
6.11347e-018
6.02045e-018
5.92885e-018
5.83864e-018
5.74981e-018
5.66232e-018
5.57616e-018
5.49132e-018
5.40776e-018
5.32547e-018
5.24444e-018
5.16463e-018
5.08604e-018
5.00864e-018
4.93242e-018
4.85736e-018
4.78344e-018
4.71064e-018
4.63895e-018
4.56835e-018
4.49882e-018
4.43035e-018
4.36292e-018
4.29652e-018
4.23112e-018
4.16672e-018
4.10329e-018
4.04083e-018
3.97932e-018
3.91875e-018
3.85909e-018
3.80034e-018
3.74249e-018
3.68551e-018
3.6294e-018
3.57414e-018
3.51973e-018
3.46613e-018
3.41336e-018
3.36138e-018
3.3102e-018
3.25979e-018
3.21015e-018
3.16126e-018
3.11312e-018
3.06571e-018
3.01902e-018
2.97304e-018
2.92775e-018
2.88316e-018
2.83924e-018
2.79599e-018
2.7534e-018
2.71145e-018
2.67015e-018
2.62947e-018
2.5894e-018
2.54995e-018
2.5111e-018
2.47284e-018
2.43516e-018
2.39805e-018
2.3615e-018
2.32551e-018
2.29007e-018
2.25517e-018
2.2208e-018
2.18695e-018
2.15361e-018
2.12078e-018
2.08845e-018
2.05661e-018
2.02526e-018
1.99438e-018
1.96397e-018
1.93403e-018
1.90454e-018
1.87549e-018
1.84689e-018
1.81873e-018
1.79099e-018
1.76367e-018
1.73677e-018
1.71028e-018
1.68419e-018
1.6585e-018
1.63319e-018
1.60828e-018
1.58374e-018
1.55957e-018
1.53578e-018
1.51234e-018
1.48926e-018
1.46653e-018
1.44415e-018
1.42211e-018
1.4004e-018
1.37902e-018
1.35797e-018
1.33724e-018
1.31682e-018
1.29672e-018
1.27692e-018
1.25742e-018
1.23822e-018
1.21931e-018
1.20069e-018
1.18235e-018
1.16429e-018
1.1465e-018
1.12899e-018
1.11174e-018
1.09476e-018
1.07803e-018
1.06156e-018
1.04534e-018
1.02936e-018
1.01363e-018
9.98137e-019
9.82881e-019
9.67857e-019
9.53062e-019
9.38491e-019
9.24143e-019
9.10013e-019
8.96098e-019
8.82395e-019
8.68901e-019
8.55612e-019
8.42526e-019
8.29639e-019
8.16948e-019
8.0445e-019
7.92143e-019
7.80023e-019
7.68088e-019
7.56335e-019
7.4476e-019
7.33362e-019
7.22138e-019
7.11085e-019
7.002e-019
6.8948e-019
6.78925e-019
6.6853e-019
6.58293e-019
6.48213e-019
6.38286e-019
6.2851e-019
6.18884e-019
6.09404e-019
6.00069e-019
5.90876e-019
5.81823e-019
5.72908e-019
5.64129e-019
5.55484e-019
5.46971e-019
5.38587e-019
5.30332e-019
5.22202e-019
5.14197e-019
5.06313e-019
4.9855e-019
4.90905e-019
4.83377e-019
4.75964e-019
4.68663e-019
4.61474e-019
4.54395e-019
4.47424e-019
4.4056e-019
4.338e-019
4.27143e-019
4.20588e-019
4.14133e-019
4.07776e-019
4.01517e-019
3.95353e-019
3.89283e-019
3.83306e-019
3.7742e-019
3.71624e-019
3.65917e-019
3.60296e-019
3.54762e-019
3.49312e-019
3.43946e-019
3.38661e-019
3.33457e-019
3.28333e-019
3.23287e-019
3.18318e-019
3.13425e-019
3.08607e-019
3.03862e-019
2.9919e-019
2.9459e-019
2.9006e-019
2.85599e-019
2.81206e-019
2.7688e-019
2.72621e-019
2.68427e-019
2.64296e-019
2.6023e-019
2.56225e-019
2.52281e-019
2.48398e-019
2.44575e-019
2.40809e-019
2.37102e-019
2.33451e-019
2.29856e-019
2.26316e-019
2.2283e-019
2.19398e-019
2.16018e-019
2.1269e-019
2.09413e-019
2.06186e-019
2.03009e-019
1.9988e-019
1.96799e-019
1.93765e-019
1.90778e-019
1.87837e-019
1.8494e-019
1.82088e-019
1.7928e-019
1.76515e-019
1.73792e-019
1.71111e-019
1.68471e-019
1.65871e-019
1.63312e-019
1.60791e-019
1.5831e-019
1.55866e-019
1.5346e-019
1.5109e-019
1.48757e-019
1.4646e-019
1.44198e-019
1.41971e-019
1.39778e-019
1.37619e-019
1.35492e-019
1.33399e-019
1.31337e-019
1.29308e-019
1.27309e-019
1.25341e-019
1.23403e-019
1.21495e-019
1.19617e-019
1.17767e-019
1.15946e-019
1.14152e-019
1.12386e-019
1.10648e-019
1.08936e-019
1.0725e-019
1.0559e-019
1.03956e-019
1.02347e-019
1.00762e-019
9.92025e-020
9.76664e-020
9.6154e-020
9.46649e-020
9.31987e-020
9.1755e-020
9.03335e-020
8.89339e-020
8.75559e-020
8.6199e-020
8.48631e-020
8.35477e-020
8.22525e-020
8.09773e-020
7.97217e-020
7.84855e-020
7.72683e-020
7.60698e-020
7.48898e-020
7.3728e-020
7.25841e-020
7.14578e-020
7.03489e-020
6.9257e-020
6.8182e-020
6.71235e-020
6.60814e-020
6.50553e-020
6.40451e-020
6.30504e-020
6.20711e-020
6.11069e-020
6.01575e-020
5.92228e-020
5.83025e-020
5.73964e-020
5.65043e-020
5.5626e-020
5.47612e-020
5.39098e-020
5.30715e-020
5.22461e-020
5.14335e-020
5.06335e-020
4.98458e-020
4.90702e-020
4.83067e-020
4.75549e-020
4.68148e-020
4.60861e-020
4.53686e-020
4.46622e-020
4.39668e-020
4.32821e-020
4.2608e-020
4.19443e-020
4.12909e-020
4.06476e-020
4.00142e-020
3.93907e-020
3.87767e-020
3.81723e-020
3.75772e-020
3.69914e-020
3.64146e-020
3.58467e-020
3.52876e-020
3.47372e-020
3.41953e-020
3.36618e-020
3.31365e-020
3.26194e-020
3.21103e-020
3.16091e-020
3.11157e-020
3.06299e-020
3.01516e-020
2.96807e-020
2.92172e-020
2.87608e-020
2.83115e-020
2.78691e-020
2.74337e-020
2.70049e-020
2.65829e-020
2.61673e-020
2.57582e-020
2.53555e-020
2.4959e-020
2.45687e-020
2.41844e-020
2.38061e-020
2.34337e-020
2.3067e-020
2.27061e-020
2.23507e-020
2.20009e-020
2.16565e-020
2.13174e-020
2.09836e-020
2.0655e-020
2.03316e-020
2.00131e-020
1.96996e-020
1.93909e-020
1.90871e-020
1.8788e-020
1.84935e-020
1.82036e-020
1.79183e-020
1.76373e-020
1.73608e-020
1.70885e-020
1.68205e-020
1.65566e-020
1.62969e-020
1.60412e-020
1.57895e-020
1.55417e-020
1.52977e-020
1.50576e-020
1.48212e-020
1.45884e-020
1.43594e-020
1.41338e-020
1.39118e-020
1.36933e-020
1.34781e-020
1.32663e-020
1.30578e-020
1.28526e-020
1.26506e-020
1.24517e-020
1.22559e-020
1.20632e-020
1.18735e-020
1.16867e-020
1.15028e-020
1.13219e-020
1.11437e-020
1.09683e-020
1.07957e-020
1.06258e-020
1.04585e-020
1.02938e-020
1.01317e-020
9.97216e-021
9.81509e-021
9.66048e-021
9.50827e-021
9.35845e-021
9.21097e-021
9.0658e-021
8.9229e-021
8.78223e-021
8.64376e-021
8.50745e-021
8.37328e-021
8.24121e-021
8.11121e-021
7.98324e-021
7.85727e-021
7.73327e-021
7.61122e-021
7.49107e-021
7.37281e-021
7.2564e-021
7.14182e-021
7.02903e-021
6.918e-021
6.80872e-021
6.70114e-021
6.59526e-021
6.49103e-021
6.38844e-021
6.28746e-021
6.18805e-021
6.09021e-021
5.99391e-021
5.89911e-021
5.8058e-021
5.71396e-021
5.62355e-021
5.53457e-021
5.44698e-021
5.36077e-021
5.27591e-021
5.19238e-021
5.11017e-021
5.02924e-021
4.94959e-021
4.87119e-021
4.79402e-021
4.71806e-021
4.6433e-021
4.56971e-021
4.49728e-021
4.42599e-021
4.35582e-021
4.28675e-021
4.21877e-021
4.15186e-021
4.086e-021
4.02117e-021
3.95737e-021
3.89457e-021
3.83276e-021
3.77192e-021
3.71204e-021
3.65311e-021
3.5951e-021
3.538e-021
3.48181e-021
3.4265e-021
3.37206e-021
3.31848e-021
3.26574e-021
3.21384e-021
3.16275e-021
3.11247e-021
3.06298e-021
3.01427e-021
2.96633e-021
2.91915e-021
2.87271e-021
2.82701e-021
2.78202e-021
2.73775e-021
2.69417e-021
2.65128e-021
2.60907e-021
2.56753e-021
2.52664e-021
2.48639e-021
2.44679e-021
2.40781e-021
2.36944e-021
2.33168e-021
2.29452e-021
2.25795e-021
2.22195e-021
2.18652e-021
2.15166e-021
2.11734e-021
2.08357e-021
2.05033e-021
2.01762e-021
1.98542e-021
1.95374e-021
1.92255e-021
1.89186e-021
1.86166e-021
1.83193e-021
1.80268e-021
1.77389e-021
1.74555e-021
1.71766e-021
1.69022e-021
1.66321e-021
1.63663e-021
1.61047e-021
1.58472e-021
1.55938e-021
1.53445e-021
1.50991e-021
1.48575e-021
1.46199e-021
1.4386e-021
1.41558e-021
1.39292e-021
1.37063e-021
1.34869e-021
1.32709e-021
1.30584e-021
1.28493e-021
1.26435e-021
1.2441e-021
1.22417e-021
1.20455e-021
1.18525e-021
1.16625e-021
1.14756e-021
1.12916e-021
1.11106e-021
1.09324e-021
1.0757e-021
1.05845e-021
1.04147e-021
1.02476e-021
1.00832e-021
9.92134e-022
9.76209e-022
9.60538e-022
9.45116e-022
9.2994e-022
9.15006e-022
9.00309e-022
8.85847e-022
8.71615e-022
8.57609e-022
8.43827e-022
8.30265e-022
8.16918e-022
8.03785e-022
7.9086e-022
7.78142e-022
7.65627e-022
7.53312e-022
7.41192e-022
7.29267e-022
7.17531e-022
7.05983e-022
6.94619e-022
6.83437e-022
6.72433e-022
6.61605e-022
6.50949e-022
6.40464e-022
6.30147e-022
6.19994e-022
6.10003e-022
6.00173e-022
5.90499e-022
5.8098e-022
5.71613e-022
5.62396e-022
5.53326e-022
5.44401e-022
5.35619e-022
5.26978e-022
5.18475e-022
5.10108e-022
5.01874e-022
4.93773e-022
4.85801e-022
4.77957e-022
4.70239e-022
4.62644e-022
4.55171e-022
4.47817e-022
4.40582e-022
4.33462e-022
4.26456e-022
4.19563e-022
4.1278e-022
4.06106e-022
3.99539e-022
3.93077e-022
3.86719e-022
3.80463e-022
3.74307e-022
3.6825e-022
3.6229e-022
3.56426e-022
3.50656e-022
3.44979e-022
3.39393e-022
3.33896e-022
3.28488e-022
3.23167e-022
3.17931e-022
3.12779e-022
3.0771e-022
3.02723e-022
2.97816e-022
2.92987e-022
2.88237e-022
2.83562e-022
2.78963e-022
2.74438e-022
2.69986e-022
2.65605e-022
2.61295e-022
2.57054e-022
2.52881e-022
2.48776e-022
2.44736e-022
2.40762e-022
2.36852e-022
2.33004e-022
2.29219e-022
2.25495e-022
2.2183e-022
2.18225e-022
2.14678e-022
2.11188e-022
2.07754e-022
2.04376e-022
2.01052e-022
1.97782e-022
1.94564e-022
1.91398e-022
1.88284e-022
1.8522e-022
1.82205e-022
1.79239e-022
1.76321e-022
1.73449e-022
1.70625e-022
1.67846e-022
1.65111e-022
1.62421e-022
1.59775e-022
1.57171e-022
1.54609e-022
1.52089e-022
1.49609e-022
1.4717e-022
1.4477e-022
1.42408e-022
1.40085e-022
1.378e-022
1.35551e-022
1.33339e-022
1.31163e-022
1.29022e-022
1.26916e-022
1.24843e-022
1.22805e-022
1.20799e-022
1.18826e-022
1.16884e-022
1.14975e-022
1.13096e-022
1.11247e-022
1.09429e-022
1.0764e-022
1.0588e-022
1.04149e-022
1.02445e-022
1.0077e-022
9.9121e-023
9.74992e-023
9.59038e-023
9.43342e-023
9.27901e-023
9.12711e-023
8.97767e-023
8.83066e-023
8.68604e-023
8.54377e-023
8.40381e-023
8.26612e-023
8.13067e-023
7.99742e-023
7.86634e-023
7.73739e-023
7.61053e-023
7.48574e-023
7.36297e-023
7.24221e-023
7.1234e-023
7.00653e-023
6.89157e-023
6.77847e-023
6.66721e-023
6.55777e-023
6.45011e-023
6.3442e-023
6.24001e-023
6.13752e-023
6.0367e-023
5.93753e-023
5.83997e-023
5.744e-023
5.64959e-023
5.55673e-023
5.46537e-023
5.37551e-023
5.28711e-023
5.20015e-023
5.11462e-023
5.03047e-023
4.94771e-023
4.86629e-023
4.7862e-023
4.70741e-023
4.62992e-023
4.55369e-023
4.4787e-023
4.40494e-023
4.33238e-023
4.26101e-023
4.19081e-023
4.12175e-023
4.05382e-023
3.987e-023
3.92128e-023
3.85663e-023
3.79303e-023
3.73048e-023
3.66895e-023
3.60842e-023
3.54889e-023
3.49033e-023
3.43273e-023
3.37607e-023
3.32034e-023
3.26552e-023
3.2116e-023
3.15856e-023
3.10639e-023
3.05508e-023
3.0046e-023
2.95496e-023
2.90612e-023
2.85809e-023
2.81085e-023
2.76438e-023
2.71867e-023
2.67371e-023
2.62949e-023
2.58599e-023
2.54321e-023
2.50113e-023
2.45974e-023
2.41903e-023
2.37899e-023
2.3396e-023
2.30087e-023
2.26276e-023
2.22529e-023
2.18843e-023
2.15217e-023
2.11652e-023
2.08144e-023
2.04695e-023
2.01302e-023
1.97965e-023
1.94682e-023
1.91454e-023
1.88279e-023
1.85156e-023
1.82084e-023
1.79063e-023
1.76092e-023
1.7317e-023
1.70295e-023
1.67468e-023
1.64688e-023
1.61953e-023
1.59264e-023
1.56619e-023
1.54017e-023
1.51458e-023
1.48941e-023
1.46466e-023
1.44032e-023
1.41638e-023
1.39283e-023
1.36967e-023
1.34689e-023
1.32449e-023
1.30246e-023
1.28079e-023
1.25948e-023
