236.037
236.307
236.578
236.848
237.119
237.39
237.661
237.932
238.203
238.474
238.745
239.016
239.288
239.559
239.831
240.102
240.374
240.646
240.918
241.19
241.462
241.734
242.006
242.278
242.55
242.823
243.095
243.368
243.64
243.913
244.186
244.459
244.732
245.005
245.278
245.551
245.824
246.097
246.37
246.644
246.917
247.191
247.464
247.738
248.012
248.285
248.559
248.833
249.107
249.381
249.655
249.93
250.204
250.478
250.752
251.027
251.301
251.576
251.85
252.125
252.4
252.675
252.949
253.224
253.499
253.774
254.049
254.324
254.6
254.875
255.15
255.425
255.701
255.976
256.252
256.527
256.803
257.078
257.354
257.63
257.906
258.182
258.457
258.733
259.009
259.285
259.562
259.838
260.114
260.39
260.666
260.943
261.219
261.495
261.772
262.048
262.325
262.601
262.878
263.155
263.431
263.708
263.985
264.262
264.539
264.815
265.092
265.369
265.646
265.923
266.2
266.477
266.755
267.032
267.309
267.586
267.863
268.141
268.418
268.695
268.973
269.25
269.528
269.805
270.083
270.36
270.638
270.915
271.193
271.471
271.748
272.026
272.304
272.581
272.859
273.137
273.415
273.693
273.97
274.248
274.526
274.804
275.082
275.36
275.638
275.916
276.194
276.472
276.75
277.028
277.306
277.584
277.862
278.14
278.418
278.697
278.975
279.253
279.531
279.809
280.087
280.366
280.644
280.922
281.2
281.478
281.757
282.035
282.313
282.591
282.87
283.148
283.426
283.704
283.983
284.261
284.539
284.818
285.096
285.374
285.652
285.931
286.209
286.487
286.765
287.044
287.322
287.6
287.878
288.157
288.435
288.713
288.991
289.27
289.548
289.826
290.104
290.382
290.661
290.939
291.217
291.495
291.773
292.051
292.329
292.607
292.885
293.164
293.442
293.72
293.998
294.276
294.554
294.831
295.109
295.387
295.665
295.943
296.221
296.499
296.777
297.054
297.332
297.61
297.888
298.165
298.443
298.721
298.998
299.276
299.553
299.831
300.108
300.386
300.663
300.941
301.218
301.495
301.773
302.05
302.327
302.604
302.882
303.159
303.436
303.713
303.99
304.267
304.544
304.821
305.098
305.375
305.651
305.928
306.205
306.481
306.758
307.035
307.311
307.588
307.864
308.141
308.417
308.693
308.97
309.246
309.522
309.798
310.074
310.35
310.626
310.902
311.178
311.454
311.73
312.005
312.281
312.557
312.832
313.108
313.383
313.659
313.934
314.209
314.484
314.76
315.035
315.31
315.585
315.86
316.135
316.409
316.684
316.959
317.233
317.508
317.782
318.057
318.331
318.606
318.88
319.154
319.428
319.702
319.976
320.25
320.524
320.798
321.072
321.345
321.619
321.893
322.166
322.44
322.714
322.987
323.26
323.534
323.807
324.081
324.354
324.628
324.901
325.175
325.448
325.722
325.995
326.269
326.543
326.817
327.092
327.366
327.641
327.916
328.191
328.466
328.742
329.019
329.296
329.573
329.851
330.13
330.41
330.69
330.971
331.254
331.538
331.822
332.109
332.397
332.687
332.978
333.272
333.568
333.866
334.168
334.472
334.779
335.09
335.405
335.724
336.047
336.376
336.709
337.048
337.394
337.745
338.104
338.471
338.845
339.229
339.621
340.024
340.437
340.862
341.299
341.749
342.212
342.69
343.184
343.694
344.221
344.767
345.332
345.917
346.524
347.153
347.806
348.484
349.188
349.92
350.679
351.469
352.289
353.142
354.028
354.949
355.906
356.901
357.933
359.006
360.12
361.275
362.475
363.718
365.007
366.342
367.725
369.156
370.636
372.165
373.745
375.376
377.058
378.792
380.578
382.415
384.304
386.245
388.237
390.28
392.373
394.515
396.705
398.943
401.226
403.554
405.924
408.335
410.785
413.271
415.791
418.343
420.923
423.53
426.159
428.807
431.471
434.147
436.832
439.522
442.213
444.899
447.579
450.246
452.896
455.526
458.13
460.703
463.242
465.741
468.196
470.602
472.954
475.249
477.481
479.645
481.739
483.757
485.695
487.549
489.316
490.992
492.573
494.057
495.44
496.72
497.893
498.958
499.913
500.756
501.485
502.1
502.599
502.981
503.247
503.396
503.429
503.346
503.148
502.836
502.412
501.877
501.233
500.483
499.628
498.673
497.619
496.469
495.228
493.899
492.485
490.99
489.419
487.776
486.064
484.289
482.455
480.567
478.628
476.644
474.62
472.559
470.468
468.349
466.209
464.051
461.88
459.7
457.516
455.331
453.15
450.977
448.816
446.669
444.541
442.435
440.355
438.302
436.28
434.291
432.338
430.424
428.55
426.718
424.93
423.187
421.491
419.843
418.244
416.695
415.196
413.749
412.353
411.009
409.716
408.475
407.286
406.148
405.061
404.024
403.038
402.1
401.21
400.368
399.573
398.823
398.118
397.456
396.837
396.258
395.72
395.22
394.758
394.332
393.941
393.583
393.259
392.965
392.701
392.466
392.258
392.076
391.92
391.787
391.677
391.589
391.521
391.472
391.442
391.43
391.433
391.453
391.487
391.535
391.596
391.669
391.753
391.848
391.954
392.068
392.191
392.323
392.462
392.608
392.76
392.919
393.083
393.253
393.427
393.606
393.788
393.975
394.165
394.358
394.554
394.753
394.954
395.157
395.362
395.569
395.778
395.988
396.199
396.412
396.626
396.84
397.056
397.272
397.489
397.706
397.924
398.142
398.361
398.58
398.799
399.018
399.238
399.457
399.677
399.897
400.116
400.336
400.556
400.775
400.995
401.214
401.433
401.652
401.871
402.09
402.309
402.527
402.746
402.964
403.182
403.399
403.617
403.834
404.051
404.268
404.484
404.7
404.916
405.132
405.348
405.563
405.778
405.993
406.207
406.422
406.636
406.85
407.063
407.276
407.489
407.702
407.915
408.127
408.339
408.55
408.762
408.973
409.184
409.395
409.605
409.815
410.025
410.235
410.444
410.653
410.862
411.071
411.279
411.487
411.695
411.902
412.11
412.317
412.524
412.73
412.936
413.142
413.348
413.554
413.759
413.964
414.169
414.373
414.578
414.782
414.986
415.189
415.392
415.596
415.798
416.001
416.203
416.406
416.607
416.809
417.011
417.212
417.413
417.614
417.814
418.014
418.215
418.414
418.614
418.814
419.013
419.212
419.411
419.61
419.808
420.006
420.204
420.402
420.6
420.798
420.995
421.192
421.389
421.586
421.783
421.979
422.176
422.372
422.568
422.764
422.96
423.156
423.352
423.547
423.742
423.938
424.133
424.328
424.523
424.718
424.913
425.108
425.302
425.497
425.692
425.886
426.081
426.275
426.47
426.664
426.859
427.053
427.248
427.442
427.637
427.832
428.026
428.221
428.416
428.611
428.806
429.001
429.196
429.392
429.587
429.783
429.979
430.175
430.371
430.568
430.764
430.961
431.158
431.356
431.554
431.752
431.95
432.149
432.348
432.547
432.747
432.947
433.147
433.348
433.55
433.752
433.954
434.157
434.361
434.565
434.769
434.974
435.18
435.386
435.594
435.801
436.01
436.219
436.429
436.64
436.851
437.064
437.277
437.491
437.706
437.922
438.139
438.357
438.576
438.796
439.017
439.239
439.463
439.687
439.913
440.14
440.368
440.598
440.829
441.062
441.295
441.531
441.768
442.006
442.246
442.487
442.731
442.975
443.222
443.47
443.721
443.973
444.227
444.483
444.741
445.001
445.263
445.527
445.793
446.062
446.333
446.606
446.882
447.16
447.44
447.723
448.009
448.297
448.588
448.881
449.178
449.477
449.779
450.084
450.392
450.703
451.018
451.335
451.656
451.98
452.308
452.638
452.973
453.311
453.652
453.997
454.346
454.699
455.056
455.416
455.781
456.149
456.522
456.899
457.28
457.665
458.055
458.45
458.848
459.252
459.66
460.073
460.491
460.913
461.341
461.773
462.211
462.654
463.102
463.556
464.014
464.479
464.948
465.424
465.905
466.392
466.884
467.383
467.888
468.398
468.915
469.438
469.967
470.502
471.044
471.593
472.148
472.709
473.277
473.852
474.434
475.023
475.619
476.222
476.832
477.449
478.073
478.705
479.344
479.991
480.645
481.307
481.976
482.653
483.338
484.031
484.732
485.441
486.158
486.883
487.616
488.357
489.107
489.864
490.631
491.406
492.189
492.981
493.781
494.59
495.408
496.235
497.07
497.914
498.767
499.629
500.5
501.38
502.269
503.167
504.074
504.99
505.916
506.85
507.794
508.747
509.709
510.681
511.661
512.652
513.651
514.66
515.678
516.705
517.742
518.788
519.843
520.908
521.982
523.066
524.159
525.261
526.372
527.493
528.622
529.762
530.91
532.067
533.234
534.41
535.594
536.788
537.991
539.203
540.423
541.653
542.891
544.138
545.393
546.657
547.93
549.211
550.501
551.799
553.105
554.419
555.741
557.072
558.41
559.756
561.11
562.471
563.839
565.216
566.599
567.989
569.387
570.791
572.203
573.62
575.045
576.476
577.913
579.356
580.805
582.26
583.72
585.186
586.658
588.134
589.616
591.103
592.594
594.09
595.59
597.094
598.602
600.114
601.63
603.149
604.671
606.197
607.725
609.256
610.789
612.324
613.862
615.401
616.942
618.484
620.027
621.571
623.116
624.661
626.207
627.753
629.298
630.843
632.387
633.93
635.472
637.012
638.551
640.088
641.622
643.154
644.684
646.21
647.733
649.253
650.769
652.281
653.789
655.292
656.79
658.283
659.771
661.254
662.73
664.2
665.664
667.121
668.572
670.015
671.45
672.878
674.298
675.709
677.112
678.506
679.891
681.267
682.633
683.989
685.335
686.67
687.994
689.308
690.61
691.901
693.18
694.447
695.702
696.944
698.173
699.389
700.592
701.781
702.957
704.118
705.265
706.398
707.516
708.618
709.706
710.778
711.834
712.874
713.898
714.905
715.896
716.87
717.827
718.767
719.689
720.594
721.48
722.349
723.199
724.031
724.844
725.638
726.414
727.17
727.907
728.624
729.322
730
730.657
731.295
731.913
732.51
733.086
733.642
734.177
734.691
735.184
735.656
736.107
736.536
736.944
737.33
737.695
738.038
738.359
738.658
738.936
739.191
739.425
739.636
739.825
739.992
740.137
740.259
740.36
740.438
740.493
740.527
740.538
740.527
740.493
740.437
740.359
740.259
740.136
739.992
739.825
739.636
739.425
739.192
738.937
738.66
738.361
738.041
737.699
737.335
736.95
736.544
736.116
735.667
735.197
734.706
734.194
733.662
733.109
732.536
731.942
731.328
730.694
730.04
729.367
728.673
727.961
727.229
726.479
725.709
724.921
724.114
723.289
722.446
721.584
720.705
719.809
718.895
717.964
717.017
716.052
715.071
714.074
713.061
712.032
710.987
709.927
708.852
707.762
706.657
705.538
704.405
703.258
702.098
700.924
699.737
698.537
697.324
696.099
694.862
693.613
692.352
691.08
689.797
688.504
687.199
685.885
684.56
683.226
681.882
680.529
679.167
677.797
676.418
675.031
673.636
672.234
670.824
669.408
667.984
666.554
665.118
663.676
662.228
660.775
659.317
657.854
656.386
654.914
653.438
651.958
650.474
648.987
647.498
646.005
644.51
643.012
641.513
640.012
638.509
637.005
635.5
633.994
632.487
630.981
629.474
627.967
626.461
624.955
623.45
621.946
620.444
618.943
617.444
615.947
614.451
612.959
611.468
609.981
608.496
607.015
605.537
604.063
602.592
601.125
599.663
598.205
596.751
595.301
593.857
592.418
590.983
589.554
588.131
586.713
585.301
583.895
582.495
581.101
579.713
578.332
576.957
575.59
574.229
572.875
571.528
570.188
568.856
567.531
566.214
564.904
563.602
562.308
561.022
559.744
558.474
557.212
555.959
554.713
553.477
552.248
551.029
549.818
548.615
547.422
546.237
545.061
543.894
542.736
541.587
540.447
539.316
538.194
537.081
535.977
534.883
533.798
532.722
531.655
530.598
529.55
528.511
527.482
526.462
525.451
524.449
523.457
522.474
521.501
520.537
519.582
518.636
517.7
516.772
515.855
514.946
514.046
513.156
512.275
511.403
510.54
509.686
508.841
508.005
507.178
506.36
505.55
504.75
503.958
503.175
502.401
501.635
500.878
500.13
499.39
498.658
497.935
497.221
496.514
495.816
495.125
494.443
493.769
493.103
492.445
491.795
491.152
490.517
489.89
489.271
488.659
488.054
487.457
486.867
486.285
485.709
485.141
484.58
484.026
483.478
482.938
482.404
481.877
481.356
480.843
480.335
479.834
479.339
478.851
478.369
477.892
477.422
476.958
476.5
476.047
475.601
475.16
474.724
474.294
473.87
473.451
473.037
472.628
472.225
471.827
471.433
471.045
470.661
470.283
469.909
469.539
469.175
468.814
468.459
468.107
467.76
467.417
467.079
466.744
466.414
466.087
465.765
465.446
465.131
464.82
464.513
464.209
463.908
463.611
463.318
463.028
462.741
462.457
462.176
461.899
461.625
461.353
461.085
460.82
460.557
460.297
460.04
459.785
459.533
459.284
459.037
458.793
458.551
458.311
458.074
457.838
457.606
457.375
457.146
456.92
456.695
456.473
456.252
456.033
455.816
455.601
455.388
455.176
454.966
454.758
454.551
454.346
454.142
453.94
453.739
453.54
453.342
453.145
452.95
452.755
452.563
452.371
452.18
451.991
451.803
451.615
451.429
451.244
451.06
450.876
450.694
450.512
450.332
450.152
449.973
449.795
449.617
449.441
449.265
449.089
448.915
448.74
448.567
448.394
448.222
448.05
447.879
447.708
447.538
447.368
447.199
447.03
446.861
446.693
446.525
446.358
446.191
446.024
445.857
445.691
445.525
445.36
445.194
445.029
444.864
444.699
444.534
444.37
444.205
444.041
443.877
443.713
443.549
443.386
443.222
443.058
442.895
442.731
442.568
442.404
442.241
442.077
441.914
441.751
441.587
441.424
441.26
441.096
440.933
440.769
440.605
440.442
440.278
440.114
439.949
439.785
439.621
439.456
439.292
439.127
438.962
438.797
438.632
438.467
438.301
438.136
437.97
437.804
437.638
437.472
437.305
437.139
436.972
436.805
436.638
436.47
436.302
436.135
435.966
435.798
435.63
435.461
435.292
435.123
434.953
434.784
434.614
434.444
434.273
434.103
433.932
433.761
433.589
433.418
433.246
433.074
432.901
432.729
432.556
432.383
432.209
432.036
431.862
431.687
431.513
431.338
431.163
430.988
430.813
430.637
430.461
430.284
430.108
429.931
429.754
429.576
429.399
429.221
429.042
428.864
428.685
428.506
428.327
428.147
427.967
427.787
427.606
427.426
427.245
427.064
426.882
426.7
426.518
426.336
426.153
425.97
425.787
425.604
425.42
425.236
425.052
424.867
424.682
424.497
424.312
424.126
423.94
423.754
423.568
423.381
423.194
423.007
422.82
422.632
422.444
422.256
422.067
421.879
421.69
421.5
421.311
421.121
420.931
420.741
420.55
420.36
420.169
419.977
419.786
419.594
419.402
419.21
419.017
418.825
418.632
418.439
418.245
418.051
417.858
417.663
417.469
417.275
417.08
416.885
416.69
416.494
416.298
416.102
415.906
415.71
415.513
415.317
415.12
414.923
414.725
414.528
414.33
414.132
413.933
413.735
413.536
413.338
413.139
412.94
412.74
412.541
412.341
412.141
411.941
411.741
411.54
411.339
411.139
410.938
410.736
410.535
410.334
410.132
409.93
409.728
409.526
409.324
409.121
408.919
408.716
408.513
408.31
408.107
407.904
407.7
407.497
407.293
407.089
406.885
406.681
406.477
406.272
406.068
405.863
405.659
405.454
405.249
405.044
404.839
404.634
404.429
404.223
404.018
403.812
403.607
403.401
403.195
402.989
402.783
402.577
402.371
402.165
401.959
401.753
401.546
401.34
401.134
400.927
400.721
400.514
400.308
400.101
399.895
399.688
399.481
399.275
399.068
398.861
398.655
398.448
398.241
398.034
397.828
397.621
397.414
397.208
397.001
396.794
396.588
396.381
396.175
395.968
395.762
395.556
395.349
395.143
394.937
394.731
394.525
394.319
394.113
393.907
393.701
393.495
393.29
393.084
392.879
392.674
392.468
392.263
392.059
391.854
391.649
391.444
391.24
391.036
390.832
390.628
390.424
390.22
390.017
389.813
389.61
389.407
389.204
389.002
388.799
388.597
388.395
388.193
387.992
387.791
387.589
387.388
387.188
386.987
386.787
386.587
386.388
386.188
385.989
385.79
385.591
385.393
385.195
384.997
384.8
384.603
384.406
384.209
384.013
383.817
383.622
383.426
383.232
383.037
382.843
382.649
382.456
382.262
382.07
381.877
381.685
381.494
381.303
381.112
380.922
380.732
380.542
380.353
380.165
379.977
379.789
379.602
379.415
379.229
379.043
378.857
378.673
378.488
378.304
378.121
377.938
377.756
377.574
377.393
377.212
377.032
376.852
376.673
376.494
376.317
376.139
375.962
375.786
375.611
375.436
375.261
375.088
374.914
374.742
374.57
374.399
374.228
374.059
373.889
373.721
373.553
373.386
373.219
373.054
372.889
372.724
372.561
372.398
372.236
372.074
371.914
371.754
371.594
371.436
371.279
371.122
370.966
370.811
370.656
370.503
370.35
370.198
370.047
369.897
369.747
369.599
369.451
369.304
369.158
369.013
368.869
368.726
368.584
368.442
368.302
368.162
368.023
367.886
367.749
367.613
367.478
367.345
367.212
367.08
366.949
366.819
366.69
366.562
366.435
366.309
366.185
366.061
365.938
365.816
365.696
365.576
365.458
365.34
365.224
365.109
364.995
364.882
364.77
364.659
364.549
364.441
364.333
364.227
364.122
364.018
363.915
363.814
363.713
363.614
363.516
363.419
363.323
363.229
363.135
363.043
362.952
362.863
362.775
362.687
362.601
362.517
362.433
362.351
362.271
362.191
362.113
362.036
361.96
361.885
361.812
361.74
361.67
361.601
361.533
361.466
361.401
361.337
361.275
361.213
361.153
361.095
361.038
360.982
360.927
360.874
360.822
360.772
360.723
360.675
360.629
360.584
360.541
360.499
360.458
360.419
360.381
360.345
360.31
360.276
360.244
360.213
360.183
360.156
360.129
360.104
360.08
360.058
360.037
360.018
360
359.983
359.968
359.954
359.942
359.931
359.922
359.914
359.908
359.903
359.899
359.897
359.896
359.897
359.899
359.903
359.908
359.915
359.923
359.932
359.943
359.955
359.969
359.984
360.001
360.019
360.039
360.06
360.082
360.106
360.131
360.158
360.186
360.215
360.246
360.279
360.313
360.348
360.384
360.422
360.462
360.502
360.545
360.588
360.633
360.679
360.727
360.776
360.827
360.879
360.932
360.986
361.042
361.099
361.158
361.218
361.279
361.342
361.405
361.47
361.537
361.605
361.674
361.744
361.816
361.888
361.963
362.038
362.115
362.192
362.271
362.352
362.433
362.516
362.6
362.685
362.771
362.859
362.947
363.037
363.128
363.22
363.313
363.407
363.502
363.599
363.696
363.795
363.894
363.995
364.097
364.199
364.303
364.408
364.513
364.62
364.728
364.836
364.946
365.056
365.168
365.28
365.393
365.507
365.622
365.738
365.854
365.972
366.09
366.209
366.329
366.449
366.57
366.692
366.815
366.938
367.063
367.187
367.313
367.439
367.565
367.693
367.821
367.949
368.078
368.208
368.338
368.468
368.599
368.731
368.863
368.995
369.128
369.261
369.395
369.529
369.663
369.798
369.933
370.068
370.204
370.34
370.476
370.612
370.749
370.885
371.022
371.159
371.296
371.434
371.571
371.708
371.846
371.983
372.12
372.258
372.395
372.532
372.67
372.807
372.944
373.081
373.217
373.354
373.49
373.626
373.762
373.898
374.033
374.168
374.302
374.437
374.571
374.704
374.837
374.97
375.102
375.233
375.365
375.495
375.625
375.755
375.883
376.012
376.139
376.266
376.392
376.518
376.643
376.767
376.89
377.012
377.134
377.254
377.374
377.493
377.611
377.728
377.844
377.959
378.074
378.187
378.299
378.409
378.519
378.628
378.735
378.842
378.947
379.051
379.153
379.255
379.355
379.453
379.551
379.647
379.741
379.835
379.926
380.017
380.106
380.193
380.279
380.363
380.446
380.527
380.606
380.684
380.76
380.835
380.907
380.978
381.048
381.115
381.181
381.245
381.307
381.367
381.425
381.482
381.536
381.589
381.639
381.687
381.734
381.778
381.821
381.861
381.899
381.935
381.969
382.001
382.03
382.058
382.083
382.106
382.126
382.145
382.161
382.174
382.185
382.194
382.201
382.205
382.207
382.206
382.203
382.197
382.189
382.178
382.165
382.149
382.131
382.11
382.086
382.06
382.031
381.999
381.965
381.928
381.888
381.846
381.801
381.753
381.702
381.649
381.592
381.533
381.471
381.407
381.339
381.268
381.195
381.118
381.039
380.957
380.872
380.783
380.692
380.598
380.501
380.401
380.297
380.191
380.082
379.969
379.854
379.735
379.613
379.489
379.361
379.23
379.095
378.958
378.817
378.674
378.527
378.377
378.223
378.067
377.907
377.744
377.578
377.408
377.236
377.06
376.881
376.698
376.512
376.323
376.131
375.935
375.737
375.534
375.329
375.12
374.908
374.692
374.474
374.251
374.026
373.797
373.565
373.33
373.091
372.849
372.603
372.354
372.102
371.847
371.588
371.325
371.06
370.791
370.519
370.243
369.964
369.682
369.396
369.107
368.815
368.519
368.22
367.918
367.612
367.303
366.991
366.675
366.356
366.034
365.708
365.379
365.047
364.711
364.373
364.031
363.685
363.337
362.985
362.63
362.271
361.91
361.545
361.177
360.805
360.431
360.053
359.672
359.288
358.901
358.511
358.117
357.72
357.32
356.917
356.511
356.102
355.69
355.275
354.856
354.435
354.01
353.583
353.152
352.718
352.282
351.842
351.4
350.954
350.506
350.054
349.6
349.143
348.683
348.22
347.754
347.286
346.814
346.34
345.863
345.383
344.901
344.415
343.927
343.437
342.943
342.447
341.948
341.447
340.943
340.436
339.927
339.415
338.901
338.384
337.865
337.343
336.819
336.292
335.763
335.231
334.697
334.161
333.622
333.081
332.538
331.992
331.444
330.894
330.341
329.787
329.23
328.671
328.11
327.546
326.981
326.413
325.844
325.272
324.699
324.123
323.545
322.966
322.384
321.801
321.216
320.629
320.04
319.449
318.857
318.262
317.666
317.068
316.469
315.868
315.265
314.661
314.055
313.447
312.838
312.227
311.615
311.001
310.386
309.769
309.151
308.532
307.911
307.289
306.666
306.041
305.415
304.788
304.159
303.53
302.899
302.267
301.634
300.999
300.364
299.728
299.091
298.452
297.813
297.173
296.531
295.889
295.246
294.602
293.958
293.312
292.666
292.019
291.371
290.723
290.074
289.424
288.774
288.123
287.471
286.819
286.166
285.513
284.859
284.205
283.55
282.895
282.24
281.584
280.928
280.271
279.614
278.957
278.3
277.642
276.985
276.327
275.669
275.01
274.352
273.693
273.035
272.376
271.718
271.059
270.401
269.742
269.084
268.425
267.767
267.109
266.451
265.793
265.136
264.478
263.821
263.164
262.508
261.851
261.195
260.54
259.885
259.23
258.575
257.921
257.268
256.615
255.962
255.31
254.659
254.008
253.357
252.707
252.058
251.41
250.762
250.114
249.468
248.822
248.177
247.533
246.889
246.246
245.604
244.963
244.323
243.683
243.044
242.407
241.77
241.134
240.499
239.865
239.232
238.6
237.969
237.339
236.71
236.082
235.455
234.829
234.205
233.581
232.959
232.337
231.717
231.098
230.481
229.864
229.249
228.635
228.022
227.411
226.8
226.191
225.584
224.978
224.373
223.769
223.167
222.566
221.966
221.368
220.772
220.176
219.582
218.99
218.399
217.81
217.222
216.635
216.05
215.467
214.885
214.304
213.726
213.148
212.573
211.999
211.426
210.855
210.286
209.718
209.152
208.587
208.025
207.463
206.904
206.346
205.79
205.235
204.683
204.132
203.582
203.035
202.489
201.945
201.402
200.861
200.322
199.785
199.25
198.716
198.184
197.654
197.126
196.6
196.075
195.552
195.031
194.512
193.995
193.479
192.965
192.454
191.944
191.435
190.929
190.425
189.922
189.422
188.923
188.426
187.931
187.438
186.946
186.457
185.97
185.484
185
184.519
184.039
183.561
183.085
182.611
182.139
181.668
181.2
180.734
180.269
179.807
179.346
178.887
178.43
177.976
177.523
177.072
176.623
176.176
175.731
175.288
174.846
174.407
173.97
173.535
173.101
172.67
172.24
171.813
171.387
170.963
170.542
170.122
169.704
169.288
168.874
168.462
168.052
167.644
167.238
166.834
166.432
166.031
165.633
165.236
164.842
164.449
164.059
163.67
163.283
162.898
162.516
162.135
161.756
161.378
161.003
160.63
160.259
159.889
159.522
159.156
158.792
158.431
158.071
157.713
157.357
157.003
156.65
156.3
155.951
155.605
155.26
154.917
154.576
154.237
153.9
153.565
153.231
152.9
152.57
152.242
151.916
151.592
151.27
150.949
150.631
150.314
149.999
149.686
149.375
149.065
148.757
148.452
148.148
147.846
147.545
147.247
146.95
146.655
146.362
146.071
145.781
145.493
145.207
144.923
144.641
144.36
144.081
143.804
143.529
143.255
142.983
142.713
142.445
142.178
141.913
141.65
141.388
141.129
140.871
140.614
140.36
140.107
139.856
139.606
139.359
139.113
138.868
138.626
138.385
138.145
137.908
137.672
137.437
137.205
136.974
136.744
136.516
136.29
136.066
135.843
135.622
135.402
135.185
134.968
134.754
134.541
134.329
134.119
133.911
133.704
133.499
133.296
133.094
132.894
132.695
132.498
132.302
132.108
131.916
131.725
131.535
131.347
131.161
130.976
130.793
130.611
130.431
130.253
130.076
129.9
129.726
129.553
129.382
129.213
129.044
128.878
128.713
128.549
128.387
128.226
128.067
127.909
127.753
127.598
127.445
127.293
127.142
126.993
126.846
126.7
126.555
126.412
126.27
126.129
125.99
125.852
125.716
125.581
125.448
125.316
125.185
125.056
124.928
124.802
124.676
124.553
124.43
124.309
124.19
124.071
123.954
123.839
123.724
123.611
123.5
123.389
123.281
123.173
123.067
122.962
122.858
122.756
122.654
122.555
122.456
122.359
122.263
122.168
122.075
121.983
121.892
121.803
121.714
121.627
121.542
121.457
121.374
121.292
121.211
121.131
121.053
120.976
120.9
120.826
120.752
120.68
120.609
120.539
120.47
120.403
120.337
120.272
120.208
120.145
120.083
120.023
119.964
119.906
119.849
119.793
119.738
119.685
119.633
119.581
119.531
119.482
119.434
119.388
119.342
119.298
119.254
119.212
119.171
119.13
119.091
119.053
119.016
118.98
118.946
118.912
118.879
118.848
118.817
118.787
118.759
118.731
118.705
118.679
118.655
118.631
118.609
118.588
118.567
118.548
118.529
118.512
118.495
118.479
118.465
118.451
118.439
118.427
118.416
118.406
118.397
118.389
118.382
118.376
118.37
118.366
118.362
118.36
118.358
118.357
118.357
118.358
118.36
118.362
118.366
118.37
118.375
118.381
118.388
118.396
118.404
118.413
118.423
118.434
118.446
118.458
118.471
118.485
118.5
118.515
118.531
118.548
118.566
118.584
118.603
118.623
118.644
118.665
118.687
118.71
118.733
118.757
118.781
118.807
118.833
118.859
118.887
118.915
118.943
118.972
119.002
119.032
119.063
119.095
119.127
119.16
119.193
119.227
119.261
119.296
119.331
119.367
119.404
119.441
119.479
119.517
119.555
119.594
119.634
119.674
119.714
119.755
119.796
119.838
119.88
119.923
119.966
120.009
120.053
120.097
120.142
120.187
120.232
120.278
120.324
120.37
120.417
120.464
120.511
120.559
120.607
120.655
120.704
120.753
120.802
120.851
120.9
120.95
121
121.05
121.101
121.151
121.202
121.253
121.305
121.356
121.407
121.459
121.511
121.563
121.615
121.667
121.719
121.772
121.824
121.877
121.929
121.982
122.034
122.087
122.14
122.193
122.245
122.298
122.351
122.404
122.457
122.509
122.562
122.614
122.667
122.72
122.772
122.824
122.876
122.928
122.98
123.032
123.084
123.136
123.187
123.238
123.289
123.34
123.391
123.441
123.491
123.542
123.591
123.641
123.69
123.739
123.788
123.837
123.885
123.933
123.98
124.028
124.074
124.121
124.167
124.213
124.259
124.304
124.349
124.393
124.437
124.481
124.524
124.567
124.609
124.651
124.692
124.733
124.774
124.814
124.853
124.892
124.931
124.969
125.006
125.043
125.079
125.115
125.15
125.185
125.219
125.253
125.285
125.318
125.349
125.38
125.411
125.44
125.469
125.498
125.526
125.553
125.579
125.605
125.63
125.654
125.677
125.7
125.722
125.744
125.764
125.784
125.803
125.821
125.839
125.855
125.871
125.886
125.9
125.914
125.926
125.938
125.949
125.959
125.968
125.976
125.984
125.99
125.996
126
126.004
126.007
126.009
126.01
126.01
126.009
126.007
126.004
126
125.996
125.99
125.983
125.975
125.967
125.957
125.946
125.934
125.922
125.908
125.893
125.877
125.86
125.842
125.823
125.803
125.782
125.759
125.736
125.711
125.686
125.659
125.631
125.602
125.572
125.541
125.509
125.475
125.441
125.405
125.368
125.33
125.291
125.251
125.209
125.167
125.123
125.078
125.031
124.984
124.935
124.886
124.835
124.783
124.729
124.675
124.619
124.562
124.503
124.444
124.383
124.321
124.258
124.194
124.128
124.061
123.993
123.924
123.853
123.781
123.708
123.634
123.558
123.481
123.403
123.324
123.243
123.161
123.078
122.993
122.907
122.82
122.732
122.642
122.552
122.459
122.366
122.271
122.175
122.078
121.979
121.88
121.778
121.676
121.572
121.467
121.361
121.254
121.145
121.035
120.923
120.81
120.697
120.581
120.465
120.347
120.228
120.108
119.986
119.863
119.739
119.613
119.487
119.359
119.229
119.099
118.967
118.834
118.7
118.564
118.427
118.289
118.15
118.009
117.867
117.724
117.58
117.434
117.287
117.139
116.99
116.839
116.688
116.535
116.38
116.225
116.068
115.91
115.751
115.591
115.43
115.267
115.103
114.938
114.772
114.605
114.436
114.266
114.095
113.923
113.75
113.576
113.4
113.223
113.045
112.867
112.686
112.505
112.323
112.139
111.955
111.769
111.582
111.394
111.206
111.015
110.824
110.632
110.439
110.245
110.049
109.853
109.655
109.457
109.257
109.057
108.855
108.653
108.449
108.244
108.039
107.832
107.625
107.416
107.207
106.996
106.785
106.573
106.359
106.145
105.93
105.714
105.497
105.279
105.06
104.841
104.62
104.399
104.176
103.953
103.729
103.504
103.279
103.052
102.825
102.597
102.368
102.138
101.908
101.676
101.444
101.211
100.978
100.743
100.508
100.272
100.036
99.7985
99.5606
99.3219
99.0825
98.8424
98.6016
98.3602
98.1181
97.8754
97.632
97.388
97.1434
96.8981
96.6523
96.4058
96.1587
95.9111
95.6629
95.4141
95.1647
94.9148
94.6644
94.4134
94.162
93.9099
93.6574
93.4044
93.1509
92.897
92.6425
92.3876
92.1322
91.8764
91.6202
91.3635
91.1064
90.8489
90.591
90.3327
90.0741
89.815
89.5556
89.2958
89.0357
88.7753
88.5145
88.2534
87.992
87.7302
87.4682
87.2059
86.9433
86.6805
86.4174
86.154
85.8904
85.6266
85.3625
85.0983
84.8338
84.5691
84.3042
84.0392
83.774
83.5086
83.243
82.9774
82.7115
82.4456
82.1795
81.9133
81.647
81.3807
81.1142
80.8477
80.581
80.3144
80.0477
79.7809
79.5141
79.2472
78.9804
78.7135
78.4467
78.1798
77.913
77.6462
77.3794
77.1126
76.8459
76.5793
76.3127
76.0462
75.7797
75.5134
75.2471
74.981
74.715
74.449
74.1832
73.9176
73.6521
73.3867
73.1215
72.8564
72.5916
72.3269
72.0624
71.798
71.5339
71.27
71.0063
70.7429
70.4797
70.2167
69.9539
69.6914
69.4292
69.1672
68.9055
68.6441
68.383
68.1222
67.8616
67.6014
67.3415
67.0819
66.8227
66.5638
66.3052
66.047
65.7891
65.5316
65.2744
65.0177
64.7613
64.5052
64.2496
63.9944
63.7396
63.4852
63.2312
62.9776
62.7245
62.4718
62.2195
61.9677
61.7163
61.4654
61.215
60.965
60.7155
60.4665
60.2179
59.9698
59.7223
59.4752
59.2286
58.9826
58.7371
58.492
58.2475
58.0036
57.7601
57.5173
57.2749
57.0331
56.7919
56.5512
56.311
56.0715
55.8325
55.5941
55.3562
55.119
54.8823
54.6462
54.4108
54.1759
53.9416
53.7079
53.4749
53.2424
53.0106
52.7794
52.5488
52.3189
52.0896
51.8609
51.6329
51.4055
51.1788
50.9527
50.7272
50.5024
50.2783
50.0549
49.8321
49.6099
49.3885
49.1677
48.9476
48.7282
48.5094
48.2914
48.074
47.8573
47.6413
47.426
47.2114
46.9975
46.7843
46.5718
46.3601
46.149
45.9386
45.729
45.52
45.3118
45.1043
44.8975
44.6914
44.4861
44.2814
44.0775
43.8744
43.6719
43.4702
43.2692
43.069
42.8695
42.6707
42.4727
42.2754
42.0788
41.883
41.6879
41.4936
41.3
41.1071
40.915
40.7237
40.533
40.3432
40.154
39.9657
39.778
39.5912
39.405
39.2197
39.035
38.8512
38.668
38.4857
38.304
38.1232
37.943
37.7637
37.5851
37.4072
37.2301
37.0537
36.8781
36.7033
36.5291
36.3558
36.1832
36.0113
35.8402
35.6699
35.5003
35.3314
35.1633
34.9959
34.8293
34.6634
34.4983
34.3339
34.1703
34.0074
33.8453
33.6839
33.5232
33.3633
33.2041
33.0456
32.8879
32.731
32.5747
32.4192
32.2645
32.1104
31.9571
31.8045
31.6527
31.5016
31.3512
31.2015
31.0526
30.9043
30.7568
30.61
30.464
30.3186
30.174
30.0301
29.8869
29.7444
29.6026
29.4615
29.3211
29.1814
29.0424
28.9042
28.7666
28.6297
28.4935
28.358
28.2232
28.0891
27.9557
27.823
27.6909
27.5596
27.4289
27.2988
27.1695
27.0408
26.9129
26.7855
26.6589
26.5329
26.4076
26.2829
26.1589
26.0356
25.9129
25.7908
25.6694
25.5487
25.4286
25.3092
25.1904
25.0722
24.9547
24.8378
24.7215
24.6059
24.4909
24.3765
24.2627
24.1496
24.0371
23.9252
23.8139
23.7032
23.5932
23.4837
23.3749
23.2666
23.159
23.0519
22.9455
22.8396
22.7343
22.6297
22.5256
22.422
22.3191
22.2167
22.1149
22.0137
21.9131
21.813
21.7135
21.6145
21.5161
21.4183
21.321
21.2243
21.1281
21.0325
20.9374
20.8428
20.7488
20.6554
20.5624
20.47
20.3781
20.2868
20.196
20.1056
20.0159
19.9266
19.8378
19.7496
19.6618
19.5746
19.4879
19.4016
19.3159
19.2307
19.1459
19.0617
18.9779
18.8946
18.8118
18.7295
18.6476
18.5663
18.4854
18.4049
18.325
18.2455
18.1664
18.0878
18.0097
17.9321
17.8548
17.7781
17.7018
17.6259
17.5504
17.4755
17.4009
17.3268
17.2531
17.1798
17.107
17.0346
16.9626
16.891
16.8198
16.7491
16.6787
16.6088
16.5393
16.4702
16.4015
16.3332
16.2652
16.1977
16.1306
16.0639
15.9975
15.9315
15.8659
15.8007
15.7359
15.6715
15.6074
15.5437
15.4803
15.4174
15.3547
15.2925
15.2306
15.1691
15.1079
15.0471
14.9866
14.9265
14.8667
14.8072
14.7481
14.6894
14.6309
14.5728
14.5151
14.4577
14.4006
14.3438
14.2873
14.2312
14.1754
14.1199
14.0647
14.0098
13.9553
13.901
13.8471
13.7934
13.7401
13.6871
13.6343
13.5819
13.5297
13.4779
13.4263
13.375
13.3241
13.2733
13.2229
13.1728
13.1229
13.0733
13.024
12.975
12.9262
12.8777
12.8294
12.7815
12.7338
12.6863
12.6391
12.5922
12.5455
12.4991
12.4529
12.407
12.3613
12.3159
12.2707
12.2258
12.1811
12.1366
12.0924
12.0484
12.0047
11.9612
11.9179
11.8748
11.832
11.7894
11.747
11.7049
11.6629
11.6212
11.5797
11.5384
11.4974
11.4565
11.4159
11.3755
11.3352
11.2952
11.2554
11.2158
11.1764
11.1372
11.0982
11.0594
11.0208
10.9824
10.9442
10.9062
10.8684
10.8307
10.7933
10.756
10.7189
10.6821
10.6453
10.6088
10.5725
10.5363
10.5003
10.4645
10.4288
10.3934
10.3581
10.323
10.288
10.2532
10.2186
10.1841
10.1499
10.1157
10.0818
10.048
10.0143
9.98084
9.94752
9.91435
9.88134
9.84848
9.81578
9.78323
9.75082
9.71857
9.68647
9.65451
9.62271
9.59104
9.55952
9.52815
9.49691
9.46582
9.43487
9.40406
9.37338
9.34285
9.31245
9.28218
9.25205
9.22205
9.19218
9.16245
9.13285
9.10337
9.07403
9.04481
9.01571
8.98675
8.95791
8.92919
8.9006
8.87212
8.84377
8.81554
8.78743
8.75944
8.73157
8.70381
8.67617
8.64864
8.62123
8.59394
8.56675
8.53968
8.51272
8.48587
8.45913
8.4325
8.40598
8.37957
8.35326
8.32706
8.30096
8.27497
8.24908
8.2233
8.19762
8.17204
8.14656
8.12118
8.0959
8.07072
8.04564
8.02066
7.99577
7.97098
7.94629
7.92169
7.89719
7.87278
7.84846
7.82424
7.80011
7.77607
7.75212
7.72826
7.70449
7.68081
7.65721
7.63371
7.61029
7.58696
7.56372
7.54056
7.51749
7.4945
7.47159
7.44877
7.42603
7.40338
7.38081
7.35831
7.3359
7.31357
7.29132
7.26915
7.24706
7.22504
7.20311
7.18125
7.15947
7.13776
7.11614
7.09458
7.07311
7.0517
7.03037
7.00912
6.98794
6.96683
6.94579
6.92483
6.90394
6.88312
6.86237
6.84169
6.82108
6.80054
6.78007
6.75967
6.73934
6.71907
6.69888
6.67875
6.65869
6.63869
6.61876
6.5989
6.5791
6.55937
6.5397
6.52009
6.50055
6.48108
6.46167
6.44232
6.42303
6.4038
6.38464
6.36554
6.3465
6.32753
6.30861
6.28975
6.27096
6.25222
6.23354
6.21492
6.19636
6.17786
6.15942
6.14104
6.12271
6.10444
6.08623
6.06808
6.04998
6.03194
6.01395
5.99602
5.97815
5.96033
5.94257
5.92486
5.90721
5.8896
5.87206
5.85457
5.83713
5.81974
5.80241
5.78513
5.7679
5.75073
5.7336
5.71653
5.69951
5.68255
5.66563
5.64876
5.63195
5.61518
5.59847
5.5818
5.56519
5.54862
5.53211
5.51564
5.49922
5.48285
5.46653
5.45026
5.43403
5.41786
5.40173
5.38565
5.36961
5.35363
5.33769
5.32179
5.30595
5.29015
5.27439
5.25869
5.24302
5.22741
5.21184
5.19631
5.18083
5.1654
5.15001
5.13466
5.11936
5.1041
5.08889
5.07372
5.05859
5.04351
5.02847
5.01348
4.99852
4.98362
4.96875
4.95392
4.93914
4.9244
4.90971
4.89505
4.88044
4.86587
4.85134
4.83685
4.8224
4.808
4.79363
4.77931
4.76503
4.75078
4.73658
4.72242
4.7083
4.69421
4.68017
4.66617
4.65221
4.63828
4.6244
4.61056
4.59675
4.58298
4.56926
4.55557
4.54192
4.5283
4.51473
4.50119
4.4877
4.47424
4.46081
4.44743
4.43408
4.42077
4.4075
4.39427
4.38107
4.36791
4.35479
4.3417
4.32865
4.31563
4.30266
4.28972
4.27681
4.26394
4.25111
4.23831
4.22555
4.21283
4.20014
4.18748
4.17486
4.16228
4.14973
4.13721
4.12474
4.11229
4.09988
4.08751
4.07517
4.06286
4.05059
4.03835
4.02615
4.01398
4.00184
3.98974
3.97767
3.96564
3.95363
3.94167
3.92973
3.91783
3.90596
3.89413
3.88232
3.87056
3.85882
3.84711
3.83544
3.8238
3.8122
3.80062
3.78908
3.77757
3.76609
3.75465
3.74323
3.73185
3.7205
3.70918
3.69789
3.68663
3.67541
3.66422
3.65305
3.64192
3.63082
3.61975
3.60871
3.5977
3.58673
3.57578
3.56486
3.55398
3.54312
3.53229
3.5215
3.51073
3.5
3.48929
3.47862
3.46797
3.45735
3.44677
3.43621
3.42568
3.41518
3.40471
3.39427
3.38386
3.37348
3.36313
3.3528
3.34251
3.33224
3.322
3.3118
3.30161
3.29146
3.28134
3.27124
3.26118
3.25114
3.24113
3.23114
3.22119
3.21126
3.20136
3.19149
3.18164
3.17183
3.16204
3.15228
3.14254
3.13283
3.12315
3.1135
3.10388
3.09428
3.08471
3.07516
3.06564
3.05615
3.04669
3.03725
3.02784
3.01845
3.00909
2.99976
2.99045
2.98117
2.97192
2.96269
2.95349
2.94431
2.93516
2.92604
2.91694
2.90787
2.89882
2.8898
2.8808
2.87183
2.86289
2.85397
2.84507
2.8362
2.82735
2.81853
2.80974
2.80097
2.79222
2.7835
2.77481
2.76614
2.75749
2.74887
2.74027
2.7317
2.72315
2.71462
2.70612
2.69764
2.68919
2.68076
2.67236
2.66398
2.65562
2.64729
2.63898
2.63069
2.62243
2.61419
2.60598
2.59778
2.58962
2.58147
2.57335
2.56525
2.55717
2.54912
2.54109
2.53308
2.5251
2.51714
2.5092
2.50129
2.49339
2.48552
2.47767
2.46985
2.46205
2.45427
2.44651
2.43877
2.43106
2.42337
2.4157
2.40805
2.40042
2.39282
2.38524
2.37768
2.37014
2.36262
2.35513
2.34765
2.3402
2.33277
2.32536
2.31797
2.31061
2.30326
2.29594
2.28863
2.28135
2.27409
2.26685
2.25963
2.25244
2.24526
2.2381
2.23097
2.22385
2.21676
2.20968
2.20263
2.1956
2.18858
2.18159
2.17462
2.16767
2.16073
2.15382
2.14693
2.14006
2.13321
2.12638
2.11957
2.11277
2.106
2.09925
2.09252
2.0858
2.07911
2.07244
2.06578
2.05915
2.05253
2.04594
2.03936
2.0328
2.02626
2.01974
2.01324
2.00676
2.0003
1.99385
1.98743
1.98102
1.97464
1.96827
1.96192
1.95559
1.94927
1.94298
1.9367
1.93045
1.92421
1.91799
1.91179
1.9056
1.89944
1.89329
1.88716
1.88105
1.87496
1.86888
1.86282
1.85678
1.85076
1.84476
1.83877
1.8328
1.82685
1.82092
1.815
1.80911
1.80322
1.79736
1.79152
1.78569
1.77988
1.77408
1.7683
1.76254
1.7568
1.75108
1.74537
1.73967
1.734
1.72834
1.7227
1.71708
1.71147
1.70588
1.7003
1.69475
1.6892
1.68368
1.67817
1.67268
1.6672
1.66175
1.6563
1.65088
1.64547
1.64007
1.63469
1.62933
1.62399
1.61866
1.61334
1.60804
1.60276
1.5975
1.59225
1.58701
1.58179
1.57659
1.5714
1.56623
1.56107
1.55593
1.55081
1.5457
1.5406
1.53552
1.53046
1.52541
1.52037
1.51536
1.51035
1.50536
1.50039
1.49543
1.49049
1.48556
1.48065
1.47575
1.47086
1.46599
1.46114
1.4563
1.45148
1.44666
1.44187
1.43709
1.43232
1.42757
1.42283
1.41811
1.4134
1.4087
1.40402
1.39935
1.3947
1.39006
1.38544
1.38083
1.37623
1.37165
1.36708
1.36253
1.35799
1.35346
1.34895
1.34445
1.33997
1.3355
1.33104
1.32659
1.32216
1.31775
1.31334
1.30895
1.30458
1.30021
1.29586
1.29153
1.2872
1.28289
1.2786
1.27431
1.27004
1.26578
1.26154
1.25731
1.25309
1.24888
1.24469
1.24051
1.23635
1.23219
1.22805
1.22392
1.21981
1.2157
1.21161
1.20754
1.20347
1.19942
1.19538
1.19135
1.18734
1.18333
1.17934
1.17536
1.1714
1.16745
1.1635
1.15958
1.15566
1.15175
1.14786
1.14398
1.14011
1.13626
1.13241
1.12858
1.12476
1.12095
1.11715
1.11337
1.10959
1.10583
1.10208
1.09834
1.09462
1.0909
1.0872
1.08351
1.07983
1.07616
1.0725
1.06885
1.06522
1.06159
1.05798
1.05438
1.05079
1.04721
1.04365
1.04009
1.03655
1.03301
1.02949
1.02598
1.02248
1.01899
1.01551
1.01204
1.00858
1.00514
1.0017
0.998279
0.994865
0.991462
0.98807
0.984688
0.981317
0.977957
0.974607
0.971268
0.967939
0.964621
0.961313
0.958015
0.954728
0.951452
0.948186
0.94493
0.941684
0.938449
0.935224
0.932009
0.928804
0.925609
0.922425
0.91925
0.916086
0.912931
0.909787
0.906652
0.903528
0.900413
0.897309
0.894214
0.891129
0.888053
0.884988
0.881932
0.878886
0.87585
0.872823
0.869806
0.866799
0.863801
0.860813
0.857834
0.854865
0.851905
0.848954
0.846013
0.843082
0.84016
0.837247
0.834343
0.831449
0.828564
0.825688
0.822821
0.819964
0.817115
0.814276
0.811446
0.808625
0.805813
0.80301
0.800216
0.797431
0.794655
0.791887
0.789129
0.78638
0.783639
0.780907
0.778184
0.77547
0.772764
0.770067
0.767379
0.7647
0.762029
0.759367
0.756713
0.754068
0.751431
0.748803
0.746183
0.743572
0.740969
0.738375
0.735789
0.733211
0.730642
0.728081
0.725529
0.722984
0.720448
0.71792
0.7154
0.712889
0.710385
0.70789
0.705403
0.702923
0.700452
0.697989
0.695534
0.693087
0.690648
0.688216
0.685793
0.683378
0.68097
0.67857
0.676178
0.673794
0.671418
0.669049
0.666688
0.664335
0.661989
0.659651
0.657321
0.654998
0.652683
0.650376
0.648076
0.645783
0.643498
0.641221
0.638951
0.636688
0.634433
0.632185
0.629944
0.627711
0.625485
0.623267
0.621056
0.618852
0.616655
0.614465
0.612283
0.610108
0.60794
0.605779
0.603625
0.601479
0.599339
0.597206
0.595081
0.592962
0.590851
0.588746
0.586648
0.584557
0.582473
0.580396
0.578326
0.576263
0.574206
0.572157
0.570114
0.568078
0.566048
0.564025
0.562009
0.56
0.557997
0.556001
0.554012
0.552029
0.550052
0.548083
0.546119
0.544163
0.542213
0.540269
0.538331
0.536401
0.534476
0.532558
0.530646
0.528741
0.526842
0.52495
0.523063
0.521183
0.519309
0.517442
0.51558
0.513725
0.511876
0.510034
0.508197
0.506366
0.504542
0.502724
0.500912
0.499105
0.497305
0.495511
0.493723
0.491941
0.490165
0.488395
0.48663
0.484872
0.48312
0.481373
0.479632
0.477897
0.476168
0.474445
0.472728
0.471016
0.46931
0.46761
0.465915
0.464226
0.462543
0.460866
0.459194
0.457528
0.455867
0.454212
0.452563
0.450919
0.44928
0.447648
0.44602
0.444399
0.442782
0.441171
0.439566
0.437966
0.436372
0.434782
0.433199
0.43162
0.430047
0.428479
0.426917
0.425359
0.423808
0.422261
0.42072
0.419183
0.417652
0.416127
0.414606
0.413091
0.41158
0.410075
0.408575
0.40708
0.40559
0.404106
0.402626
0.401151
0.399681
0.398217
0.396757
0.395302
0.393853
0.392408
0.390968
0.389533
0.388103
0.386678
0.385257
0.383842
0.382431
0.381025
0.379624
0.378228
0.376837
0.37545
0.374068
0.372691
0.371318
0.369951
0.368587
0.367229
0.365875
0.364526
0.363182
0.361842
0.360506
0.359176
0.35785
0.356528
0.355211
0.353899
0.352591
0.351287
0.349988
0.348694
0.347403
0.346118
0.344837
0.34356
0.342287
0.341019
0.339756
0.338497
0.337242
0.335991
0.334745
0.333503
0.332265
0.331032
0.329803
0.328578
0.327357
0.326141
0.324928
0.32372
0.322517
0.321317
0.320121
0.31893
0.317743
0.31656
0.315381
0.314206
0.313035
0.311868
0.310705
0.309547
0.308392
0.307242
0.306095
0.304952
0.303814
0.302679
0.301548
0.300421
0.299298
0.298179
0.297064
0.295953
0.294846
0.293742
0.292643
0.291547
0.290455
0.289367
0.288283
0.287202
0.286125
0.285052
0.283983
0.282918
0.281856
0.280798
0.279744
0.278693
0.277646
0.276603
0.275563
0.274527
0.273495
0.272466
0.271441
0.270419
0.269401
0.268387
0.267376
0.266369
0.265365
0.264365
0.263368
0.262375
0.261386
0.260399
0.259417
0.258437
0.257462
0.256489
0.25552
0.254555
0.253593
0.252634
0.251679
0.250727
0.249778
0.248833
0.247891
0.246953
0.246017
0.245085
0.244157
0.243232
0.242309
0.241391
0.240475
0.239563
0.238654
0.237748
0.236845
0.235946
0.23505
0.234157
0.233267
0.23238
0.231496
0.230616
0.229739
0.228864
0.227993
0.227125
0.22626
0.225399
0.22454
0.223684
0.222832
0.221982
0.221135
0.220292
0.219451
0.218614
0.217779
0.216948
0.216119
0.215293
0.214471
0.213651
0.212834
0.21202
0.211209
0.210401
0.209596
0.208794
0.207994
0.207198
0.206404
0.205613
0.204825
0.20404
0.203257
0.202478
0.201701
0.200927
0.200156
0.199387
0.198622
0.197859
0.197098
0.196341
0.195586
0.194834
0.194085
0.193338
0.192594
0.191853
0.191114
0.190379
0.189645
0.188915
0.188187
0.187461
0.186739
0.186018
0.185301
0.184586
0.183874
0.183164
0.182457
0.181752
0.18105
0.18035
0.179653
0.178959
0.178267
0.177577
0.17689
0.176206
0.175524
0.174844
0.174167
0.173492
0.17282
0.17215
0.171483
0.170818
0.170156
0.169496
0.168838
0.168183
0.16753
0.166879
0.166231
0.165585
0.164942
0.164301
0.163662
0.163026
0.162392
0.16176
0.16113
0.160503
0.159878
0.159256
0.158635
0.158017
0.157401
0.156788
0.156176
0.155567
0.15496
0.154356
0.153753
0.153153
0.152555
0.151959
0.151366
0.150774
0.150185
0.149598
0.149013
0.14843
0.147849
0.14727
0.146694
0.14612
0.145547
0.144977
0.144409
0.143843
0.143279
0.142718
0.142158
0.1416
0.141045
0.140491
0.13994
0.13939
0.138843
0.138297
0.137754
0.137212
0.136673
0.136135
0.1356
0.135066
0.134535
0.134005
0.133478
0.132952
0.132428
0.131907
0.131387
0.130869
0.130353
0.129839
0.129327
0.128816
0.128308
0.127802
0.127297
0.126794
0.126293
0.125794
0.125297
0.124802
0.124308
0.123817
0.123327
0.122839
0.122353
0.121868
0.121386
0.120905
0.120426
0.119949
0.119473
0.119
0.118528
0.118057
0.117589
0.117122
0.116658
0.116194
0.115733
0.115273
0.114815
0.114359
0.113904
0.113451
0.113
0.112551
0.112103
0.111657
0.111212
0.11077
0.110328
0.109889
0.109451
0.109015
0.10858
0.108147
0.107716
0.107286
0.106858
0.106432
0.106007
0.105583
0.105162
0.104742
0.104323
0.103906
0.103491
0.103077
0.102665
0.102254
0.101845
0.101437
0.101031
0.100626
0.100223
0.0998218
0.0994217
0.0990232
0.0986262
0.0982307
0.0978367
0.0974442
0.0970531
0.0966636
0.0962755
0.0958888
0.0955037
0.09512
0.0947377
0.0943569
0.0939775
0.0935996
0.0932231
0.092848
0.0924743
0.0921021
0.0917312
0.0913618
0.0909938
0.0906272
0.0902619
0.0898981
0.0895356
0.0891745
0.0888148
0.0884564
0.0880994
0.0877438
0.0873895
0.0870366
0.086685
0.0863347
0.0859858
0.0856382
0.085292
0.084947
0.0846034
0.084261
0.08392
0.0835803
0.0832419
0.0829047
0.0825689
0.0822343
0.081901
0.081569
0.0812383
0.0809088
0.0805806
0.0802536
0.0799279
0.0796034
0.0792802
0.0789582
0.0786375
0.0783179
0.0779996
0.0776825
0.0773667
0.077052
0.0767385
0.0764263
0.0761152
0.0758054
0.0754967
0.0751892
0.0748829
0.0745778
0.0742738
0.0739711
0.0736694
0.073369
0.0730697
0.0727715
0.0724745
0.0721786
0.0718839
0.0715903
0.0712979
0.0710065
0.0707163
0.0704272
0.0701393
0.0698524
0.0695666
0.069282
0.0689984
0.068716
0.0684346
0.0681543
0.0678751
0.067597
0.06732
0.067044
0.0667691
0.0664953
0.0662225
0.0659508
0.0656801
0.0654105
0.0651419
0.0648743
0.0646078
0.0643424
0.0640779
0.0638145
0.0635521
0.0632908
0.0630304
0.0627711
0.0625127
0.0622554
0.0619991
0.0617437
0.0614894
0.061236
0.0609837
0.0607323
0.0604819
0.0602324
0.059984
0.0597365
0.05949
0.0592444
0.0589998
0.0587561
0.0585134
0.0582717
0.0580309
0.057791
0.057552
0.057314
0.057077
0.0568408
0.0566056
0.0563713
0.0561379
0.0559054
0.0556739
0.0554432
0.0552134
0.0549846
0.0547566
0.0545296
0.0543034
0.0540781
0.0538537
0.0536301
0.0534075
0.0531857
0.0529648
0.0527448
0.0525256
0.0523073
0.0520898
0.0518732
0.0516575
0.0514426
0.0512285
0.0510153
0.0508029
0.0505914
0.0503807
0.0501708
0.0499617
0.0497535
0.0495461
0.0493395
0.0491337
0.0489288
0.0487246
0.0485213
0.0483187
0.048117
0.047916
0.0477159
0.0475165
0.0473179
0.0471201
0.0469231
0.0467269
0.0465315
0.0463368
0.0461429
0.0459497
0.0457573
0.0455657
0.0453749
0.0451848
0.0449954
0.0448068
0.044619
0.0444319
0.0442455
0.0440599
0.043875
0.0436909
0.0435074
0.0433247
0.0431428
0.0429615
0.042781
0.0426012
0.0424221
0.0422438
0.0420661
0.0418891
0.0417129
0.0415373
0.0413625
0.0411883
0.0410149
0.0408421
0.04067
0.0404986
0.0403279
0.0401579
0.0399885
0.0398199
0.0396519
0.0394845
0.0393179
0.0391519
0.0389866
0.0388219
0.0386579
0.0384945
0.0383318
0.0381698
0.0380084
0.0378476
0.0376875
0.037528
0.0373692
0.037211
0.0370535
0.0368965
0.0367402
0.0365846
0.0364295
0.0362751
0.0361213
0.0359681
0.0358156
0.0356636
0.0355123
0.0353615
0.0352114
0.0350619
0.0349129
0.0347646
0.0346169
0.0344698
0.0343232
0.0341773
0.0340319
0.0338871
0.0337429
0.0335993
0.0334563
0.0333139
0.033172
0.0330307
0.0328899
0.0327498
0.0326102
0.0324711
0.0323327
0.0321947
0.0320574
0.0319206
0.0317843
0.0316486
0.0315135
0.0313789
0.0312448
0.0311113
0.0309784
0.0308459
0.030714
0.0305827
0.0304518
0.0303216
0.0301918
0.0300625
0.0299338
0.0298056
0.029678
0.0295508
0.0294242
0.029298
0.0291724
0.0290473
0.0289227
0.0287987
0.0286751
0.028552
0.0284294
0.0283074
0.0281858
0.0280647
0.0279441
0.027824
0.0277044
0.0275853
0.0274667
0.0273485
0.0272308
0.0271137
0.026997
0.0268807
0.026765
0.0266497
0.0265349
0.0264205
0.0263067
0.0261932
0.0260803
0.0259678
0.0258558
0.0257442
0.0256331
0.0255225
0.0254123
0.0253025
0.0251932
0.0250844
0.024976
0.024868
0.0247605
0.0246534
0.0245468
0.0244406
0.0243349
0.0242295
0.0241246
0.0240202
0.0239162
0.0238125
0.0237094
0.0236066
0.0235043
0.0234024
0.0233009
0.0231998
0.0230992
0.0229989
0.0228991
0.0227997
0.0227007
0.0226021
0.0225039
0.0224061
0.0223087
0.0222118
0.0221152
0.022019
0.0219232
0.0218278
0.0217329
0.0216383
0.021544
0.0214502
0.0213568
0.0212638
0.0211711
0.0210788
0.0209869
0.0208954
0.0208043
0.0207135
0.0206232
0.0205332
0.0204435
0.0203543
0.0202654
0.0201769
0.0200887
0.0200009
0.0199135
0.0198265
0.0197398
0.0196534
0.0195674
0.0194818
0.0193966
0.0193117
0.0192271
0.0191429
0.019059
0.0189755
0.0188924
0.0188096
0.0187271
0.018645
0.0185632
0.0184818
0.0184007
0.0183199
0.0182395
0.0181594
0.0180797
0.0180003
0.0179212
0.0178424
0.017764
0.0176859
0.0176081
0.0175307
0.0174536
0.0173768
0.0173003
0.0172241
0.0171483
0.0170728
0.0169976
0.0169227
0.0168481
0.0167738
0.0166999
0.0166262
0.0165529
0.0164799
0.0164072
0.0163347
0.0162626
0.0161908
0.0161193
0.0160481
0.0159772
0.0159066
0.0158363
0.0157663
0.0156966
0.0156271
0.015558
0.0154892
0.0154206
0.0153523
0.0152844
0.0152167
0.0151493
0.0150822
0.0150153
0.0149488
0.0148825
0.0148165
0.0147508
0.0146853
0.0146202
0.0145553
0.0144907
0.0144263
0.0143623
0.0142985
0.0142349
0.0141717
0.0141087
0.014046
0.0139835
0.0139213
0.0138594
0.0137977
0.0137363
0.0136752
0.0136143
0.0135537
0.0134933
0.0134332
0.0133733
0.0133137
0.0132543
0.0131952
0.0131364
0.0130778
0.0130194
0.0129613
0.0129035
0.0128459
0.0127885
0.0127314
0.0126745
0.0126179
0.0125615
0.0125053
0.0124494
0.0123937
0.0123383
0.0122831
0.0122281
0.0121734
0.0121189
0.0120646
0.0120106
0.0119568
0.0119032
0.0118498
0.0117967
0.0117438
0.0116912
0.0116387
0.0115865
0.0115345
0.0114827
0.0114312
0.0113798
0.0113287
0.0112778
0.0112272
0.0111767
0.0111265
0.0110765
0.0110266
0.010977
0.0109277
0.0108785
0.0108295
0.0107808
0.0107322
0.0106839
0.0106358
0.0105878
0.0105401
0.0104926
0.0104453
0.0103982
0.0103513
0.0103046
0.0102581
0.0102118
0.0101657
0.0101198
0.0100741
0.0100286
0.00998332
0.00993821
0.00989329
0.00984857
0.00980403
0.00975969
0.00971555
0.00967159
0.00962782
0.00958424
0.00954085
0.00949764
0.00945463
0.0094118
0.00936915
0.00932669
0.00928441
0.00924231
0.0092004
0.00915867
0.00911712
0.00907575
0.00903455
0.00899354
0.0089527
0.00891204
0.00887156
0.00883125
0.00879112
0.00875116
0.00871137
0.00867176
0.00863232
0.00859305
0.00855395
0.00851502
0.00847626
0.00843767
0.00839924
0.00836099
0.00832289
0.00828497
0.00824721
0.00820961
0.00817218
0.00813491
0.0080978
0.00806086
0.00802407
0.00798745
0.00795098
0.00791468
0.00787853
0.00784254
0.0078067
0.00777103
0.00773551
0.00770014
0.00766493
0.00762987
0.00759496
0.00756021
0.00752561
0.00749116
0.00745686
0.00742271
0.00738871
0.00735486
0.00732116
0.00728761
0.0072542
0.00722093
0.00718782
0.00715485
0.00712202
0.00708934
0.0070568
0.0070244
0.00699214
0.00696003
0.00692806
0.00689623
0.00686453
0.00683298
0.00680156
0.00677029
0.00673915
0.00670814
0.00667728
0.00664655
0.00661595
0.00658549
0.00655516
0.00652497
0.00649491
0.00646498
0.00643518
0.00640552
0.00637598
0.00634658
0.0063173
0.00628816
0.00625914
0.00623025
0.00620149
0.00617285
0.00614434
0.00611596
0.0060877
0.00605957
0.00603156
0.00600368
0.00597591
0.00594828
0.00592076
0.00589336
0.00586609
0.00583894
0.0058119
0.00578499
0.0057582
0.00573152
0.00570496
0.00567852
0.0056522
0.00562599
0.0055999
0.00557393
0.00554807
0.00552233
0.00549669
0.00547118
0.00544578
0.00542048
0.00539531
0.00537024
0.00534529
0.00532044
0.00529571
0.00527108
0.00524657
0.00522217
0.00519787
0.00517368
0.0051496
0.00512563
0.00510176
0.005078
0.00505434
0.00503079
0.00500735
0.00498401
0.00496077
0.00493764
0.00491461
0.00489169
0.00486886
0.00484614
0.00482352
0.004801
0.00477858
0.00475626
0.00473404
0.00471192
0.0046899
0.00466798
0.00464616
0.00462443
0.0046028
0.00458127
0.00455983
0.00453849
0.00451725
0.0044961
0.00447504
0.00445408
0.00443321
0.00441244
0.00439176
0.00437117
0.00435068
0.00433028
0.00430996
0.00428974
0.00426962
0.00424958
0.00422963
0.00420977
0.00419
0.00417032
0.00415072
0.00413122
0.0041118
0.00409247
0.00407323
0.00405408
0.00403501
0.00401602
0.00399712
0.00397831
0.00395958
0.00394094
0.00392238
0.0039039
0.00388551
0.0038672
0.00384897
0.00383083
0.00381277
0.00379478
0.00377688
0.00375906
0.00374133
0.00372367
0.00370609
0.00368859
0.00367117
0.00365383
0.00363656
0.00361938
0.00360227
0.00358524
0.00356829
0.00355141
0.00353461
0.00351789
0.00350124
0.00348467
0.00346817
0.00345175
0.0034354
0.00341913
0.00340293
0.0033868
0.00337075
0.00335477
0.00333886
0.00332303
0.00330726
0.00329157
0.00327595
0.0032604
0.00324493
0.00322952
0.00321418
0.00319891
0.00318371
0.00316858
0.00315352
0.00313853
0.00312361
0.00310875
0.00309396
0.00307924
0.00306459
0.00305
0.00303548
0.00302103
0.00300664
0.00299232
0.00297806
0.00296387
0.00294974
0.00293568
0.00292168
0.00290775
0.00289388
0.00288007
0.00286632
0.00285264
0.00283902
0.00282547
0.00281197
0.00279854
0.00278517
0.00277186
0.00275861
0.00274543
0.0027323
0.00271923
0.00270622
0.00269328
0.00268039
0.00266756
0.00265479
0.00264208
0.00262942
0.00261683
0.00260429
0.00259181
0.00257939
0.00256702
0.00255471
0.00254246
0.00253027
0.00251813
0.00250604
0.00249402
0.00248204
0.00247013
0.00245826
0.00244645
0.0024347
0.002423
0.00241136
0.00239976
0.00238823
0.00237674
0.00236531
0.00235393
0.0023426
0.00233133
0.0023201
0.00230893
0.00229781
0.00228675
0.00227573
0.00226476
0.00225385
0.00224298
0.00223217
0.00222141
0.00221069
0.00220003
0.00218941
0.00217884
0.00216833
0.00215786
0.00214744
0.00213707
0.00212674
0.00211647
0.00210624
0.00209606
0.00208592
0.00207584
0.0020658
0.0020558
0.00204586
0.00203595
0.0020261
0.00201629
0.00200653
0.00199681
0.00198714
0.00197751
0.00196793
0.00195839
0.00194889
0.00193944
0.00193004
0.00192067
0.00191136
0.00190208
0.00189285
0.00188366
0.00187451
0.00186541
0.00185635
0.00184733
0.00183835
0.00182942
0.00182052
0.00181167
0.00180286
0.00179409
0.00178536
0.00177668
0.00176803
0.00175942
0.00175086
0.00174233
0.00173384
0.0017254
0.00171699
0.00170862
0.00170029
0.001692
0.00168375
0.00167554
0.00166737
0.00165923
0.00165113
0.00164307
0.00163505
0.00162707
0.00161912
0.00161121
0.00160334
0.00159551
0.00158771
0.00157995
0.00157222
0.00156453
0.00155688
0.00154926
0.00154168
0.00153413
0.00152662
0.00151915
0.00151171
0.0015043
0.00149693
0.0014896
0.0014823
0.00147503
0.0014678
0.0014606
0.00145344
0.00144631
0.00143921
0.00143215
0.00142512
0.00141812
0.00141116
0.00140423
0.00139733
0.00139046
0.00138363
0.00137683
0.00137006
0.00136332
0.00135662
0.00134994
0.0013433
0.00133669
0.00133011
0.00132357
0.00131705
0.00131056
0.00130411
0.00129768
0.00129129
0.00128492
0.00127859
0.00127228
0.00126601
0.00125977
0.00125355
0.00124737
0.00124121
0.00123508
0.00122899
0.00122292
0.00121688
0.00121087
0.00120488
0.00119893
0.001193
0.0011871
0.00118123
0.00117539
0.00116958
0.00116379
0.00115803
0.0011523
0.0011466
0.00114092
0.00113527
0.00112965
0.00112405
0.00111848
0.00111294
0.00110742
0.00110193
0.00109646
0.00109103
0.00108561
0.00108023
0.00107487
0.00106953
0.00106422
0.00105894
0.00105368
0.00104844
0.00104323
0.00103805
0.00103289
0.00102776
0.00102265
0.00101756
0.0010125
0.00100746
0.00100245
0.000997459
0.000992494
0.000987552
0.000982635
0.00097774
0.00097287
0.000968022
0.000963198
0.000958397
0.000953619
0.000948864
0.000944131
0.000939422
0.000934735
0.00093007
0.000925428
0.000920808
0.00091621
0.000911635
0.000907081
0.00090255
0.00089804
0.000893551
0.000889085
0.00088464
0.000880216
0.000875813
0.000871432
0.000867072
0.000862733
0.000858414
0.000854117
0.00084984
0.000845584
0.000841348
0.000837133
0.000832938
0.000828763
0.000824609
0.000820474
0.00081636
0.000812265
0.00080819
0.000804135
0.000800099
0.000796083
0.000792086
0.000788108
0.00078415
0.000780211
0.000776291
0.00077239
0.000768508
0.000764644
0.0007608
0.000756973
0.000753166
0.000749377
0.000745606
0.000741853
0.000738119
0.000734403
0.000730704
0.000727024
0.000723362
0.000719717
0.00071609
0.00071248
0.000708888
0.000705314
0.000701757
0.000698217
0.000694694
0.000691189
0.0006877
0.000684229
0.000680774
0.000677336
0.000673915
0.00067051
0.000667123
0.000663751
0.000660396
0.000657057
0.000653735
0.000650428
0.000647138
0.000643864
0.000640606
0.000637364
0.000634137
0.000630926
0.000627731
0.000624552
0.000621388
0.000618239
0.000615106
0.000611988
0.000608885
0.000605798
0.000602725
0.000599668
0.000596625
0.000593598
0.000590585
0.000587587
0.000584603
0.000581634
0.00057868
0.00057574
0.000572815
0.000569904
0.000567007
0.000564124
0.000561255
0.000558401
0.00055556
0.000552734
0.000549921
0.000547122
0.000544337
0.000541565
0.000538807
0.000536063
0.000533332
0.000530614
0.00052791
0.000525219
0.000522541
0.000519877
0.000517225
0.000514587
0.000511961
0.000509349
0.000506749
0.000504162
0.000501588
0.000499026
0.000496477
0.000493941
0.000491417
0.000488906
0.000486406
0.00048392
0.000481445
0.000478983
0.000476533
0.000474095
0.000471668
0.000469254
0.000466852
0.000464462
0.000462083
0.000459716
0.000457361
0.000455018
0.000452686
0.000450366
0.000448057
0.000445759
0.000443473
0.000441198
0.000438935
0.000436682
0.000434441
0.000432211
0.000429992
0.000427784
0.000425586
0.0004234
0.000421225
0.00041906
0.000416906
0.000414763
0.00041263
0.000410508
0.000408396
0.000406295
0.000404204
0.000402124
0.000400054
0.000397994
0.000395945
0.000393906
0.000391876
0.000389857
0.000387848
0.000385849
0.00038386
0.000381881
0.000379911
0.000377952
0.000376002
0.000374062
0.000372131
0.00037021
0.000368299
0.000366397
0.000364505
0.000362622
0.000360749
0.000358884
0.00035703
0.000355184
0.000353347
0.00035152
0.000349702
0.000347893
0.000346093
0.000344302
0.00034252
0.000340746
0.000338982
0.000337227
0.00033548
0.000333742
0.000332012
0.000330292
0.00032858
0.000326876
0.000325181
0.000323494
0.000321816
0.000320147
0.000318485
0.000316832
0.000315187
0.000313551
0.000311923
0.000310302
0.00030869
0.000307087
0.000305491
0.000303903
0.000302323
0.000300751
0.000299187
0.00029763
0.000296082
0.000294541
0.000293008
0.000291483
0.000289965
0.000288456
0.000286953
0.000285458
0.000283971
0.000282491
0.000281019
0.000279554
0.000278096
0.000276646
0.000275203
0.000273767
0.000272339
0.000270918
0.000269504
0.000268097
0.000266697
0.000265304
0.000263918
0.000262539
0.000261167
0.000259803
0.000258444
0.000257093
0.000255749
0.000254411
0.00025308
0.000251756
0.000250439
0.000249128
0.000247824
0.000246526
0.000245235
0.000243951
0.000242673
0.000241401
0.000240136
0.000238878
0.000237625
0.000236379
0.00023514
0.000233906
0.000232679
0.000231458
0.000230244
0.000229035
0.000227833
0.000226636
0.000225446
0.000224262
0.000223084
0.000221911
0.000220745
0.000219585
0.00021843
0.000217282
0.000216139
0.000215002
0.000213871
0.000212745
0.000211625
0.000210511
0.000209403
0.0002083
0.000207203
0.000206112
0.000205026
0.000203945
0.00020287
0.000201801
0.000200737
0.000199678
0.000198625
0.000197577
0.000196534
0.000195497
0.000194465
0.000193439
0.000192417
0.000191401
0.00019039
0.000189384
0.000188383
0.000187388
0.000186397
0.000185412
0.000184431
0.000183456
0.000182485
0.00018152
0.000180559
0.000179604
0.000178653
0.000177707
0.000176766
0.00017583
0.000174898
0.000173972
0.00017305
0.000172132
0.00017122
0.000170312
0.000169409
0.00016851
0.000167616
0.000166727
0.000165842
0.000164962
0.000164086
0.000163215
0.000162348
0.000161486
0.000160628
0.000159774
0.000158925
0.000158081
0.00015724
0.000156404
0.000155572
0.000154745
0.000153922
0.000153102
0.000152288
0.000151477
0.000150671
0.000149868
0.00014907
0.000148276
0.000147486
0.0001467
0.000145918
0.00014514
0.000144367
0.000143597
0.000142831
0.000142069
0.000141311
0.000140557
0.000139807
0.00013906
0.000138318
0.000137579
0.000136845
0.000136114
0.000135386
0.000134663
0.000133943
0.000133227
0.000132515
0.000131806
0.000131101
0.0001304
0.000129702
0.000129008
0.000128317
0.000127631
0.000126947
0.000126267
0.000125591
0.000124918
0.000124249
0.000123583
0.000122921
0.000122262
0.000121606
0.000120954
0.000120305
0.00011966
0.000119018
0.000118379
0.000117744
0.000117112
0.000116483
0.000115857
0.000115235
0.000114616
0.000114
0.000113387
0.000112778
0.000112171
0.000111568
0.000110968
0.000110371
0.000109778
0.000109187
0.000108599
0.000108015
0.000107433
0.000106855
0.000106279
0.000105707
0.000105137
0.000104571
0.000104007
0.000103447
0.000102889
0.000102334
0.000101782
0.000101233
0.000100687
0.000100144
9.96032e-005
9.90656e-005
9.85307e-005
9.79987e-005
9.74694e-005
9.69429e-005
9.64192e-005
9.58982e-005
9.53799e-005
9.48643e-005
9.43514e-005
9.38412e-005
9.33337e-005
9.28288e-005
9.23266e-005
9.1827e-005
9.13301e-005
9.08357e-005
9.03439e-005
8.98547e-005
8.9368e-005
8.88839e-005
8.84024e-005
8.79234e-005
8.74468e-005
8.69728e-005
8.65013e-005
8.60322e-005
8.55656e-005
8.51015e-005
8.46398e-005
8.41805e-005
8.37236e-005
8.32692e-005
8.28171e-005
8.23674e-005
8.192e-005
8.1475e-005
8.10324e-005
8.05921e-005
8.01541e-005
7.97184e-005
7.9285e-005
7.88538e-005
7.8425e-005
7.79984e-005
7.7574e-005
7.71519e-005
7.6732e-005
7.63143e-005
7.58988e-005
7.54856e-005
7.50744e-005
7.46655e-005
7.42587e-005
7.38541e-005
7.34516e-005
7.30512e-005
7.26529e-005
7.22567e-005
7.18627e-005
7.14707e-005
7.10808e-005
7.06929e-005
7.03071e-005
6.99233e-005
6.95416e-005
6.91618e-005
6.87841e-005
6.84084e-005
6.80346e-005
6.76629e-005
6.72931e-005
6.69253e-005
6.65594e-005
6.61954e-005
6.58334e-005
6.54733e-005
6.51151e-005
6.47588e-005
6.44044e-005
6.40519e-005
6.37012e-005
6.33524e-005
6.30055e-005
6.26603e-005
6.23171e-005
6.19756e-005
6.16359e-005
6.12981e-005
6.09621e-005
6.06278e-005
6.02953e-005
5.99646e-005
5.96356e-005
5.93084e-005
5.89829e-005
5.86591e-005
5.83371e-005
5.80168e-005
5.76982e-005
5.73813e-005
5.7066e-005
5.67525e-005
5.64406e-005
5.61304e-005
5.58218e-005
5.55149e-005
5.52096e-005
5.49059e-005
5.46039e-005
5.43034e-005
5.40046e-005
5.37074e-005
5.34117e-005
5.31176e-005
5.28251e-005
5.25341e-005
5.22447e-005
5.19569e-005
5.16706e-005
5.13858e-005
5.11025e-005
5.08208e-005
5.05405e-005
5.02618e-005
4.99845e-005
4.97087e-005
4.94344e-005
4.91616e-005
4.88902e-005
4.86203e-005
4.83518e-005
4.80847e-005
4.78191e-005
4.75549e-005
4.72921e-005
4.70308e-005
4.67708e-005
4.65122e-005
4.6255e-005
4.59992e-005
4.57448e-005
4.54917e-005
4.52399e-005
4.49896e-005
4.47405e-005
4.44928e-005
4.42465e-005
4.40014e-005
4.37577e-005
4.35153e-005
4.32742e-005
4.30343e-005
4.27958e-005
4.25586e-005
4.23226e-005
4.20879e-005
4.18544e-005
4.16222e-005
4.13913e-005
4.11616e-005
4.09331e-005
4.07059e-005
4.04799e-005
4.02551e-005
4.00315e-005
3.98091e-005
3.95879e-005
3.93679e-005
3.91491e-005
3.89315e-005
3.8715e-005
3.84997e-005
3.82856e-005
3.80726e-005
3.78608e-005
3.76501e-005
3.74406e-005
3.72321e-005
3.70248e-005
3.68187e-005
3.66136e-005
3.64097e-005
3.62068e-005
3.60051e-005
3.58044e-005
3.56048e-005
3.54063e-005
3.52089e-005
3.50125e-005
3.48172e-005
3.4623e-005
3.44298e-005
3.42376e-005
3.40465e-005
3.38565e-005
3.36674e-005
3.34794e-005
3.32924e-005
3.31064e-005
3.29214e-005
3.27375e-005
3.25545e-005
3.23725e-005
3.21915e-005
3.20115e-005
3.18324e-005
3.16543e-005
3.14772e-005
3.13011e-005
3.11259e-005
3.09517e-005
3.07784e-005
3.0606e-005
3.04346e-005
3.02641e-005
3.00946e-005
2.99259e-005
2.97582e-005
2.95914e-005
2.94255e-005
2.92605e-005
2.90964e-005
2.89332e-005
2.87709e-005
2.86094e-005
2.84489e-005
2.82892e-005
2.81304e-005
2.79724e-005
2.78153e-005
2.76591e-005
2.75037e-005
2.73492e-005
2.71955e-005
2.70426e-005
2.68906e-005
2.67394e-005
2.6589e-005
2.64395e-005
2.62908e-005
2.61428e-005
2.59957e-005
2.58494e-005
2.57039e-005
2.55592e-005
2.54153e-005
2.52721e-005
2.51298e-005
2.49882e-005
2.48474e-005
2.47074e-005
2.45681e-005
2.44296e-005
2.42918e-005
2.41548e-005
2.40186e-005
2.38831e-005
2.37483e-005
2.36143e-005
2.3481e-005
2.33485e-005
2.32166e-005
2.30855e-005
2.29551e-005
2.28255e-005
2.26965e-005
2.25683e-005
2.24407e-005
2.23138e-005
2.21877e-005
2.20622e-005
2.19374e-005
2.18134e-005
2.16899e-005
2.15672e-005
2.14452e-005
2.13238e-005
2.1203e-005
2.1083e-005
2.09636e-005
2.08448e-005
2.07268e-005
2.06093e-005
2.04925e-005
2.03764e-005
2.02609e-005
2.0146e-005
2.00317e-005
1.99181e-005
1.98051e-005
1.96928e-005
1.9581e-005
1.94699e-005
1.93594e-005
1.92494e-005
1.91401e-005
1.90314e-005
1.89233e-005
1.88158e-005
1.87089e-005
1.86026e-005
1.84968e-005
1.83917e-005
1.82871e-005
1.81831e-005
1.80797e-005
1.79768e-005
1.78746e-005
1.77728e-005
1.76717e-005
1.75711e-005
1.7471e-005
1.73715e-005
1.72726e-005
1.71742e-005
1.70764e-005
1.69791e-005
1.68823e-005
1.67861e-005
1.66904e-005
1.65952e-005
1.65005e-005
1.64064e-005
1.63128e-005
1.62197e-005
1.61272e-005
1.60351e-005
1.59436e-005
1.58526e-005
1.5762e-005
1.5672e-005
1.55825e-005
1.54934e-005
1.54049e-005
1.53169e-005
1.52293e-005
1.51422e-005
1.50557e-005
1.49695e-005
1.48839e-005
1.47988e-005
1.47141e-005
1.46299e-005
1.45461e-005
1.44629e-005
1.43801e-005
1.42977e-005
1.42158e-005
1.41344e-005
1.40534e-005
1.39729e-005
1.38928e-005
1.38131e-005
1.37339e-005
1.36552e-005
1.35769e-005
1.3499e-005
1.34215e-005
1.33445e-005
1.32679e-005
1.31918e-005
1.3116e-005
1.30407e-005
1.29658e-005
1.28914e-005
1.28173e-005
1.27437e-005
1.26704e-005
1.25976e-005
1.25252e-005
1.24532e-005
1.23816e-005
1.23104e-005
1.22395e-005
1.21691e-005
1.20991e-005
1.20295e-005
1.19602e-005
1.18914e-005
1.18229e-005
1.17548e-005
1.16871e-005
1.16198e-005
1.15528e-005
1.14863e-005
1.142e-005
1.13542e-005
1.12888e-005
1.12237e-005
1.11589e-005
1.10946e-005
1.10305e-005
1.09669e-005
1.09036e-005
1.08407e-005
1.07781e-005
1.07158e-005
1.0654e-005
1.05924e-005
1.05312e-005
1.04704e-005
1.04099e-005
1.03497e-005
1.02899e-005
1.02304e-005
1.01712e-005
1.01124e-005
1.00539e-005
9.99574e-006
9.9379e-006
9.88038e-006
9.82319e-006
9.76632e-006
9.70977e-006
9.65354e-006
9.59763e-006
9.54203e-006
9.48674e-006
9.43177e-006
9.3771e-006
9.32274e-006
9.26869e-006
9.21494e-006
9.1615e-006
9.10836e-006
9.05551e-006
9.00297e-006
8.95072e-006
8.89877e-006
8.84711e-006
8.79574e-006
8.74466e-006
8.69387e-006
8.64336e-006
8.59314e-006
8.54321e-006
8.49355e-006
8.44418e-006
8.39509e-006
8.34627e-006
8.29773e-006
8.24946e-006
8.20147e-006
8.15375e-006
8.1063e-006
8.05911e-006
8.0122e-006
7.96555e-006
7.91916e-006
7.87304e-006
7.82717e-006
7.78157e-006
7.73623e-006
7.69114e-006
7.64631e-006
7.60173e-006
7.5574e-006
7.51333e-006
7.46951e-006
7.42593e-006
7.3826e-006
7.33952e-006
7.29668e-006
7.25408e-006
7.21173e-006
7.16962e-006
7.12774e-006
7.08611e-006
7.04471e-006
7.00354e-006
6.96261e-006
6.92192e-006
6.88145e-006
6.84121e-006
6.80121e-006
6.76143e-006
6.72187e-006
6.68254e-006
6.64344e-006
6.60456e-006
6.56589e-006
6.52745e-006
6.48923e-006
6.45123e-006
6.41344e-006
6.37587e-006
6.33851e-006
6.30136e-006
6.26443e-006
6.2277e-006
6.19119e-006
6.15488e-006
6.11878e-006
6.08289e-006
6.0472e-006
6.01172e-006
5.97644e-006
5.94136e-006
5.90648e-006
5.87179e-006
5.83731e-006
5.80303e-006
5.76894e-006
5.73504e-006
5.70134e-006
5.66783e-006
5.63451e-006
5.60138e-006
5.56845e-006
5.5357e-006
5.50314e-006
5.47076e-006
5.43857e-006
5.40656e-006
5.37474e-006
5.3431e-006
5.31164e-006
5.28036e-006
5.24926e-006
5.21834e-006
5.1876e-006
5.15703e-006
5.12664e-006
5.09642e-006
5.06637e-006
5.0365e-006
5.0068e-006
4.97727e-006
4.9479e-006
4.91871e-006
4.88969e-006
4.86083e-006
4.83213e-006
4.8036e-006
4.77524e-006
4.74704e-006
4.719e-006
4.69112e-006
4.6634e-006
4.63584e-006
4.60844e-006
4.5812e-006
4.55411e-006
4.52718e-006
4.50041e-006
4.47379e-006
4.44732e-006
4.421e-006
4.39484e-006
4.36883e-006
4.34296e-006
4.31725e-006
4.29168e-006
4.26626e-006
4.24099e-006
4.21586e-006
4.19088e-006
4.16604e-006
4.14135e-006
4.1168e-006
4.09238e-006
4.06811e-006
4.04399e-006
4.01999e-006
3.99614e-006
3.97243e-006
3.94885e-006
3.92541e-006
3.90211e-006
3.87893e-006
3.8559e-006
3.83299e-006
3.81022e-006
3.78758e-006
3.76507e-006
3.7427e-006
3.72045e-006
3.69833e-006
3.67633e-006
3.65447e-006
3.63273e-006
3.61112e-006
3.58963e-006
3.56827e-006
3.54703e-006
3.52591e-006
3.50492e-006
3.48405e-006
3.4633e-006
3.44266e-006
3.42215e-006
3.40176e-006
3.38149e-006
3.36133e-006
3.34129e-006
3.32137e-006
3.30156e-006
3.28187e-006
3.26229e-006
3.24283e-006
3.22348e-006
3.20424e-006
3.18511e-006
3.16609e-006
3.14719e-006
3.12839e-006
3.10971e-006
3.09113e-006
3.07266e-006
3.0543e-006
3.03604e-006
3.01789e-006
2.99985e-006
2.98191e-006
2.96408e-006
2.94635e-006
2.92872e-006
2.9112e-006
2.89378e-006
2.87646e-006
2.85924e-006
2.84212e-006
2.8251e-006
2.80818e-006
2.79136e-006
2.77463e-006
2.75801e-006
2.74148e-006
2.72505e-006
2.70871e-006
2.69247e-006
2.67632e-006
2.66027e-006
2.64431e-006
2.62845e-006
2.61268e-006
2.597e-006
2.58141e-006
2.56591e-006
2.5505e-006
2.53519e-006
2.51996e-006
2.50482e-006
2.48977e-006
2.47481e-006
2.45994e-006
2.44515e-006
2.43045e-006
2.41584e-006
2.40131e-006
2.38687e-006
2.37251e-006
2.35823e-006
2.34404e-006
2.32993e-006
2.31591e-006
2.30197e-006
2.2881e-006
2.27433e-006
2.26063e-006
2.24701e-006
2.23347e-006
2.22001e-006
2.20663e-006
2.19333e-006
2.1801e-006
2.16696e-006
2.15389e-006
2.1409e-006
2.12798e-006
2.11514e-006
2.10238e-006
2.08969e-006
2.07708e-006
2.06453e-006
2.05207e-006
2.03967e-006
2.02735e-006
2.01511e-006
2.00293e-006
1.99083e-006
1.97879e-006
1.96683e-006
1.95494e-006
1.94312e-006
1.93137e-006
1.91968e-006
1.90807e-006
1.89653e-006
1.88505e-006
1.87364e-006
1.8623e-006
1.85102e-006
1.83981e-006
1.82867e-006
1.81759e-006
1.80658e-006
1.79563e-006
1.78475e-006
1.77393e-006
1.76318e-006
1.75249e-006
1.74186e-006
1.7313e-006
1.7208e-006
1.71036e-006
1.69998e-006
1.68966e-006
1.67941e-006
1.66921e-006
1.65908e-006
1.649e-006
1.63899e-006
1.62903e-006
1.61913e-006
1.6093e-006
1.59952e-006
1.58979e-006
1.58013e-006
1.57052e-006
1.56097e-006
1.55148e-006
1.54204e-006
1.53266e-006
1.52333e-006
1.51406e-006
1.50485e-006
1.49568e-006
1.48658e-006
1.47752e-006
1.46853e-006
1.45958e-006
1.45069e-006
1.44185e-006
1.43306e-006
1.42433e-006
1.41564e-006
1.40701e-006
1.39843e-006
1.3899e-006
1.38142e-006
1.373e-006
1.36462e-006
1.35629e-006
1.34801e-006
1.33978e-006
1.3316e-006
1.32347e-006
1.31539e-006
1.30735e-006
1.29936e-006
1.29143e-006
1.28353e-006
1.27569e-006
1.26789e-006
1.26014e-006
1.25243e-006
1.24477e-006
1.23716e-006
1.22959e-006
1.22206e-006
1.21458e-006
1.20715e-006
1.19976e-006
1.19241e-006
1.18511e-006
1.17785e-006
1.17064e-006
1.16347e-006
1.15634e-006
1.14925e-006
1.14221e-006
1.13521e-006
1.12824e-006
1.12133e-006
1.11445e-006
1.10761e-006
1.10082e-006
1.09406e-006
1.08735e-006
1.08067e-006
1.07404e-006
1.06745e-006
1.06089e-006
1.05438e-006
1.0479e-006
1.04146e-006
1.03506e-006
1.0287e-006
1.02238e-006
1.01609e-006
1.00985e-006
1.00364e-006
9.97463e-007
9.91328e-007
9.85229e-007
9.79167e-007
9.73141e-007
9.67151e-007
9.61198e-007
9.5528e-007
9.49397e-007
9.4355e-007
9.37738e-007
9.31961e-007
9.26219e-007
9.20511e-007
9.14837e-007
9.09198e-007
9.03592e-007
8.98021e-007
8.92482e-007
8.86977e-007
8.81505e-007
8.76066e-007
8.7066e-007
8.65286e-007
8.59945e-007
8.54636e-007
8.49358e-007
8.44113e-007
8.38899e-007
8.33717e-007
8.28565e-007
8.23445e-007
8.18356e-007
8.13297e-007
8.08269e-007
8.03271e-007
7.98304e-007
7.93366e-007
7.88458e-007
7.8358e-007
7.78731e-007
7.73911e-007
7.69121e-007
7.64359e-007
7.59626e-007
7.54922e-007
7.50246e-007
7.45599e-007
7.40979e-007
7.36388e-007
7.31824e-007
7.27288e-007
7.22779e-007
7.18297e-007
7.13843e-007
7.09415e-007
7.05015e-007
7.00641e-007
6.96293e-007
6.91972e-007
6.87677e-007
6.83407e-007
6.79164e-007
6.74947e-007
6.70755e-007
6.66588e-007
6.62447e-007
6.58331e-007
6.54239e-007
6.50173e-007
6.46131e-007
6.42114e-007
6.38121e-007
6.34152e-007
6.30207e-007
6.26287e-007
6.2239e-007
6.18517e-007
6.14667e-007
6.10841e-007
6.07038e-007
6.03258e-007
5.99501e-007
5.95766e-007
5.92055e-007
5.88366e-007
5.84699e-007
5.81055e-007
5.77433e-007
5.73833e-007
5.70255e-007
5.66699e-007
5.63164e-007
5.59651e-007
5.56159e-007
5.52688e-007
5.49239e-007
5.45811e-007
5.42403e-007
5.39016e-007
5.3565e-007
5.32305e-007
5.28979e-007
5.25675e-007
5.2239e-007
5.19125e-007
5.1588e-007
5.12655e-007
5.0945e-007
5.06264e-007
5.03097e-007
4.9995e-007
4.96823e-007
4.93714e-007
4.90624e-007
4.87553e-007
4.84501e-007
4.81468e-007
4.78453e-007
4.75456e-007
4.72478e-007
4.69518e-007
4.66576e-007
4.63652e-007
4.60746e-007
4.57858e-007
4.54987e-007
4.52134e-007
4.49299e-007
4.46481e-007
4.4368e-007
4.40896e-007
4.38129e-007
4.35379e-007
4.32647e-007
4.2993e-007
4.27231e-007
4.24548e-007
4.21881e-007
4.19231e-007
4.16597e-007
4.13979e-007
4.11378e-007
4.08792e-007
4.06222e-007
4.03668e-007
4.01129e-007
3.98606e-007
3.96099e-007
3.93607e-007
3.9113e-007
3.88669e-007
3.86222e-007
3.83791e-007
3.81375e-007
3.78973e-007
3.76587e-007
3.74214e-007
3.71857e-007
3.69514e-007
3.67185e-007
3.64871e-007
3.62571e-007
3.60285e-007
3.58013e-007
3.55756e-007
3.53512e-007
3.51282e-007
3.49065e-007
3.46863e-007
3.44673e-007
3.42498e-007
3.40336e-007
3.38187e-007
3.36051e-007
3.33929e-007
3.31819e-007
3.29723e-007
3.27639e-007
3.25569e-007
3.23511e-007
3.21466e-007
3.19433e-007
3.17413e-007
3.15406e-007
3.13411e-007
3.11428e-007
3.09457e-007
3.07499e-007
3.05553e-007
3.03619e-007
3.01696e-007
2.99786e-007
2.97888e-007
2.96001e-007
2.94126e-007
2.92262e-007
2.9041e-007
2.8857e-007
2.8674e-007
2.84923e-007
2.83116e-007
2.81321e-007
2.79536e-007
2.77763e-007
2.76001e-007
2.7425e-007
2.72509e-007
2.70779e-007
2.69061e-007
2.67352e-007
2.65655e-007
2.63967e-007
2.62291e-007
2.60624e-007
2.58968e-007
2.57323e-007
2.55687e-007
2.54062e-007
2.52447e-007
2.50841e-007
2.49246e-007
2.47661e-007
2.46085e-007
2.4452e-007
2.42964e-007
2.41418e-007
2.39881e-007
2.38354e-007
2.36836e-007
2.35328e-007
2.33829e-007
2.3234e-007
2.30859e-007
2.29388e-007
2.27927e-007
2.26474e-007
2.2503e-007
2.23595e-007
2.2217e-007
2.20753e-007
2.19345e-007
2.17945e-007
2.16555e-007
2.15173e-007
2.138e-007
2.12435e-007
2.11079e-007
2.09731e-007
2.08392e-007
2.07061e-007
2.05738e-007
2.04424e-007
2.03117e-007
2.01819e-007
2.00529e-007
1.99247e-007
1.97973e-007
1.96707e-007
1.95449e-007
1.94199e-007
1.92957e-007
1.91722e-007
1.90495e-007
1.89276e-007
1.88065e-007
1.86861e-007
1.85664e-007
1.84475e-007
1.83294e-007
1.82119e-007
1.80953e-007
1.79793e-007
1.78641e-007
1.77496e-007
1.76358e-007
1.75227e-007
1.74103e-007
1.72987e-007
1.71877e-007
1.70775e-007
1.69679e-007
1.6859e-007
1.67508e-007
1.66433e-007
1.65364e-007
1.64302e-007
1.63247e-007
1.62199e-007
1.61157e-007
1.60121e-007
1.59092e-007
1.5807e-007
1.57054e-007
1.56044e-007
1.55041e-007
1.54044e-007
1.53053e-007
1.52069e-007
1.5109e-007
1.50118e-007
1.49152e-007
1.48192e-007
1.47238e-007
1.4629e-007
1.45348e-007
1.44412e-007
1.43482e-007
1.42558e-007
1.41639e-007
1.40727e-007
1.3982e-007
1.38919e-007
1.38023e-007
1.37133e-007
1.36249e-007
1.3537e-007
1.34497e-007
1.33629e-007
1.32767e-007
1.3191e-007
1.31059e-007
1.30213e-007
1.29372e-007
1.28537e-007
1.27707e-007
1.26882e-007
1.26062e-007
1.25248e-007
1.24438e-007
1.23634e-007
1.22835e-007
1.22041e-007
1.21252e-007
1.20468e-007
1.19689e-007
1.18914e-007
1.18145e-007
1.17381e-007
1.16621e-007
1.15866e-007
1.15116e-007
1.14371e-007
1.1363e-007
1.12895e-007
1.12163e-007
1.11437e-007
1.10715e-007
1.09997e-007
1.09285e-007
1.08576e-007
1.07872e-007
1.07173e-007
1.06478e-007
1.05787e-007
1.05101e-007
1.04419e-007
1.03742e-007
1.03069e-007
1.024e-007
1.01735e-007
1.01075e-007
1.00418e-007
9.97662e-008
9.91182e-008
9.84744e-008
9.78346e-008
9.71989e-008
9.65672e-008
9.59396e-008
9.53159e-008
9.46962e-008
9.40805e-008
9.34686e-008
9.28606e-008
9.22566e-008
9.16563e-008
9.10599e-008
9.04672e-008
8.98784e-008
8.92933e-008
8.87119e-008
8.81342e-008
8.75602e-008
8.69898e-008
8.64231e-008
8.586e-008
8.53005e-008
8.47445e-008
8.41921e-008
8.36432e-008
8.30978e-008
8.25559e-008
8.20174e-008
8.14824e-008
8.09508e-008
8.04226e-008
7.98977e-008
7.93762e-008
7.8858e-008
7.83432e-008
7.78316e-008
7.73233e-008
7.68182e-008
7.63164e-008
7.58177e-008
7.53223e-008
7.483e-008
7.43409e-008
7.38549e-008
7.3372e-008
7.28922e-008
7.24154e-008
7.19417e-008
7.14711e-008
7.10034e-008
7.05388e-008
7.00771e-008
6.96184e-008
6.91626e-008
6.87097e-008
6.82597e-008
6.78126e-008
6.73684e-008
6.6927e-008
6.64885e-008
6.60527e-008
6.56198e-008
6.51896e-008
6.47622e-008
6.43375e-008
6.39156e-008
6.34963e-008
6.30798e-008
6.26659e-008
6.22547e-008
6.18461e-008
6.14401e-008
6.10368e-008
6.0636e-008
6.02378e-008
5.98422e-008
5.94491e-008
5.90585e-008
5.86705e-008
5.82849e-008
5.79018e-008
5.75212e-008
5.71431e-008
5.67673e-008
5.6394e-008
5.60231e-008
5.56545e-008
5.52884e-008
5.49246e-008
5.45631e-008
5.4204e-008
5.38472e-008
5.34926e-008
5.31404e-008
5.27904e-008
5.24427e-008
5.20972e-008
5.1754e-008
5.14129e-008
5.10741e-008
5.07374e-008
5.0403e-008
5.00706e-008
4.97404e-008
4.94124e-008
4.90865e-008
4.87626e-008
4.84409e-008
4.81212e-008
4.78036e-008
4.74881e-008
4.71746e-008
4.68631e-008
4.65536e-008
4.62461e-008
4.59406e-008
4.56371e-008
4.53356e-008
4.5036e-008
4.47383e-008
4.44426e-008
4.41487e-008
4.38568e-008
4.35668e-008
4.32786e-008
4.29923e-008
4.27079e-008
4.24253e-008
4.21445e-008
4.18655e-008
4.15884e-008
4.13131e-008
4.10395e-008
4.07677e-008
4.04977e-008
4.02294e-008
3.99628e-008
3.9698e-008
3.94349e-008
3.91735e-008
3.89138e-008
3.86558e-008
3.83995e-008
3.81448e-008
3.78918e-008
3.76404e-008
3.73907e-008
3.71425e-008
3.6896e-008
3.66511e-008
