$SPEC_ID:
No sample description was entered.
$SPEC_REM:
DET# 3
DETDESC# PCKP27 MCB 129
AP# Maestro Version 7.01
$DATE_MEA:
05/27/2019 11:17:18
$MEAS_TIM:
379 426
$DATA:
0 8191
       0
       0
       0
       0
       0
       0
       0
       0
       0
       0
       0
       0
       0
       0
       0
       0
       0
       0
       0
       0
       0
       0
       0
       0
       0
       0
       0
       0
       0
       0
       0
       0
       0
       0
       0
       0
       0
       0
       0
       0
       0
       0
       0
       0
       0
       0
       0
       0
       0
       0
       0
       0
       0
       0
       0
       0
       0
       0
       0
       0
       0
       0
       0
       0
       0
       0
       0
       0
       0
       0
       0
       0
       0
       0
       0
       0
       0
       0
       0
       0
       0
       0
       0
       0
       0
       0
       0
       0
       0
       0
       0
       0
       0
       0
      22
     193
     294
     299
     297
     327
     299
     259
     270
     305
     271
     291
     253
     276
     279
     270
     278
     274
     233
     247
     273
     271
     269
     267
     295
     285
     278
     280
     292
     272
     335
     306
     253
     308
     261
     257
     269
     333
     281
     320
     299
     260
     298
     265
     273
     294
     288
     276
     293
     290
     295
     265
     296
     304
     279
     291
     281
     296
     258
     277
     275
     308
     266
     303
     296
     281
     304
     341
     314
     302
     267
     307
     269
     287
     261
     304
     283
     313
     291
     285
     295
     320
     237
     303
     297
     306
     291
     311
     287
     286
     306
     313
     274
     303
     308
     289
     318
     316
     321
     314
     284
     309
     297
     293
     313
     295
     303
     274
     284
     307
     268
     322
     316
     285
     297
     309
     308
     298
     296
     300
     337
     311
     296
     264
     308
     300
     328
     289
     303
     303
     296
     252
     319
     280
     307
     290
     320
     343
     329
     287
     334
     318
     310
     299
     296
     294
     306
     333
     317
     315
     337
     324
     347
     302
     299
     322
     279
     338
     286
     317
     351
     313
     309
     301
     336
     315
     313
     295
     333
     309
     360
     350
     331
     327
     363
     356
     339
     336
     333
     337
     315
     338
     321
     334
     309
     311
     349
     343
     281
     350
     356
     311
     332
     326
     311
     325
     328
     287
     338
     337
     338
     317
     352
     341
     284
     324
     294
     334
     290
     295
     320
     336
     357
     311
     323
     317
     340
     320
     296
     327
     299
     285
     313
     361
     351
     323
     311
     334
     330
     328
     326
     318
     315
     300
     316
     344
     337
     319
     317
     307
     352
     323
     332
     326
     320
     330
     325
     315
     325
     332
     308
     326
     322
     358
     334
     326
     312
     351
     322
     339
     316
     339
     311
     336
     315
     326
     325
     322
     340
     317
     344
     328
     364
     302
     327
     351
     321
     330
     297
     315
     338
     326
     334
     347
     331
     332
     350
     333
     350
     332
     381
     319
     284
     372
     345
     344
     373
     327
     355
     353
     321
     369
     327
     313
     341
     347
     339
     345
     375
     385
     355
     334
     372
     358
     353
     359
     404
     405
     369
     367
     341
     393
     401
     331
     382
     348
     367
     397
     407
     374
     423
     408
     375
     427
     413
     391
     417
     397
     443
     471
     434
     405
     458
     429
     453
     439
     448
     440
     438
     466
     444
     447
     466
     454
     471
     458
     483
     469
     470
     509
     480
     478
     499
     499
     499
     494
     517
     465
     545
     521
     523
     505
     521
     485
     521
     477
     540
     481
     527
     465
     487
     497
     502
     489
     475
     458
     506
     481
     570
     494
     517
     510
     464
     458
     498
     499
     492
     464
     455
     477
     508
     497
     482
     488
     470
     437
     493
     508
     415
     447
     430
     474
     442
     482
     463
     520
     407
     452
     484
     424
     441
     411
     431
     465
     436
     488
     448
     407
     442
     424
     457
     397
     392
     438
     438
     432
     434
     473
     442
     463
     389
     403
     450
     446
     390
     427
     406
     385
     416
     402
     428
     431
     417
     388
     406
     408
     399
     443
     418
     388
     415
     418
     414
     424
     391
     450
     405
     413
     409
     359
     374
     418
     416
     397
     386
     400
     350
     390
     392
     377
     351
     355
     366
     330
     367
     415
     377
     409
     388
     340
     368
     346
     352
     367
     339
     364
     375
     368
     371
     369
     390
     362
     381
     380
     370
     374
     375
     350
     388
     366
     348
     360
     394
     367
     331
     393
     364
     357
     362
     391
     404
     406
     363
     383
     385
     351
     383
     367
     369
     353
     394
     390
     411
     397
     359
     364
     408
     421
     401
     365
     375
     384
     360
     375
     381
     392
     386
     387
     392
     400
     366
     363
     392
     368
     412
     390
     389
     374
     364
     396
     369
     407
     395
     355
     431
     362
     396
     382
     401
     397
     393
     402
     418
     424
     395
     390
     432
     410
     363
     382
     430
     380
     391
     386
     387
     401
     382
     410
     413
     407
     396
     415
     408
     410
     400
     389
     393
     426
     427
     390
     415
     418
     381
     417
     397
     415
     413
     437
     447
     401
     387
     412
     418
     415
     416
     452
     416
     406
     430
     445
     401
     448
     435
     428
     409
     397
     418
     403
     431
     436
     432
     434
     406
     437
     444
     433
     463
     400
     440
     427
     391
     465
     416
     441
     427
     386
     432
     436
     422
     414
     393
     466
     437
     439
     401
     398
     440
     443
     438
     408
     423
     469
     435
     459
     426
     415
     413
     486
     402
     424
     426
     412
     431
     435
     451
     432
     448
     490
     440
     449
     426
     460
     460
     414
     449
     455
     464
     430
     448
     442
     416
     409
     431
     435
     439
     438
     463
     422
     426
     443
     452
     415
     426
     437
     429
     446
     427
     408
     438
     434
     485
     458
     425
     472
     473
     415
     443
     480
     433
     462
     425
     454
     493
     472
     451
     452
     474
     511
     462
     449
     491
     475
     444
     438
     455
     418
     449
     421
     463
     457
     455
     455
     481
     448
     471
     428
     453
     449
     419
     439
     436
     488
     457
     497
     464
     469
     435
     468
     470
     486
     489
     433
     482
     458
     474
     432
     481
     464
     461
     453
     442
     464
     456
     436
     464
     477
     502
     490
     480
     460
     445
     440
     469
     452
     452
     473
     482
     490
     472
     482
     481
     460
     467
     485
     501
     488
     470
     539
     492
     417
     498
     466
     473
     481
     488
     502
     449
     468
     469
     493
     476
     476
     485
     496
     492
     466
     451
     461
     462
     489
     500
     480
     460
     483
     476
     537
     475
     493
     490
     477
     497
     443
     475
     483
     469
     479
     490
     460
     490
     485
     493
     498
     501
     522
     497
     532
     476
     507
     465
     551
     495
     560
     540
     525
     500
     500
     531
     490
     493
     526
     500
     501
     501
     514
     521
     455
     500
     506
     505
     526
     533
     498
     547
     501
     518
     515
     533
     531
     535
     558
     548
     517
     527
     512
     495
     540
     502
     537
     470
     519
     464
     514
     514
     553
     531
     532
     516
     552
     516
     554
     547
     541
     592
     553
     516
     611
     544
     540
     560
     556
     518
     563
     558
     557
     601
     592
     498
     556
     542
     609
     577
     537
     542
     550
     576
     570
     530
     563
     563
     607
     625
     594
     585
     597
     586
     611
     600
     558
     607
     564
     594
     581
     585
     606
     623
     634
     588
     598
     628
     590
     635
     621
     632
     620
     655
     610
     618
     576
     631
     657
     603
     596
     619
     634
     648
     677
     598
     667
     714
     678
     636
     615
     669
     679
     692
     653
     652
     656
     706
     677
     646
     616
     700
     662
     690
     661
     675
     667
     715
     728
     735
     656
     686
     697
     697
     723
     731
     703
     697
     689
     691
     710
     772
     705
     728
     738
     741
     722
     743
     757
     745
     720
     728
     713
     732
     706
     743
     762
     727
     728
     750
     748
     749
     704
     729
     761
     735
     714
     708
     726
     724
     767
     772
     790
     735
     720
     740
     752
     779
     732
     796
     752
     738
     748
     768
     771
     724
     738
     736
     756
     734
     772
     770
     737
     735
     743
     741
     761
     726
     788
     789
     773
     747
     759
     796
     752
     783
     764
     762
     777
     715
     761
     780
     696
     736
     717
     792
     776
     730
     751
     775
     774
     720
     735
     727
     748
     724
     712
     735
     780
     688
     732
     732
     758
     699
     701
     763
     693
     696
     710
     723
     713
     718
     718
     730
     726
     707
     718
     698
     742
     756
     742
     705
     716
     690
     723
     692
     703
     664
     699
     720
     672
     659
     680
     703
     663
     701
     677
     689
     678
     671
     671
     706
     662
     662
     676
     678
     679
     710
     668
     671
     681
     654
     683
     643
     654
     658
     675
     673
     670
     666
     639
     612
     702
     643
     640
     685
     631
     619
     665
     623
     614
     634
     677
     627
     586
     664
     639
     686
     655
     638
     620
     598
     622
     630
     627
     626
     629
     639
     615
     592
     619
     633
     618
     591
     633
     598
     594
     644
     610
     609
     594
     571
     591
     561
     609
     592
     538
     576
     576
     578
     579
     595
     553
     567
     615
     547
     602
     582
     586
     602
     612
     589
     535
     625
     593
     597
     587
     540
     607
     597
     546
     565
     558
     563
     584
     511
     576
     578
     594
     573
     523
     591
     585
     575
     518
     590
     521
     566
     532
     580
     574
     539
     527
     557
     555
     557
     583
     507
     549
     565
     545
     537
     536
     555
     529
     528
     556
     539
     528
     526
     533
     545
     558
     501
     505
     538
     526
     581
     494
     502
     528
     521
     534
     549
     512
     535
     512
     512
     565
     486
     521
     518
     517
     501
     533
     544
     518
     516
     481
     505
     546
     509
     510
     458
     486
     518
     524
     519
     492
     494
     550
     477
     486
     502
     548
     477
     501
     516
     522
     477
     521
     497
     472
     439
     493
     483
     478
     483
     504
     472
     488
     476
     489
     514
     470
     484
     486
     501
     502
     413
     498
     473
     523
     504
     525
     451
     447
     520
     484
     467
     493
     486
     503
     447
     498
     430
     488
     468
     466
     506
     495
     468
     489
     427
     457
     479
     490
     468
     472
     497
     504
     448
     437
     467
     454
     466
     455
     466
     471
     483
     483
     461
     460
     467
     463
     477
     515
     478
     431
     503
     474
     499
     455
     453
     455
     472
     411
     440
     454
     402
     448
     463
     486
     445
     468
     447
     484
     443
     467
     477
     444
     466
     431
     495
     460
     465
     457
     468
     431
     444
     460
     468
     450
     481
     460
     448
     450
     457
     455
     488
     452
     455
     443
     429
     473
     454
     441
     461
     456
     432
     446
     435
     484
     423
     451
     461
     452
     434
     432
     452
     495
     451
     448
     440
     434
     394
     429
     466
     452
     428
     446
     453
     475
     438
     454
     462
     430
     472
     438
     475
     431
     451
     405
     402
     422
     441
     471
     457
     418
     422
     464
     465
     430
     413
     465
     503
     457
     417
     463
     430
     393
     437
     456
     447
     453
     417
     453
     431
     449
     454
     428
     419
     437
     462
     403
     454
     444
     443
     426
     407
     439
     423
     390
     392
     443
     416
     407
     401
     402
     459
     426
     429
     460
     429
     427
     458
     472
     426
     422
     440
     428
     417
     462
     454
     420
     434
     385
     428
     454
     446
     408
     489
     436
     456
     442
     412
     402
     449
     409
     417
     379
     399
     479
     413
     412
     400
     447
     443
     398
     439
     444
     416
     396
     411
     442
     429
     437
     427
     399
     422
     405
     419
     423
     428
     380
     425
     407
     388
     410
     417
     436
     407
     418
     418
     405
     438
     408
     419
     465
     423
     447
     403
     447
     397
     422
     405
     383
     411
     418
     404
     447
     424
     398
     376
     413
     424
     420
     414
     456
     423
     379
     425
     391
     423
     410
     405
     371
     414
     406
     435
     431
     416
     439
     409
     378
     387
     421
     403
     425
     420
     411
     394
     394
     381
     393
     405
     394
     407
     387
     390
     425
     440
     409
     401
     391
     382
     415
     399
     399
     419
     410
     416
     398
     383
     433
     369
     412
     369
     404
     391
     412
     411
     400
     391
     371
     425
     399
     415
     394
     361
     390
     423
     368
     398
     427
     390
     415
     413
     410
     388
     424
     377
     398
     422
     408
     421
     419
     389
     399
     425
     383
     364
     386
     422
     403
     353
     379
     382
     422
     393
     406
     396
     410
     402
     399
     418
     402
     382
     410
     404
     374
     367
     398
     412
     374
     372
     390
     406
     398
     418
     352
     392
     391
     400
     360
     369
     365
     358
     404
     394
     360
     383
     377
     404
     372
     449
     351
     392
     371
     395
     382
     405
     383
     387
     399
     402
     387
     370
     395
     394
     347
     357
     430
     386
     377
     403
     401
     401
     380
     344
     373
     406
     404
     407
     408
     407
     387
     418
     410
     377
     388
     372
     397
     400
     406
     392
     382
     357
     341
     374
     381
     394
     412
     380
     387
     390
     375
     402
     361
     397
     361
     416
     396
     383
     368
     345
     411
     361
     375
     385
     384
     344
     399
     370
     364
     374
     403
     377
     377
     374
     371
     389
     366
     396
     374
     381
     403
     418
     369
     435
     366
     372
     376
     387
     371
     385
     361
     363
     408
     394
     369
     418
     389
     372
     359
     411
     388
     410
     367
     423
     361
     342
     380
     354
     365
     380
     390
     374
     351
     366
     395
     380
     399
     357
     380
     366
     384
     352
     349
     358
     380
     392
     345
     368
     382
     423
     372
     364
     385
     373
     402
     396
     354
     375
     397
     372
     361
     378
     379
     397
     369
     382
     389
     347
     389
     372
     382
     346
     391
     348
     394
     388
     346
     400
     414
     422
     378
     415
     382
     396
     375
     351
     383
     355
     397
     364
     356
     380
     367
     345
     383
     356
     339
     394
     401
     375
     388
     360
     383
     400
     399
     346
     338
     400
     363
     381
     366
     363
     358
     356
     399
     358
     357
     394
     398
     379
     366
     350
     380
     381
     369
     415
     333
     356
     377
     415
     407
     345
     366
     342
     380
     364
     389
     372
     362
     348
     362
     370
     329
     398
     347
     351
     360
     361
     363
     392
     368
     386
     359
     373
     376
     370
     376
     397
     388
     375
     364
     349
     339
     391
     371
     350
     363
     352
     359
     345
     374
     394
     364
     364
     337
     343
     379
     367
     360
     381
     400
     372
     338
     381
     352
     367
     360
     358
     385
     384
     383
     355
     386
     352
     365
     350
     353
     336
     360
     379
     372
     377
     370
     385
     340
     376
     395
     328
     373
     359
     376
     389
     377
     391
     357
     358
     381
     347
     360
     332
     379
     337
     365
     410
     372
     372
     342
     356
     388
     373
     365
     327
     403
     395
     362
     362
     348
     398
     342
     376
     354
     364
     369
     369
     363
     359
     363
     375
     394
     387
     363
     357
     364
     394
     357
     382
     357
     334
     364
     355
     377
     328
     400
     354
     340
     357
     369
     388
     360
     367
     368
     407
     348
     378
     371
     342
     366
     339
     317
     385
     385
     383
     376
     372
     332
     360
     381
     394
     357
     384
     340
     390
     387
     361
     379
     396
     359
     383
     377
     369
     365
     355
     345
     371
     383
     352
     372
     380
     335
     402
     364
     349
     332
     374
     373
     390
     353
     377
     387
     354
     402
     359
     343
     359
     372
     388
     340
     370
     374
     375
     354
     380
     361
     389
     391
     349
     368
     401
     384
     377
     398
     368
     390
     310
     357
     398
     361
     369
     363
     408
     386
     362
     388
     353
     377
     348
     430
     413
     369
     362
     354
     379
     366
     353
     330
     363
     407
     404
     385
     414
     353
     372
     359
     409
     367
     393
     343
     355
     401
     394
     346
     355
     373
     396
     384
     359
     366
     373
     386
     349
     374
     359
     364
     386
     371
     356
     347
     367
     378
     380
     386
     333
     393
     383
     410
     391
     383
     370
     319
     389
     348
     380
     356
     360
     374
     365
     374
     376
     412
     408
     382
     386
     367
     375
     380
     367
     372
     381
     364
     372
     392
     377
     360
     398
     385
     359
     385
     388
     361
     373
     358
     399
     363
     359
     370
     353
     379
     363
     392
     386
     366
     368
     388
     358
     378
     392
     348
     409
     390
     348
     351
     359
     369
     397
     388
     362
     383
     382
     359
     366
     383
     390
     379
     355
     422
     376
     367
     386
     367
     368
     390
     373
     361
     374
     371
     363
     358
     388
     383
     372
     375
     350
     379
     356
     360
     348
     345
     337
     399
     355
     381
     369
     377
     401
     356
     394
     387
     386
     369
     397
     384
     356
     346
     375
     366
     359
     379
     383
     363
     355
     363
     409
     371
     350
     376
     369
     387
     402
     364
     373
     405
     332
     367
     334
     366
     385
     343
     361
     375
     391
     371
     372
     370
     361
     390
     386
     366
     377
     392
     366
     372
     367
     364
     351
     353
     377
     382
     354
     356
     365
     384
     354
     374
     397
     373
     367
     363
     391
     335
     365
     356
     356
     345
     373
     350
     357
     352
     348
     379
     359
     381
     383
     336
     343
     361
     355
     369
     383
     344
     379
     316
     359
     331
     355
     313
     359
     378
     318
     351
     339
     337
     367
     357
     337
     357
     366
     349
     351
     335
     363
     328
     345
     381
     335
     359
     329
     341
     326
     312
     328
     343
     304
     323
     310
     340
     318
     326
     289
     331
     347
     325
     303
     347
     352
     360
     356
     315
     334
     296
     333
     308
     342
     318
     330
     321
     319
     310
     364
     302
     310
     279
     291
     294
     298
     283
     339
     292
     290
     321
     306
     298
     313
     321
     311
     306
     306
     295
     261
     333
     294
     280
     307
     287
     311
     276
     294
     315
     311
     277
     287
     274
     276
     290
     297
     270
     254
     298
     297
     289
     263
     308
     290
     279
     259
     256
     291
     274
     279
     245
     269
     288
     249
     249
     279
     285
     275
     262
     256
     262
     251
     293
     278
     272
     251
     276
     268
     265
     280
     253
     258
     237
     267
     238
     254
     239
     225
     249
     268
     261
     225
     236
     249
     249
     243
     281
     225
     232
     245
     242
     219
     243
     253
     223
     260
     234
     239
     234
     254
     268
     201
     239
     216
     227
     189
     227
     241
     253
     216
     214
     255
     245
     193
     226
     251
     228
     230
     214
     230
     217
     223
     208
     197
     199
     229
     249
     227
     182
     200
     224
     215
     226
     227
     215
     220
     210
     230
     227
     184
     189
     209
     218
     211
     214
     224
     205
     206
     220
     198
     203
     201
     193
     192
     197
     191
     192
     176
     170
     175
     173
     211
     195
     195
     203
     191
     186
     178
     191
     186
     180
     214
     198
     188
     184
     164
     164
     172
     223
     200
     177
     195
     190
     202
     175
     178
     213
     197
     190
     178
     164
     213
     168
     170
     169
     169
     162
     172
     204
     188
     167
     177
     191
     170
     202
     193
     204
     150
     189
     168
     161
     189
     172
     159
     177
     175
     156
     196
     181
     193
     188
     180
     154
     167
     182
     150
     163
     172
     155
     162
     162
     164
     181
     184
     167
     148
     180
     151
     178
     167
     159
     161
     163
     173
     174
     159
     157
     172
     156
     163
     161
     138
     156
     155
     164
     154
     138
     166
     154
     166
     164
     163
     155
     148
     167
     163
     161
     166
     160
     152
     162
     162
     157
     167
     152
     142
     154
     169
     153
     147
     164
     164
     172
     160
     155
     140
     149
     150
     192
     155
     159
     157
     140
     162
     170
     174
     149
     134
     173
     142
     142
     173
     165
     131
     158
     151
     150
     141
     165
     148
     174
     157
     141
     171
     141
     144
     148
     163
     131
     134
     148
     138
     163
     145
     148
     149
     148
     152
     141
     144
     131
     129
     144
     132
     137
     164
     138
     146
     144
     146
     149
     122
     142
     151
     135
     141
     141
     168
     141
     156
     122
     162
     139
     150
     120
     131
     120
     137
     142
     134
     153
     136
     155
     153
     139
     125
     139
     140
     159
     136
     169
     127
     141
     142
     146
     142
     135
     134
     137
     143
     142
     117
     136
     102
     121
     151
     137
     131
     150
     128
     145
     139
     131
     111
     126
     130
     130
     117
     140
     152
     117
     145
     114
     143
     141
     124
     121
     134
     120
     119
     144
     137
     136
     138
     148
     135
     120
     106
     123
     143
     124
     130
     121
     123
     122
     142
     119
     110
     151
     115
     128
     127
     114
     144
     107
     133
     147
     121
     144
     107
     133
     123
     123
     125
     141
     139
     133
     113
     118
     142
     130
     131
     117
     126
     112
     122
     135
     141
     133
     129
     114
     137
     114
     137
     148
     125
     133
     131
     158
     145
     117
     132
     119
     125
     143
     106
     120
     128
     112
     108
     137
     111
     122
     150
     124
     108
     110
     121
     129
     125
     135
     123
     136
     133
     123
     124
     140
     122
     140
     133
     108
     135
     121
     119
     130
     127
     120
     125
     111
     109
     118
     114
     112
      96
     126
     103
     103
     116
     117
     129
     116
     124
     127
     132
     143
     131
     125
     126
     124
     116
     106
     105
     122
     124
     117
     117
     138
     112
     124
     135
     108
     143
     122
     112
     136
     130
     122
     108
     133
     127
     143
     115
     133
     130
     108
     121
     126
      99
     135
     127
     116
     129
     137
     111
     125
     130
     124
     137
     110
     133
     117
     115
     140
     123
     121
     115
     115
     116
     119
     122
     124
     119
     131
     106
     109
     118
     119
     106
     100
     116
     119
     122
     110
     141
     122
     114
     119
     117
     101
     105
     135
     103
     124
     131
     100
     124
     122
     117
     131
     125
     118
     100
     110
     130
     122
     120
     118
     120
     138
     118
     113
     122
     123
     123
     139
     108
     131
     122
     135
     133
     126
     125
      98
     113
     124
     115
     116
     140
     110
     107
     116
     113
     108
     117
     126
     117
     110
     146
     113
     119
     118
     123
     116
      96
     104
     117
     125
     127
     119
     121
     119
     121
     134
     114
     118
     131
     115
     108
     123
     127
     107
     103
     105
     119
     114
     125
     122
     123
     119
     113
     119
     118
     123
     130
     109
     127
     108
     137
     108
     134
     110
     133
     127
     128
     117
     115
     136
     100
     117
     127
     129
     124
     135
     119
     127
     112
     120
     132
     106
     121
     126
     132
     136
     125
     120
     120
     113
     108
     123
     144
     119
     127
     125
     113
     123
     140
     129
     122
     135
     124
     132
     112
     117
     108
      92
     139
     127
     141
     128
     111
     120
     126
     122
     127
     139
     124
     125
     105
     125
     139
     116
     124
     129
     133
     123
     121
     130
     131
     128
     125
     138
     126
     119
     109
     141
     139
     141
     127
     113
     116
     119
     133
     122
     133
     125
     139
     126
     144
     138
     145
     161
     137
     130
     134
     155
     147
     129
     150
     155
     118
     133
     159
     136
     158
     162
     142
     134
     145
     129
     186
     176
     135
     135
     151
     131
     157
     130
     164
     159
     156
     146
     148
     172
     128
     166
     173
     162
     144
     172
     170
     158
     161
     148
     161
     155
     176
     154
     163
     164
     166
     174
     163
     175
     197
     182
     153
     198
     205
     180
     199
     187
     194
     193
     172
     188
     203
     185
     203
     214
     200
     209
     212
     224
     217
     209
     197
     199
     176
     208
     251
     228
     223
     212
     207
     220
     230
     241
     231
     243
     230
     233
     241
     240
     252
     256
     265
     267
     264
     247
     272
     237
     267
     292
     305
     296
     298
     253
     288
     300
     275
     302
     289
     285
     330
     335
     300
     298
     290
     317
     334
     349
     332
     317
     359
     331
     354
     347
     345
     357
     382
     375
     329
     363
     347
     361
     402
     395
     385
     364
     393
     388
     398
     414
     400
     382
     393
     442
     415
     403
     439
     435
     425
     499
     464
     454
     450
     453
     460
     508
     525
     513
     485
     492
     487
     508
     514
     514
     534
     568
     551
     565
     579
     563
     585
     584
     543
     600
     555
     580
     629
     630
     626
     644
     610
     628
     617
     642
     687
     682
     651
     702
     620
     704
     728
     683
     660
     685
     697
     715
     731
     651
     741
     740
     749
     767
     736
     780
     796
     785
     810
     792
     842
     818
     803
     792
     840
     921
     818
     815
     877
     833
     887
     818
     894
     911
     920
     945
     912
     911
     937
     996
     982
    1023
     957
    1025
     951
    1047
    1018
    1034
    1024
    1051
    1060
     976
     974
    1041
    1045
    1034
    1108
    1065
    1037
    1092
    1077
    1124
    1111
    1053
    1152
    1106
    1130
    1119
    1177
    1075
    1177
    1120
    1127
    1150
    1241
    1164
    1188
    1192
    1259
    1204
    1185
    1254
    1221
    1274
    1319
    1252
    1264
    1241
    1317
    1289
    1380
    1266
    1258
    1286
    1378
    1336
    1337
    1330
    1376
    1288
    1420
    1364
    1314
    1340
    1378
    1333
    1348
    1358
    1392
    1442
    1389
    1451
    1374
    1360
    1457
    1339
    1365
    1438
    1394
    1414
    1505
    1431
    1438
    1454
    1430
    1470
    1421
    1503
    1489
    1505
    1493
    1486
    1510
    1471
    1487
    1465
    1431
    1517
    1521
    1583
    1449
    1558
    1538
    1512
    1464
    1543
    1514
    1470
    1522
    1489
    1478
    1502
    1531
    1533
    1579
    1518
    1506
    1566
    1482
    1501
    1531
    1552
    1496
    1501
    1524
    1491
    1541
    1555
    1531
    1552
    1498
    1526
    1588
    1549
    1424
    1546
    1551
    1540
    1590
    1475
    1481
    1508
    1528
    1587
    1509
    1520
    1511
    1499
    1480
    1491
    1445
    1475
    1421
    1429
    1533
    1476
    1458
    1491
    1426
    1449
    1466
    1422
    1418
    1410
    1392
    1381
    1502
    1466
    1459
    1436
    1401
    1314
    1371
    1420
    1310
    1371
    1355
    1279
    1331
    1309
    1350
    1316
    1373
    1314
    1280
    1318
    1272
    1321
    1265
    1281
    1217
    1303
    1254
    1236
    1249
    1271
    1228
    1263
    1198
    1172
    1217
    1236
    1184
    1205
    1121
    1162
    1163
    1177
    1155
    1093
    1114
    1117
    1145
    1124
    1108
    1086
    1039
    1042
    1032
    1076
    1114
    1068
    1018
    1082
    1024
    1033
     974
     998
    1002
     956
     949
     936
    1014
     934
     889
     942
     893
     883
     847
     901
     864
     842
     898
     794
     825
     847
     807
     808
     789
     840
     749
     807
     787
     766
     741
     763
     707
     731
     755
     737
     730
     763
     723
     681
     708
     651
     657
     681
     664
     624
     625
     646
     655
     583
     620
     617
     601
     577
     556
     560
     574
     539
     519
     514
     556
     527
     515
     490
     504
     514
     481
     481
     462
     472
     404
     453
     454
     430
     434
     421
     425
     438
     443
     423
     398
     368
     418
     408
     372
     385
     343
     357
     382
     338
     351
     320
     351
     333
     358
     307
     344
     321
     282
     299
     291
     284
     283
     290
     282
     273
     244
     251
     261
     248
     269
     257
     262
     208
     229
     248
     211
     220
     199
     227
     208
     190
     181
     181
     206
     195
     160
     181
     171
     171
     167
     187
     187
     170
     154
     149
     156
     147
     147
     155
     128
     139
     138
     150
     124
     144
     124
     115
     150
     126
     104
     113
     117
     114
     113
     100
      86
      91
     100
      90
      97
      89
      94
      88
      85
     106
      90
      94
      81
      65
      73
      59
      64
      66
      64
      81
      71
      62
      66
      67
      72
      60
      66
      75
      51
      51
      60
      55
      51
      50
      48
      52
      56
      50
      56
      47
      56
      29
      39
      39
      34
      38
      47
      53
      44
      46
      32
      39
      34
      33
      32
      38
      33
      38
      41
      29
      34
      40
      36
      30
      29
      34
      28
      26
      19
      31
      27
      30
      21
      40
      24
      30
      21
      18
      25
      20
      18
      21
      26
      17
      13
      25
      21
      21
      22
      23
      18
      27
      18
      20
      23
      15
      11
      17
      19
      27
      19
      23
      15
      17
      19
      14
      13
      14
      12
      13
      14
      18
      13
      17
      23
      17
      10
      14
      18
      16
      13
      19
      10
      11
      14
      19
       5
      10
       6
      12
       9
      20
       8
      16
      12
      12
      12
       8
      10
       9
      15
      11
      10
      15
       9
      11
      13
      10
      12
      14
       9
      13
      14
       6
      10
      15
      16
      11
       6
      13
      14
       5
      12
       9
      12
       8
       9
       8
      13
       9
      13
      14
      13
      15
       8
      14
       9
      14
       7
       9
       5
      16
       7
      13
      14
       6
      11
       9
       9
       8
      11
      14
      11
      11
       5
       6
       7
      14
      13
       8
       9
       6
      10
       6
      11
      12
      10
       9
      13
       6
      10
       9
      11
       8
      10
      13
      11
       9
      10
       8
      12
      11
       6
       5
       3
       8
       8
       2
      15
      11
       9
      12
      10
       9
       7
       4
       9
       6
      10
       4
       4
       4
       9
       8
       8
      16
       9
       5
       9
      11
       5
      14
       6
       6
      14
       8
      16
       7
      12
      10
      10
       9
      10
      13
       9
       2
      10
      14
       9
       9
       4
      10
       7
      12
       8
      10
      12
      10
      11
      14
      16
      11
       3
      11
       8
      11
       3
      13
      17
       6
      10
      14
       5
       5
      10
      10
      11
      12
       8
      12
      10
       9
       7
      11
       6
       8
      10
       6
      10
       9
       7
       7
       9
      10
       7
       7
      11
      12
       6
      12
       8
       7
      11
      10
       5
       7
      10
      10
       8
      10
       7
       3
       4
      10
       7
       9
       8
      10
       8
       5
       2
      13
       6
       6
       4
       5
       7
       9
       8
       8
       5
       9
       7
       9
       9
       7
       7
       8
       4
       6
       6
       7
       3
      10
       6
       6
       6
       9
      10
      11
       9
       6
      13
      12
      13
       9
      12
       9
      14
      13
       1
       5
       6
       6
       8
      11
       8
       3
       9
      13
       2
       5
       9
      10
       6
      12
       4
      10
       6
      12
       9
       7
       7
       6
       7
       6
       3
       2
       4
      10
       4
       4
       8
       8
      13
       3
       9
       6
       8
      12
       9
       6
       2
      10
       4
      13
      10
       6
       8
      12
      11
       9
       9
       7
       9
       8
       8
       7
       3
       8
       7
       9
      13
       3
       9
      10
       4
      10
       8
       8
       5
       8
       9
       4
       6
      12
       7
       7
       9
       6
       9
       7
       5
       9
       5
       5
       8
       7
       8
       7
       6
       3
       8
       6
       6
       8
       8
       8
      11
      15
       8
       8
       4
      13
       4
       9
       7
      10
       8
      10
       2
      10
       7
       6
       7
       6
      13
       8
      12
       9
       8
       7
      11
      10
       5
       9
       7
       3
       9
       6
       8
      11
       6
       6
       2
       9
       7
       4
       8
       8
       7
      12
       9
       2
       8
      10
      10
       8
      10
      11
       8
      10
       9
      14
       9
       7
      12
       6
       8
       5
       7
       4
       8
      11
       7
      11
       5
       6
      11
      14
       6
      10
       5
       6
       7
       7
       7
       8
       9
      13
       5
       9
       4
       7
       7
       3
       7
       5
       6
       5
       8
       9
       6
       8
      10
      10
       9
       9
       6
       6
       5
       9
       4
       7
       5
       7
       6
       9
       6
       9
       5
       7
       7
      10
       4
       7
       6
       5
       3
       6
       8
       5
       7
       8
       7
       3
       4
       9
       8
       6
       7
       4
       3
       4
       8
       8
       7
       8
       5
      10
       5
       7
       4
      10
       6
       4
      10
       5
       8
       5
       8
      12
       9
       7
       5
       5
       9
       7
      14
       9
       6
       7
       5
       3
       6
      10
       6
       7
       3
       7
      10
       8
       9
       9
       5
      12
       4
       9
       5
       3
       7
       3
       8
       3
      10
       5
      16
       4
      11
      11
       3
       5
       5
       4
       9
       5
       6
       1
       8
       4
       5
       5
       6
       6
       8
       6
       7
      10
       5
      14
       8
       9
       4
      11
       7
       5
       7
       3
       8
       4
       6
       6
       7
       6
       2
       5
       4
       8
       8
       8
       5
       4
       4
       9
       9
      11
       2
       6
       7
       5
       9
       6
       5
       4
       5
       9
       9
       7
       5
       7
       8
       9
      10
      11
       7
       1
      11
       5
       6
       5
      13
       6
       7
       8
       6
       4
      12
       4
      13
       6
       6
       8
      12
       9
       6
       6
       3
       7
       7
       4
       6
       6
       8
       7
       5
       5
       8
       2
       8
       4
       9
       9
       3
      11
      13
       9
       5
       3
       6
       5
       8
       7
       7
       5
       4
       3
       7
       4
       4
       5
       4
       7
       1
       3
       2
       4
       7
       4
       8
       9
      10
       3
       3
       7
       3
       5
       6
       6
       7
       4
      11
       5
       4
       7
       9
       4
       6
       5
       5
       0
       7
       6
       7
       6
       2
       6
       3
       8
       4
       5
       6
       4
       3
       4
       6
       5
       4
       2
       2
       6
       7
       5
       5
       7
       6
       6
       7
       7
       6
       6
       7
       8
       5
       9
       5
       7
       8
       7
       5
       9
       8
       4
       4
       5
      10
       7
       9
       4
       3
       8
       3
       3
       4
       5
      11
       8
       6
       4
       7
       9
       8
       7
      10
       3
      14
       8
       8
       5
       3
       2
       5
       3
       5
      10
       1
       4
       8
       3
       9
       7
       8
       2
       8
       3
       7
       8
       7
      10
       6
       5
       7
      10
       3
       8
       4
       6
       6
       6
       5
       8
       4
       3
       5
       4
       5
       6
       4
       4
       7
       7
       5
       6
       7
       9
       4
      10
       4
       8
      11
       3
       3
       9
       4
       6
       8
       8
       4
       4
       3
       4
       4
       7
       6
       6
       4
       4
       5
       2
       5
       2
       8
       3
       3
       3
       8
       9
       6
       8
       6
       1
       7
       4
       4
       3
       1
       0
       6
       6
       6
       3
       5
       5
       5
       6
       7
       3
       6
       3
       8
       4
       3
       5
       1
       7
       4
       8
       1
       4
       0
       3
       3
       3
       6
      12
       7
       6
       2
       5
      11
       6
       6
       3
       4
       4
       8
       6
       9
       2
       4
       4
       6
       8
       5
       3
       2
       3
       7
       4
       4
       8
       7
       3
       6
       3
       7
       5
       4
       6
       3
       2
       6
       5
       8
       4
       7
       9
       8
       4
       2
       4
       2
       9
       9
       3
       8
       2
       2
       4
       6
       1
       3
       4
       3
       7
       3
       8
       7
       4
       3
       6
       4
       3
       3
       8
       8
       7
       3
       6
       5
       9
      10
       5
       7
       4
       6
      14
       1
       1
       3
       6
       5
       5
       4
       8
       3
       5
       4
       1
       2
       1
       5
       8
       3
       2
       5
       5
       5
       5
       8
       4
       4
       1
       5
       4
       5
       9
       7
       4
       1
       7
       3
       6
       7
       2
       2
       4
       8
       2
       5
       6
       1
       4
       5
       7
       7
       3
       8
       3
       8
       6
       4
       3
       4
       5
       5
       6
       2
       7
       7
       3
       5
       1
       2
       3
       3
       7
       2
       5
       4
       3
       4
       7
       1
       7
      11
       8
       2
       3
       7
       7
       7
       4
       6
       3
       6
       4
       3
       3
       3
       4
       6
       3
       5
       4
       7
       2
       2
       5
       3
       4
       3
       3
       3
       4
       4
       4
       4
       6
       3
       2
       4
       5
       2
       3
       2
       2
       3
       2
       5
       4
       2
       3
       4
       1
       4
       6
       5
       4
       5
       6
       7
       3
       4
       5
       5
       3
       2
       4
       6
       4
       2
       4
       7
       4
       5
       1
       3
       3
       3
       6
       4
       3
       3
       5
       7
       7
       2
       4
       5
       1
       5
       4
       5
       2
       5
       3
       4
       2
       3
       1
       1
       3
       7
       3
       4
       3
       3
       4
       2
       3
       5
       4
       8
       2
       6
       7
       2
       5
       1
       2
       2
       1
       3
       5
       2
       5
       4
       2
       7
       4
       2
       6
       6
       5
       4
       3
       3
       2
       2
       5
       4
       6
       3
       3
       3
       7
       5
       6
       4
       4
       6
       2
       7
       8
       4
       3
       2
       6
       4
       3
       3
       6
       5
       3
       4
       4
       2
       6
       4
       4
       7
       8
       4
       3
       2
       2
       3
       3
       6
       4
       2
       5
       4
       8
       2
       2
       6
       7
       2
       3
       4
       3
       4
       2
       7
       1
       3
       4
       1
       2
       9
       3
       4
       2
       3
       5
       3
       5
       1
       2
       4
       3
       5
       4
       3
       5
       4
       4
       3
       2
       4
       5
       2
       3
       6
       1
       2
       7
       4
       3
       4
       2
       5
       6
       1
       2
       3
       2
       2
       2
       4
       4
       5
       2
       8
       4
       3
       4
       4
       3
       6
       1
       4
       1
       3
       2
       3
       2
       3
       6
       5
       3
       5
       3
       6
       4
       5
       4
       4
       2
       3
       2
       0
       4
       4
       4
       6
       3
       3
       6
       3
       5
       7
       3
       4
       3
       6
       3
       1
       2
       2
       5
       1
       6
       5
       2
       6
       4
       4
       1
       2
       5
       2
       5
       1
       5
       1
       2
       4
       2
       3
       2
       3
       1
       2
       2
       0
       2
       3
       2
       3
       3
       2
       5
       4
       4
       2
       2
       2
       7
       6
       2
       4
       1
       3
       1
       2
       5
       6
       2
       2
       3
       8
       0
       1
       3
       2
       6
       1
       3
       2
       2
       6
       4
       1
       4
       2
       5
       2
       3
       3
       1
       1
       8
       5
       3
       5
       4
       2
       1
       3
       2
       2
       5
       2
       2
       5
       3
       2
       1
       5
       2
       3
       5
       2
       3
       3
       2
       3
       1
       3
       9
       3
       2
       1
       3
       2
       3
       7
       1
       3
       2
       6
       5
       4
       5
       1
       2
       3
       2
       1
       2
       5
       2
       2
       6
       4
       5
       2
       4
       2
       2
       0
       2
       7
       3
       4
       1
       3
       4
       4
       2
       6
       3
       1
       5
       4
       4
       7
       4
       2
       2
       3
       0
       2
       8
       5
       1
       3
       3
       1
       4
       1
       2
       2
       5
       3
       3
       3
       2
       3
       4
       2
       2
       3
       5
       1
       5
       2
       4
       2
       2
       2
       1
       1
       6
       5
       4
       1
       4
       2
       5
       4
       3
       4
       2
       4
       6
       5
       3
       1
       1
       3
       3
       2
       2
       3
       5
       6
       2
       2
       2
       1
       2
       3
       1
       1
       5
       1
       1
       0
       1
       3
       4
       2
       1
       4
       4
       5
       5
       3
       1
       2
       5
       1
       1
       4
       3
       2
       5
       4
       4
       3
       4
       6
       0
       1
       2
       2
       3
       3
       3
       7
       1
       2
       5
       1
       2
       1
       3
       2
       3
       4
       1
       1
       5
       1
       5
       5
       2
       5
       4
       2
       0
       3
       4
       3
       2
       3
       5
       5
       4
       2
       4
       2
       4
       3
       1
       1
       1
       1
       2
       4
       4
       3
       6
       2
       2
       4
       6
       2
       0
       3
       3
       5
       5
       4
       2
       5
       3
       3
       2
       3
       1
       2
       3
       4
       4
       2
       2
       2
       6
       5
       2
       1
       0
       3
       3
       2
       1
       4
       1
       5
       0
       1
       3
       1
       6
       0
       0
       0
       2
       3
       2
       1
       3
       6
       4
       2
       3
       5
       2
       1
       3
       3
       7
       1
       2
       0
       2
       5
       2
       2
       4
       1
       0
       4
       4
       2
       1
       2
       3
       8
       2
       1
       3
       5
       1
       4
       2
       3
       4
       4
       2
       4
       3
       2
       2
       3
       3
       2
       4
       3
       1
       3
       3
       2
       2
       6
       4
       2
       4
       2
       2
       5
       2
       5
       6
       1
       2
       2
       6
       1
       7
       0
       2
       2
       2
       4
       2
       1
       1
       2
       3
       1
       3
       2
       1
       1
       1
       4
       4
       1
       3
       1
       1
       1
       3
       2
       1
       2
       3
       1
       0
       5
       3
       4
       2
       4
       2
       0
       1
       6
       4
       3
       0
       1
       4
       1
       2
       2
       4
       1
       1
       1
       3
       1
       2
       3
       1
       4
       1
       2
       1
       1
       1
       4
       5
       2
       0
       4
       0
       3
       1
       1
       3
       1
       1
       0
       6
       1
       2
       1
       5
       2
       5
       2
       1
       2
       4
       5
       4
       4
       6
       5
       3
       1
       2
       9
       0
       3
       3
       1
       1
       2
       2
       2
       1
       1
       1
       2
       2
       0
       1
       1
       7
       1
       2
       4
       4
       3
       2
       7
       2
       6
       2
       1
       1
       3
       4
       2
       2
       1
       3
       3
       0
       2
       2
       4
       4
       2
       5
       1
       4
       2
       1
       4
       2
       5
       1
       2
       5
       3
       2
       1
       3
       3
       2
       3
       1
       0
       3
       3
       0
       1
       0
       0
       1
       3
       4
       5
       2
       2
       1
       2
       3
       1
       1
       2
       0
       4
       0
       2
       1
       0
       1
       3
       0
       3
       3
       3
       3
       3
       3
       3
       7
       2
       4
       3
       2
       6
       4
       4
       1
       5
       1
       0
       2
       3
       1
       5
       2
       0
       4
       2
       2
       4
       3
       0
       0
       1
       0
       4
       2
       4
       2
       0
       4
       3
       2
       2
       0
       5
       1
       0
       1
       2
       1
       1
       7
       4
       0
       1
       3
       2
       2
       2
       2
       1
       1
       1
       2
       2
       5
       3
       3
       1
       1
       0
       2
       0
       3
       3
       1
       3
       1
       0
       2
       3
       2
       6
       4
       1
       2
       3
       4
       1
       2
       3
       3
       3
       3
       3
       2
       5
       0
       3
       4
       3
       4
       1
       1
       2
       2
       2
       3
       2
       4
       2
       2
       1
       2
       0
       0
       1
       1
       1
       1
       2
       0
       6
       0
       1
       3
       2
       1
       0
       0
       3
       3
       2
       2
       0
       3
       0
       1
       2
       1
       1
       1
       4
       1
       3
       3
       3
       1
       4
       3
       4
       3
       2
       1
       1
       0
       2
       1
       0
       2
       2
       2
       1
       4
       3
       0
       1
       2
       1
       1
       2
       3
       2
       2
       0
       2
       2
       3
       2
       2
       1
       3
       0
       1
       1
       0
       1
       2
       2
       2
       3
       1
       1
       2
       2
       1
       2
       2
       3
       3
       1
       2
       0
       2
       3
       1
       3
       2
       3
       0
       1
       2
       2
       0
       0
       2
       2
       2
       1
       2
       0
       1
       0
       2
       2
       6
       2
       2
       4
       3
       0
       2
       0
       0
       1
       1
       1
       0
       2
       1
       4
       0
       3
       1
       2
       1
       1
       1
       5
       4
       6
       2
       0
       2
       2
       1
       2
       1
       0
       2
       0
       0
       1
       3
       0
       1
       3
       2
       2
       2
       0
       0
       0
       0
       5
       2
       0
       1
       2
       1
       2
       2
       0
       2
       1
       4
       0
       2
       2
       4
       3
       1
       0
       4
       2
       3
       3
       0
       0
       2
       1
       2
       1
       0
       2
       2
       2
       0
       1
       1
       2
       2
       1
       1
       1
       0
       0
       2
       0
       2
       3
       1
       0
       0
       1
       4
       2
       1
       2
       2
       1
       0
       1
       1
       0
       1
       2
       0
       1
       1
       5
       3
       1
       0
       1
       2
       1
       2
       0
       2
       0
       1
       2
       0
       3
       1
       2
       2
       0
       1
       1
       3
       0
       1
       0
       3
       2
       5
       2
       2
       0
       0
       2
       4
       0
       1
       0
       1
       0
       1
       1
       0
       1
       1
       1
       1
       2
       0
       1
       3
       1
       0
       1
       1
       2
       1
       4
       1
       4
       2
       4
       0
       1
       1
       0
       1
       0
       5
       1
       2
       3
       3
       2
       2
       1
       1
       0
       2
       0
       1
       1
       0
       2
       2
       2
       0
       1
       1
       0
       0
       0
       0
       0
       2
       2
       1
       0
       1
       0
       2
       0
       2
       2
       2
       2
       2
       0
       2
       0
       0
       4
       1
       0
       0
       2
       2
       1
       4
       3
       1
       1
       0
       1
       1
       2
       0
       2
       1
       1
       2
       2
       1
       1
       1
       1
       1
       0
       0
       2
       0
       1
       3
       1
       1
       1
       0
       1
       1
       1
       0
       1
       0
       1
       3
       1
       1
       0
       2
       2
       1
       0
       3
       3
       3
       0
       3
       2
       0
       1
       0
       1
       1
       4
       0
       1
       1
       2
       1
       2
       1
       1
       1
       4
       2
       1
       0
       2
       0
       1
       2
       2
       0
       1
       3
       2
       0
       2
       2
       2
       0
       0
       2
       1
       0
       1
       2
       0
       0
       2
       1
       1
       1
       1
       1
       0
       1
       0
       0
       1
       0
       0
       0
       0
       1
       0
       1
       0
       1
       1
       4
       1
       1
       0
       0
       1
       1
       0
       0
       1
       1
       0
       1
       2
       0
       1
       0
       1
       0
       0
       0
       0
       5
       1
       0
       2
       0
       0
       4
       2
       0
       1
       0
       1
       1
       1
       2
       2
       0
       1
       1
       1
       1
       0
       0
       0
       1
       0
       1
       2
       1
       1
       3
       1
       0
       2
       1
       0
       0
       0
       1
       2
       0
       2
       1
       2
       0
       2
       0
       0
       2
       2
       3
       3
       1
       0
       2
       0
       0
       0
       1
       0
       1
       1
       3
       0
       3
       2
       1
       1
       1
       0
       1
       0
       5
       1
       0
       0
       1
       0
       1
       3
       2
       2
       1
       0
       2
       1
       0
       2
       2
       1
       2
       1
       1
       2
       1
       2
       2
       0
       1
       2
       2
       2
       0
       1
       0
       1
       0
       0
       0
       0
       2
       1
       2
       2
       2
       1
       1
       2
       1
       1
       1
       2
       2
       4
       2
       3
       0
       2
       1
       2
       1
       2
       0
       2
       1
       1
       2
       1
       2
       1
       0
       2
       1
       2
       2
       0
       1
       1
       1
       0
       0
       2
       1
       3
       0
       1
       1
       4
       2
       2
       0
       0
       1
       0
       2
       3
       1
       1
       1
       0
       0
       1
       1
       0
       1
       1
       1
       2
       1
       1
       1
       0
       1
       0
       0
       0
       2
       1
       2
       0
       2
       1
       1
       1
       2
       1
       0
       0
       2
       4
       3
       1
       3
       0
       2
       2
       0
       0
       2
       1
       1
       2
       3
       2
       1
       1
       1
       1
       1
       1
       2
       5
       0
       2
       1
       0
       2
       1
       0
       1
       0
       1
       0
       1
       0
       4
       3
       0
       2
       0
       1
       0
       1
       0
       1
       0
       3
       0
       2
       3
       1
       0
       0
       2
       1
       2
       1
       2
       0
       3
       1
       2
       3
       2
       0
       0
       2
       2
       2
       2
       1
       0
       0
       1
       0
       1
       0
       1
       1
       3
       1
       1
       1
       1
       2
       3
       0
       4
       1
       4
       0
       0
       0
       1
       3
       1
       0
       0
       2
       3
       1
       0
       0
       0
       2
       3
       1
       1
       0
       0
       0
       1
       1
       2
       2
       2
       0
       2
       0
       2
       1
       0
       1
       0
       0
       1
       1
       0
       1
       0
       3
       0
       2
       2
       0
       1
       2
       0
       2
       1
       3
       1
       2
       2
       1
       2
       2
       1
       2
       3
       1
       1
       1
       0
       0
       1
       0
       1
       1
       1
       0
       1
       1
       3
       1
       1
       2
       0
       1
       2
       2
       2
       1
       1
       1
       2
       0
       0
       0
       2
       0
       2
       3
       0
       0
       2
       0
       0
       2
       1
       0
       2
       1
       1
       0
       1
       0
       0
       1
       3
       1
       1
       0
       1
       0
       3
       1
       0
       4
       1
       2
       1
       0
       2
       0
       0
       1
       1
       4
       2
       3
       0
       1
       2
       1
       0
       2
       0
       0
       1
       0
       1
       0
       2
       2
       1
       0
       0
       0
       3
       0
       1
       1
       1
       3
       0
       0
       4
       1
       1
       2
       1
       1
       3
       0
       1
       1
       1
       1
       2
       1
       0
       1
       3
       3
       1
       2
       0
       0
       1
       2
       0
       1
       0
       0
       0
       0
       0
       0
       0
       1
       0
       0
       1
       0
       2
       1
       2
       2
       1
       3
       1
       2
       1
       2
       1
       1
       1
       0
       0
       0
       1
       2
       3
       1
       0
       0
       2
       3
       0
       3
       0
       1
       2
       1
       1
       1
       0
       1
       2
       0
       2
       0
       1
       1
       1
       4
       1
       1
       2
       1
       1
       1
       2
       1
       1
       0
       3
       1
       3
       3
       0
       1
       1
       2
       4
       2
       1
       2
       0
       0
       1
       1
       3
       4
       4
       1
       0
       0
       4
       0
       0
       1
       0
       0
       2
       1
       3
       0
       2
       2
       1
       2
       2
       5
       1
       1
       2
       2
       3
       1
       2
       2
       2
       0
       3
       4
       2
       4
       1
       1
       2
       0
       0
       3
       1
       0
       4
       2
       2
       2
       2
       1
       1
       2
       0
       0
       0
       0
       3
       3
       1
       1
       3
       2
       1
       1
       0
       1
       2
       0
       0
       2
       2
       0
       0
       0
       1
       4
       1
       0
       5
       1
       0
       2
       1
       1
       2
       2
       4
       1
       0
       1
       1
       1
       1
       0
       1
       0
       4
       2
       1
       2
       2
       2
       1
       1
       0
       1
       2
       2
       2
       1
       1
       2
       0
       0
       1
       2
       2
       0
       0
       0
       4
       0
       0
       2
       1
       1
       0
       1
       1
       0
       0
       3
       2
       2
       3
       0
       2
       1
       4
       1
       5
       1
       2
       0
       1
       1
       3
       4
       1
       0
       2
       4
       0
       0
       1
       1
       2
       0
       2
       0
       1
       3
       2
       1
       2
       3
       2
       1
       0
       0
       0
       1
       1
       0
       1
       0
       3
       2
       1
       1
       1
       2
       2
       2
       1
       0
       1
       1
       2
       1
       1
       0
       1
       1
       1
       2
       1
       2
       1
       0
       0
       0
       0
       4
       0
       1
       3
       1
       2
       2
       0
       3
       3
       1
       1
       0
       0
       2
       2
       2
       0
       0
       0
       1
       0
       1
       2
       2
       1
       1
       2
       1
       1
       0
       2
       1
       1
       2
       0
       2
       1
       1
       0
       0
       0
       2
       1
       0
       1
       0
       1
       1
       0
       1
       0
       1
       1
       0
       3
       1
       2
       1
       1
       0
       1
       1
       2
       2
       1
       1
       0
       2
       1
       0
       2
       1
       1
       1
       0
       0
       0
       1
       2
       0
       2
       0
       1
       1
       1
       0
       0
       0
       1
       1
       2
       1
       0
       2
       1
       1
       0
       1
       0
       0
       2
       1
       0
       1
       1
       2
       0
       0
       0
       0
       1
       0
       1
       0
       0
       0
       1
       1
       0
       0
       1
       2
       0
       1
       2
       0
       0
       0
       0
       3
       0
       0
       0
       0
       0
       0
       1
       0
       3
       3
       2
       1
       0
       2
       0
       1
       1
       0
       1
       0
       4
       0
       1
       0
       0
       0
       0
       2
       1
       1
       0
       0
       1
       0
       1
       1
       0
       0
       2
       0
       0
       1
       0
       0
       3
       0
       0
       1
       4
       0
       0
       0
       2
       1
       0
       1
       0
       1
       0
       0
       1
       1
       1
       0
       1
       2
       0
       0
       0
       1
       0
       0
       0
       1
       1
       0
       0
       0
       0
       1
       1
       1
       1
       0
       1
       1
       0
       1
       0
       0
       0
       0
       0
       0
       1
       1
       1
       0
       0
       1
       1
       1
       0
       1
       0
       0
       0
       0
       0
       2
       0
       0
       0
       0
       0
       0
       0
       2
       1
       0
       0
       0
       0
       0
       0
       0
       0
       0
       0
       0
       0
       0
       1
       0
       0
       0
       1
       0
       1
       0
       0
       1
       0
       0
       0
       1
       0
       1
       0
       0
       0
       0
       1
       0
       0
       1
       0
       0
       0
       0
       0
       1
       0
       0
       0
       0
       0
       0
       0
       0
       0
       0
       1
       0
       1
       0
       0
       0
       0
       0
       0
       2
       0
       0
       0
       0
       0
       0
       0
       0
       0
       0
       0
       0
       0
       0
       0
       0
       0
       1
       0
       0
       0
       0
       2
       0
       0
       0
       0
       0
       0
       0
       0
       0
       0
       0
       0
       0
       0
       0
       0
       0
       0
       0
       0
       0
       0
       0
       0
       0
       0
       0
       0
       0
       0
       0
       0
       1
       0
       0
       0
       0
       0
       0
       0
       0
       0
       0
       2
       0
       0
       0
       0
       0
       0
       0
       2
       0
       0
       0
       0
       0
       0
       0
       0
       0
       0
       0
       0
       0
       0
       0
       0
       0
       0
       0
       0
       1
       0
       0
       0
       0
       0
       0
       1
       0
       0
       0
       0
       1
       0
       0
       1
       0
       0
       0
       0
       0
       0
       0
       0
       0
       0
       0
       1
       0
       0
       0
       1
       0
       0
       1
       0
       0
       0
       1
       0
       0
       0
       0
       0
       0
       0
       0
       0
       0
       0
       0
       0
       0
       0
       0
       0
       0
       1
       0
       0
       0
       0
       0
       0
       1
       0
       0
       0
       1
       0
       0
       0
       1
       0
       0
       0
       0
       0
       0
       0
       0
       0
       1
       0
       0
       0
       0
       0
       0
       0
       0
       0
       0
       0
       0
       0
       0
       0
       0
       0
       0
       0
       0
       0
       0
       0
       0
       0
       0
       0
       0
       0
       0
       0
       0
       0
       0
       0
       0
       0
       0
       0
       0
       0
       0
       0
       0
       0
       0
       0
       0
       0
       0
       0
       0
       0
       0
       1
       0
       0
       0
       0
       0
       0
       0
       0
       0
       0
       0
       0
       0
       0
       0
       0
       0
       0
       1
       0
       0
       0
       0
       0
       0
       0
       0
       0
       0
       0
       0
       0
       0
       0
       0
       0
       0
       0
       0
       0
       1
       0
       0
       0
       0
       0
       0
       0
       0
       0
       0
       0
       0
       1
       0
       0
       0
       0
       0
       0
       0
       0
       0
       0
       0
       0
       1
       0
       0
       0
       0
       0
       0
       0
       0
       0
       0
       0
       0
       0
       0
       0
       0
       0
       0
       0
       0
       0
       0
       1
       0
       0
       0
       0
       0
       0
       0
       1
       0
       0
       0
       0
       0
       0
       0
       0
       0
       0
       0
       0
       0
       0
       0
       0
       0
       0
       0
       0
       0
       0
       0
       0
       0
       0
       0
       0
       0
       0
       0
       0
       0
       0
       0
       0
       0
       0
       0
       0
       0
       0
       0
       0
       0
       0
       0
       0
       1
       0
       0
       0
       0
       0
       0
       0
       0
       0
       1
       0
       0
       0
       0
       0
       0
       0
       0
       0
       0
       0
       0
       0
       0
       0
       0
       0
       0
       0
       0
       0
       0
       0
       1
       0
       1
       0
       0
       0
       0
       0
       0
       0
       0
       0
       0
       0
       0
       0
       0
       0
       0
       0
       0
       0
       0
       0
       0
       0
       0
       0
       0
       0
       0
       0
       0
       0
       0
       0
       0
       0
       0
       0
       0
       0
       0
       0
       0
       0
       0
       0
       0
       0
       0
       0
       0
       0
       0
       0
       0
       0
       0
       0
       0
       0
       0
       0
       0
       0
       0
       0
       0
       0
       0
       0
       0
       0
       0
       0
       0
       0
       0
       0
       0
       0
       0
       0
       0
       0
       0
       0
       0
       0
       0
       0
       0
       0
       0
       0
       0
       0
       0
       0
       0
       0
       0
       0
       0
       0
       0
       0
       0
       0
       0
       0
       0
       0
       0
       0
       0
       0
       0
       0
       0
       0
       0
       0
       0
       0
       0
       0
       0
       0
       0
$ROI:
0
$PRESETS:
None
0
0
$ENER_FIT:
-0.946274 0.242428
$MCA_CAL:
3
-9.462742E-001 2.424276E-001 -2.056130E-007 keV
$SHAPE_CAL:
3
4.142836E+001 -1.952030E-002 2.453628E-006
