7.29153e-228
9.7296e-228
1.29819e-227
1.73199e-227
2.31057e-227
3.08218e-227
4.11115e-227
5.48321e-227
7.31261e-227
9.7516e-227
1.3003e-226
1.73373e-226
2.31143e-226
3.0814e-226
4.10754e-226
5.47495e-226
7.29701e-226
9.72469e-226
1.2959e-225
1.72677e-225
2.30072e-225
3.06519e-225
4.08337e-225
5.43932e-225
7.24497e-225
9.64928e-225
1.28505e-224
1.71123e-224
2.27858e-224
3.03379e-224
4.039e-224
5.37684e-224
7.15726e-224
9.52648e-224
1.2679e-223
1.68733e-223
2.24535e-223
2.98767e-223
3.9751e-223
5.28846e-223
7.03519e-223
9.35812e-223
1.24471e-222
1.65543e-222
2.20152e-222
2.92751e-222
3.89261e-222
5.17547e-222
6.88056e-222
9.14669e-222
1.21582e-221
1.616e-221
2.14773e-221
2.8542e-221
3.79274e-221
5.03952e-221
6.69562e-221
8.89525e-221
1.18166e-220
1.56961e-220
2.08476e-220
2.76877e-220
3.67692e-220
4.88256e-220
6.483e-220
8.60738e-220
1.1427e-219
1.51691e-219
2.0135e-219
2.67245e-219
3.54678e-219
4.70679e-219
6.24569e-219
8.28711e-219
1.09949e-218
1.45863e-218
1.93493e-218
2.56656e-218
3.4041e-218
4.51461e-218
5.98693e-218
7.93877e-218
1.05261e-217
1.39557e-217
1.85011e-217
2.45251e-217
3.2508e-217
4.30859e-217
5.71013e-217
7.56698e-217
1.00269e-216
1.32854e-216
1.76015e-216
2.33179e-216
3.08884e-216
4.09137e-216
5.41885e-216
7.17647e-216
9.50345e-216
1.2584e-215
1.66617e-215
2.20591e-215
2.92026e-215
3.86563e-215
5.11666e-215
6.77202e-215
8.96222e-215
1.18598e-214
1.56931e-214
2.07637e-214
2.74704e-214
3.63406e-214
4.80712e-214
6.35834e-214
8.40947e-214
1.11214e-213
1.47067e-213
1.94464e-213
2.57115e-213
3.39924e-213
4.49368e-213
5.94003e-213
7.85129e-213
1.03767e-212
1.37133e-212
1.81215e-212
2.39447e-212
3.16367e-212
4.17964e-212
5.52144e-212
7.29343e-212
9.63335e-212
1.2723e-211
1.68022e-211
2.21875e-211
2.92967e-211
3.86806e-211
5.10663e-211
6.74127e-211
8.89845e-211
1.1745e-210
1.55009e-210
2.04564e-210
2.69939e-210
3.56178e-210
4.69933e-210
6.19969e-210
8.17844e-210
1.07879e-209
1.42288e-209
1.87658e-209
2.47474e-209
3.26332e-209
4.30285e-209
5.67306e-209
7.47903e-209
9.85913e-209
1.29956e-208
1.71287e-208
2.25743e-208
2.97489e-208
3.92008e-208
5.16516e-208
6.80516e-208
8.96519e-208
1.18099e-207
1.5556e-207
2.04888e-207
2.69837e-207
3.55347e-207
4.67917e-207
6.161e-207
8.11146e-207
1.06786e-206
1.4057e-206
1.85029e-206
2.43529e-206
3.20501e-206
4.21767e-206
5.54986e-206
7.30227e-206
9.60725e-206
1.26388e-205
1.66257e-205
2.18685e-205
2.87623e-205
3.78264e-205
4.9743e-205
6.54086e-205
8.60011e-205
1.13068e-204
1.48641e-204
1.95392e-204
2.56826e-204
3.37549e-204
4.4361e-204
5.8295e-204
7.65998e-204
1.00644e-203
1.32226e-203
1.73705e-203
2.28177e-203
2.99707e-203
3.9363e-203
5.16947e-203
6.78844e-203
8.91372e-203
1.17035e-202
1.53651e-202
2.01708e-202
2.64774e-202
3.47532e-202
4.56121e-202
5.98592e-202
7.85503e-202
1.0307e-201
1.35232e-201
1.77416e-201
2.32742e-201
3.05296e-201
4.00436e-201
5.25183e-201
6.8874e-201
9.03161e-201
1.18424e-200
1.55268e-200
2.03559e-200
2.66848e-200
3.49788e-200
4.58469e-200
6.00871e-200
7.87442e-200
1.03186e-199
1.35205e-199
1.77144e-199
2.32075e-199
3.04015e-199
3.98224e-199
5.21587e-199
6.83111e-199
8.94586e-199
1.17144e-198
1.53384e-198
2.00821e-198
2.62908e-198
3.44163e-198
4.50495e-198
5.89634e-198
7.71686e-198
1.00987e-197
1.32146e-197
1.72906e-197
2.2622e-197
2.95951e-197
3.87144e-197
5.06399e-197
6.62335e-197
8.66222e-197
1.13278e-196
1.48125e-196
1.93677e-196
2.53217e-196
3.31035e-196
4.32734e-196
5.65632e-196
7.39286e-196
9.66178e-196
1.26261e-195
1.64985e-195
2.15569e-195
2.8164e-195
3.67933e-195
4.80628e-195
6.27791e-195
8.19949e-195
1.07084e-194
1.39839e-194
1.82599e-194
2.38415e-194
3.11269e-194
4.06353e-194
5.3044e-194
6.92366e-194
9.03651e-194
1.17932e-193
1.53897e-193
2.00813e-193
2.62012e-193
3.41834e-193
4.4594e-193
5.81705e-193
7.58745e-193
9.89587e-193
1.29056e-192
1.68294e-192
2.19445e-192
2.86119e-192
3.73023e-192
4.86283e-192
6.33883e-192
8.26219e-192
1.07683e-191
1.40335e-191
1.82872e-191
2.38285e-191
3.10465e-191
4.04477e-191
5.26916e-191
6.86364e-191
8.93993e-191
1.16434e-190
1.51632e-190
1.97454e-190
2.57104e-190
3.34748e-190
4.35806e-190
5.67327e-190
7.38482e-190
9.61197e-190
1.25098e-189
1.628e-189
2.11848e-189
2.75652e-189
3.58643e-189
4.66585e-189
6.06966e-189
7.89522e-189
1.0269e-188
1.33555e-188
1.73684e-188
2.25851e-188
2.93665e-188
3.8181e-188
4.96373e-188
6.45261e-188
8.38742e-188
1.09015e-187
1.41681e-187
1.84121e-187
2.39254e-187
3.10872e-187
4.03897e-187
5.24717e-187
6.81625e-187
8.85384e-187
1.14996e-186
1.49349e-186
1.93948e-186
2.51847e-186
3.27003e-186
4.24555e-186
5.51165e-186
7.15476e-186
9.28698e-186
1.20537e-185
1.56434e-185
2.03006e-185
2.63422e-185
3.41791e-185
4.43441e-185
5.75277e-185
7.4625e-185
9.67959e-185
1.25544e-184
1.62817e-184
2.1114e-184
2.73784e-184
3.54985e-184
4.60233e-184
5.9664e-184
7.73415e-184
1.00249e-183
1.2993e-183
1.68387e-183
2.18209e-183
2.8275e-183
3.66351e-183
4.74635e-183
6.14875e-183
7.9649e-183
1.03167e-182
1.33618e-182
1.73044e-182
2.24085e-182
2.90159e-182
3.75686e-182
4.86385e-182
6.29653e-182
8.15057e-182
1.05497e-181
1.3654e-181
1.76703e-181
2.28662e-181
2.95876e-181
3.82818e-181
4.95268e-181
6.407e-181
8.28771e-181
1.07197e-180
1.38641e-180
1.79296e-180
2.31854e-180
2.99794e-180
3.87614e-180
5.01118e-180
6.4781e-180
8.37377e-180
1.08233e-179
1.39883e-179
1.80774e-179
2.336e-179
3.0184e-179
3.89982e-179
5.03825e-179
6.50849e-179
8.40711e-179
1.08587e-178
1.40242e-178
1.8111e-178
2.33869e-178
3.01973e-178
3.89879e-178
5.03336e-178
6.49759e-178
8.3871e-178
1.08252e-177
1.39711e-177
1.80296e-177
2.32654e-177
3.00192e-177
3.87307e-177
4.99662e-177
6.4456e-177
8.31413e-177
1.07235e-176
1.38299e-176
1.78349e-176
2.29979e-176
2.96531e-176
3.82313e-176
4.92872e-176
6.35352e-176
8.18956e-176
1.05554e-175
1.36035e-175
1.75305e-175
2.25894e-175
2.91059e-175
3.74993e-175
4.83093e-175
6.22307e-175
8.01575e-175
1.0324e-174
1.3296e-174
1.71222e-174
2.20476e-174
2.83878e-174
3.65482e-174
4.70508e-174
6.05668e-174
7.79592e-174
1.00338e-173
1.29131e-173
1.66173e-173
2.13825e-173
2.75119e-173
3.53956e-173
4.55348e-173
5.85738e-173
7.53407e-173
9.68996e-173
1.24618e-172
1.60252e-172
2.0606e-172
2.64941e-172
3.40621e-172
4.37884e-172
5.62875e-172
7.23489e-172
9.29859e-172
1.195e-171
1.53563e-171
1.97319e-171
2.53523e-171
3.25711e-171
4.18421e-171
5.37478e-171
6.90356e-171
8.86649e-171
1.13867e-170
1.4622e-170
1.87751e-170
2.4106e-170
3.09481e-170
3.9729e-170
5.09974e-170
6.54567e-170
8.4009e-170
1.07811e-169
1.38346e-169
1.77516e-169
2.27757e-169
2.92196e-169
3.74836e-169
4.80811e-169
6.167e-169
7.90932e-169
1.01431e-168
1.30067e-168
1.66775e-168
2.13825e-168
2.74128e-168
3.5141e-168
4.50444e-168
5.77343e-168
7.39933e-168
9.48236e-168
1.21509e-167
1.55691e-167
1.99474e-167
2.55548e-167
3.27361e-167
4.19322e-167
5.37073e-167
6.87836e-167
8.80851e-167
1.12794e-166
1.44423e-166
1.84906e-166
2.36718e-166
3.03026e-166
3.87876e-166
4.96446e-166
6.35355e-166
8.13069e-166
1.04041e-165
1.33121e-165
1.70316e-165
2.17887e-165
2.78722e-165
3.56515e-165
4.55984e-165
5.8316e-165
7.45748e-165
9.53591e-165
1.21927e-164
1.55884e-164
1.99282e-164
2.54743e-164
3.25613e-164
4.16167e-164
5.31862e-164
6.79667e-164
8.68479e-164
1.10966e-163
1.4177e-163
1.81111e-163
2.31351e-163
2.95505e-163
3.77419e-163
4.82002e-163
6.15516e-163
7.85953e-163
1.0035e-162
1.28117e-162
1.63554e-162
2.08777e-162
2.66482e-162
3.40111e-162
4.34049e-162
5.53889e-162
7.06761e-162
9.01755e-162
1.15046e-161
1.46763e-161
1.87211e-161
2.38787e-161
3.04548e-161
3.8839e-161
4.95273e-161
6.31522e-161
8.05188e-161
1.02653e-160
1.30862e-160
1.66809e-160
2.12615e-160
2.70977e-160
3.45332e-160
4.40055e-160
5.60717e-160
7.14407e-160
9.10152e-160
1.15944e-159
1.47689e-159
1.88111e-159
2.39578e-159
3.05102e-159
3.88515e-159
4.94696e-159
6.29845e-159
8.01854e-159
1.02076e-158
1.29932e-158
1.65377e-158
2.10475e-158
2.6785e-158
3.40839e-158
4.33683e-158
5.51774e-158
7.01966e-158
8.9297e-158
1.13586e-157
1.44469e-157
1.83736e-157
2.33657e-157
2.97118e-157
3.77786e-157
4.80317e-157
6.10627e-157
7.76229e-157
9.86665e-157
1.25405e-156
1.59378e-156
2.02537e-156
2.57365e-156
3.27008e-156
4.15465e-156
5.27807e-156
6.70475e-156
8.5164e-156
1.08167e-155
1.37373e-155
1.7445e-155
2.21518e-155
2.81262e-155
3.57092e-155
4.5333e-155
5.7546e-155
7.30435e-155
9.27073e-155
1.17655e-154
1.49306e-154
1.89455e-154
2.40382e-154
3.04975e-154
3.86895e-154
4.9078e-154
6.2251e-154
7.89536e-154
1.0013e-153
1.26976e-153
1.61007e-153
2.04143e-153
2.58815e-153
3.28103e-153
4.15908e-153
5.2717e-153
6.68144e-153
8.46749e-153
1.07301e-152
1.35963e-152
1.72268e-152
2.1825e-152
2.76483e-152
3.50226e-152
4.43603e-152
5.61833e-152
7.11517e-152
9.01009e-152
1.14088e-151
1.44449e-151
1.82876e-151
2.31507e-151
2.93048e-151
3.70918e-151
4.69444e-151
5.94094e-151
7.51783e-151
9.51252e-151
1.20355e-150
1.52265e-150
1.9262e-150
2.43651e-150
3.08177e-150
3.89762e-150
4.92906e-150
6.23297e-150
7.88118e-150
9.96446e-150
1.25974e-149
1.59249e-149
2.01297e-149
2.54427e-149
3.21555e-149
4.06362e-149
5.13496e-149
6.48824e-149
8.19752e-149
1.03563e-148
1.30825e-148
1.65251e-148
2.0872e-148
2.63603e-148
3.3289e-148
4.20357e-148
5.30764e-148
6.70117e-148
8.4599e-148
1.06794e-147
1.34801e-147
1.7014e-147
2.14726e-147
2.70975e-147
3.41932e-147
4.31435e-147
5.44324e-147
6.86698e-147
8.66244e-147
1.09265e-146
1.37812e-146
1.73803e-146
2.19177e-146
2.76376e-146
3.48473e-146
4.39344e-146
5.53868e-146
6.9819e-146
8.80049e-146
1.10919e-145
1.39788e-145
1.76158e-145
2.21973e-145
2.79681e-145
3.52364e-145
4.43901e-145
5.59173e-145
7.04325e-145
8.87086e-145
1.11718e-144
1.40685e-144
1.77149e-144
2.23046e-144
2.80813e-144
3.53513e-144
4.44999e-144
5.60117e-144
7.0496e-144
8.87189e-144
1.11644e-143
1.40481e-143
1.76753e-143
2.22373e-143
2.79746e-143
3.51893e-143
4.42613e-143
5.56677e-143
7.0008e-143
8.80357e-143
1.10697e-142
1.3918e-142
1.74979e-142
2.19969e-142
2.76504e-142
3.47543e-142
4.36798e-142
5.48933e-142
6.898e-142
8.66749e-142
1.089e-141
1.36814e-141
1.7187e-141
2.1589e-141
2.71164e-141
3.40563e-141
4.2769e-141
5.37065e-141
6.74358e-141
8.46681e-141
1.06295e-140
1.33437e-140
1.67495e-140
2.10231e-140
2.63849e-140
3.31115e-140
4.15499e-140
5.21347e-140
6.54108e-140
8.20612e-140
1.02942e-139
1.29126e-139
1.61957e-139
2.03119e-139
2.54723e-139
3.19413e-139
4.005e-139
5.02133e-139
6.29507e-139
7.89129e-139
9.89149e-139
1.23977e-138
1.55377e-138
1.94714e-138
2.43992e-138
3.05716e-138
3.83025e-138
4.79847e-138
6.01095e-138
7.52922e-138
9.43024e-138
1.18103e-137
1.47899e-137
1.85198e-137
2.31885e-137
2.90319e-137
3.63449e-137
4.54965e-137
5.6948e-137
7.12761e-137
8.92023e-137
1.11628e-136
1.39681e-136
1.7477e-136
2.18657e-136
2.73542e-136
3.42178e-136
4.28002e-136
5.35309e-136
6.69468e-136
8.37185e-136
1.04684e-135
1.30888e-135
1.6364e-135
2.04571e-135
2.55721e-135
3.19634e-135
3.99489e-135
4.99256e-135
6.2389e-135
7.79576e-135
9.74035e-135
1.21691e-134
1.52021e-134
1.89897e-134
2.37191e-134
2.96241e-134
3.69961e-134
4.61992e-134
5.7687e-134
7.20257e-134
8.99213e-134
1.12255e-133
1.40124e-133
1.74898e-133
2.18285e-133
2.72414e-133
3.39938e-133
4.24167e-133
5.29224e-133
6.6025e-133
8.2365e-133
1.02741e-132
1.28147e-132
1.59824e-132
1.99315e-132
2.48545e-132
3.09909e-132
3.86395e-132
4.81718e-132
6.00511e-132
7.48539e-132
9.32985e-132
1.16279e-131
1.44908e-131
1.80572e-131
2.24995e-131
2.80325e-131
3.49235e-131
4.35049e-131
5.41908e-131
6.74961e-131
8.40616e-131
1.04685e-130
1.30357e-130
1.62312e-130
2.02084e-130
2.51583e-130
3.13181e-130
3.89831e-130
4.85202e-130
6.03857e-130
7.51472e-130
9.35097e-130
1.1635e-129
1.44758e-129
1.80088e-129
2.24023e-129
2.78654e-129
3.46581e-129
4.31033e-129
5.36021e-129
6.6653e-129
8.28748e-129
1.03037e-128
1.28093e-128
1.59231e-128
1.97922e-128
2.45996e-128
3.05722e-128
3.79919e-128
4.72087e-128
5.86568e-128
7.28754e-128
9.05335e-128
1.12461e-127
1.39689e-127
1.73496e-127
2.15467e-127
2.67571e-127
3.32249e-127
4.12528e-127
5.12164e-127
6.35815e-127
7.89257e-127
9.79652e-127
1.21588e-126
1.50896e-126
1.87252e-126
2.32351e-126
2.88289e-126
3.57665e-126
4.43702e-126
5.50393e-126
6.82683e-126
8.46705e-126
1.05005e-125
1.30213e-125
1.6146e-125
2.0019e-125
2.4819e-125
3.07675e-125
3.81387e-125
4.72723e-125
5.85885e-125
7.26079e-125
8.9975e-125
1.11487e-124
1.38132e-124
1.71132e-124
2.11998e-124
2.62603e-124
3.25262e-124
4.02839e-124
4.98881e-124
6.17772e-124
7.64936e-124
9.47083e-124
1.17251e-123
1.45148e-123
1.79669e-123
2.22382e-123
2.75227e-123
3.40604e-123
4.21477e-123
5.21512e-123
6.45239e-123
7.98256e-123
9.87485e-123
1.22147e-122
1.51079e-122
1.86849e-122
2.31069e-122
2.85732e-122
3.53299e-122
4.36809e-122
5.40017e-122
6.67557e-122
8.25156e-122
1.01988e-121
1.26046e-121
1.55766e-121
1.92479e-121
2.37827e-121
2.93835e-121
3.63004e-121
4.48421e-121
5.53894e-121
6.84121e-121
8.449e-121
1.04338e-120
1.28839e-120
1.59081e-120
1.96406e-120
2.42469e-120
2.99312e-120
3.69451e-120
4.55992e-120
5.62759e-120
6.94471e-120
8.56942e-120
1.05734e-119
1.3045e-119
1.60931e-119
1.98518e-119
2.44865e-119
3.02009e-119
3.72459e-119
4.59308e-119
5.66362e-119
6.98314e-119
8.60941e-119
1.06136e-118
1.30833e-118
1.61264e-118
1.98757e-118
2.44949e-118
3.01851e-118
3.71943e-118
4.58276e-118
5.64602e-118
6.95543e-118
8.56785e-118
1.05532e-117
1.29977e-117
1.6007e-117
1.97116e-117
2.42716e-117
2.98842e-117
3.67918e-117
4.52925e-117
5.57528e-117
6.86236e-117
8.44591e-117
1.03941e-116
1.27906e-116
1.57384e-116
1.93641e-116
2.38231e-116
2.93067e-116
3.60497e-116
4.43406e-116
5.4534e-116
6.70655e-116
8.24702e-116
1.01405e-115
1.24678e-115
1.5328e-115
1.88429e-115
2.3162e-115
2.84688e-115
3.49887e-115
4.29985e-115
5.28377e-115
6.49234e-115
7.97672e-115
9.79971e-115
1.20384e-114
1.47873e-114
1.81625e-114
2.23063e-114
2.73934e-114
3.3638e-114
4.13029e-114
5.07104e-114
6.22557e-114
7.64236e-114
9.38083e-114
1.15139e-113
1.41308e-113
1.73412e-113
2.12793e-113
2.61096e-113
3.20339e-113
3.92993e-113
4.82088e-113
5.91335e-113
7.25282e-113
8.895e-113
1.09081e-112
1.33759e-112
1.64006e-112
2.01077e-112
2.46508e-112
3.02179e-112
3.70395e-112
4.53975e-112
5.56371e-112
6.81809e-112
8.35462e-112
1.02366e-111
1.25416e-111
1.53644e-111
1.8821e-111
2.30535e-111
2.82355e-111
3.45798e-111
4.23461e-111
5.18526e-111
6.34884e-111
7.77291e-111
9.51566e-111
1.16482e-110
1.42576e-110
1.74502e-110
2.1356e-110
2.61339e-110
3.19782e-110
3.91265e-110
4.78689e-110
5.85602e-110
7.16336e-110
8.76188e-110
1.07163e-109
1.31056e-109
1.60263e-109
1.95965e-109
2.396e-109
2.9293e-109
3.58101e-109
4.37737e-109
5.35041e-109
6.53922e-109
7.99156e-109
9.76569e-109
1.19327e-108
1.45795e-108
1.7812e-108
2.17594e-108
2.65796e-108
3.2465e-108
3.96505e-108
4.84225e-108
5.91305e-108
7.22009e-108
8.81534e-108
1.07622e-107
1.3138e-107
1.6037e-107
1.95742e-107
2.38897e-107
2.91543e-107
3.55762e-107
4.34094e-107
5.29631e-107
6.46144e-107
7.88226e-107
9.61476e-107
1.17271e-106
1.43025e-106
1.7442e-106
2.1269e-106
2.59337e-106
3.1619e-106
3.85476e-106
4.69907e-106
5.72786e-106
6.98135e-106
8.50848e-106
1.03688e-105
1.2635e-105
1.53952e-105
1.87569e-105
2.28509e-105
2.78363e-105
3.39067e-105
4.12977e-105
5.02958e-105
6.12497e-105
7.45833e-105
9.08124e-105
1.10564e-104
1.34602e-104
1.63852e-104
1.99443e-104
2.42746e-104
2.95428e-104
3.59515e-104
4.37469e-104
5.32285e-104
6.47601e-104
7.87836e-104
9.58365e-104
1.16571e-103
1.41781e-103
1.72429e-103
2.09686e-103
2.54972e-103
3.10015e-103
3.76911e-103
4.58207e-103
5.56993e-103
6.77023e-103
8.22855e-103
1.00002e-102
1.21524e-102
1.47665e-102
1.79416e-102
2.17977e-102
2.64805e-102
3.21668e-102
3.9071e-102
4.74534e-102
5.76297e-102
6.99828e-102
8.49772e-102
1.03176e-101
1.25263e-101
1.52065e-101
1.84589e-101
2.2405e-101
2.71927e-101
3.30008e-101
4.00463e-101
4.85922e-101
5.89571e-101
7.15274e-101
8.67709e-101
1.05255e-100
1.27666e-100
1.54837e-100
1.87776e-100
2.27705e-100
2.76102e-100
3.34759e-100
4.05847e-100
4.91991e-100
5.96373e-100
7.22845e-100
8.76069e-100
1.06169e-099
1.28654e-099
1.55888e-099
1.88873e-099
2.28819e-099
2.77191e-099
3.35764e-099
4.06681e-099
4.92539e-099
5.96475e-099
7.22288e-099
8.7457e-099
1.05887e-098
1.28192e-098
1.55182e-098
1.87841e-098
2.27354e-098
2.75158e-098
3.32987e-098
4.02939e-098
4.87547e-098
5.89874e-098
7.13622e-098
8.63263e-098
1.0442e-097
1.26296e-097
1.52744e-097
1.84715e-097
2.23361e-097
2.70071e-097
3.26523e-097
3.94744e-097
4.77182e-097
5.76791e-097
6.97137e-097
8.42528e-097
1.01816e-096
1.23031e-096
1.48654e-096
1.796e-096
2.16972e-096
2.62098e-096
3.16586e-096
3.82371e-096
4.6179e-096
5.5766e-096
6.73381e-096
8.13051e-096
9.81614e-096
1.18503e-095
1.43049e-095
1.72665e-095
2.08397e-095
2.51504e-095
3.03503e-095
3.66224e-095
4.41873e-095
5.33106e-095
6.43125e-095
7.75789e-095
9.35745e-095
1.12859e-094
1.36108e-094
1.64133e-094
1.97912e-094
2.38625e-094
2.87691e-094
3.46818e-094
4.18064e-094
5.03906e-094
6.07327e-094
7.31917e-094
8.81996e-094
1.06277e-093
1.28049e-093
1.54269e-093
1.85843e-093
2.23862e-093
2.69638e-093
3.24749e-093
3.91093e-093
4.70954e-093
5.67077e-093
6.82767e-093
8.21993e-093
9.89533e-093
1.19113e-092
1.43368e-092
1.72549e-092
2.07653e-092
2.49878e-092
3.00667e-092
3.61751e-092
4.3521e-092
5.23545e-092
6.2976e-092
7.57465e-092
9.10993e-092
1.09555e-091
1.3174e-091
1.58405e-091
1.90452e-091
2.28965e-091
2.75244e-091
3.3085e-091
3.9766e-091
4.77923e-091
5.74342e-091
6.90158e-091
8.29264e-091
9.96328e-091
1.19696e-090
1.43787e-090
1.72714e-090
2.07444e-090
2.49139e-090
2.99189e-090
3.59267e-090
4.31375e-090
5.17915e-090
6.21766e-090
7.46384e-090
8.95908e-090
1.0753e-089
1.29051e-089
1.54868e-089
1.85834e-089
2.22975e-089
2.67518e-089
3.20934e-089
3.84985e-089
4.61783e-089
5.53858e-089
6.64239e-089
7.96556e-089
9.55156e-089
1.14524e-088
1.37305e-088
1.64605e-088
1.97317e-088
2.36512e-088
2.83469e-088
3.39723e-088
4.07109e-088
4.87822e-088
5.84492e-088
7.00264e-088
8.38901e-088
1.00491e-087
1.20367e-087
1.44163e-087
1.7265e-087
2.06749e-087
2.47565e-087
2.96414e-087
3.54875e-087
4.24832e-087
5.0854e-087
6.08695e-087
7.28517e-087
8.71857e-087
1.04332e-086
1.2484e-086
1.49368e-086
1.78701e-086
2.13778e-086
2.5572e-086
3.05867e-086
3.65818e-086
4.37486e-086
5.23154e-086
6.25548e-086
7.47924e-086
8.9417e-086
1.06893e-085
1.27774e-085
1.52723e-085
1.82529e-085
2.18134e-085
2.60664e-085
3.11463e-085
3.72131e-085
4.44582e-085
5.31097e-085
6.34398e-085
7.57733e-085
9.04973e-085
1.08074e-084
1.29054e-084
1.54096e-084
1.83981e-084
2.19646e-084
2.62204e-084
3.12982e-084
3.73566e-084
4.45841e-084
5.32058e-084
6.34898e-084
7.57556e-084
9.0384e-084
1.07829e-083
1.2863e-083
1.53432e-083
1.83003e-083
2.18255e-083
2.60277e-083
3.10366e-083
3.70065e-083
4.41213e-083
5.25998e-083
6.27027e-083
7.47401e-083
8.90815e-083
1.06166e-082
1.26518e-082
1.50759e-082
1.79631e-082
2.14015e-082
2.54961e-082
3.03717e-082
3.61768e-082
4.3088e-082
5.13156e-082
6.11095e-082
7.27668e-082
8.66411e-082
1.03153e-081
1.22801e-081
1.46181e-081
1.73998e-081
2.07093e-081
2.46463e-081
2.93294e-081
3.48997e-081
4.15246e-081
4.94033e-081
5.87721e-081
6.99122e-081
8.31573e-081
9.8904e-081
1.17623e-080
1.39875e-080
1.66322e-080
1.97755e-080
2.3511e-080
2.79498e-080
3.32242e-080
3.94907e-080
4.69355e-080
5.57795e-080
6.62847e-080
7.87621e-080
9.35811e-080
1.11179e-079
1.32077e-079
1.5689e-079
1.8635e-079
2.21324e-079
2.62842e-079
3.12124e-079
3.70616e-079
4.40036e-079
5.22418e-079
6.20174e-079
7.36165e-079
8.7378e-079
1.03704e-078
1.23071e-078
1.46043e-078
1.73289e-078
2.05602e-078
2.43922e-078
2.89361e-078
3.43237e-078
4.07113e-078
4.82838e-078
5.72604e-078
6.79005e-078
8.05113e-078
9.54569e-078
1.13168e-077
1.34155e-077
1.59021e-077
1.88481e-077
2.23382e-077
2.64724e-077
3.13693e-077
3.71691e-077
4.40378e-077
5.21717e-077
6.18032e-077
7.32069e-077
8.6708e-077
1.02691e-076
1.21611e-076
1.44005e-076
1.70509e-076
2.01876e-076
2.38994e-076
2.82915e-076
3.34881e-076
3.96361e-076
4.69091e-076
5.55123e-076
6.56882e-076
7.77234e-076
9.19563e-076
1.08787e-075
1.28688e-075
1.52218e-075
1.80037e-075
2.12922e-075
2.51795e-075
2.9774e-075
3.52043e-075
4.16216e-075
4.92048e-075
5.81652e-075
6.87518e-075
8.12589e-075
9.60338e-075
1.13486e-074
1.341e-074
1.58445e-074
1.87195e-074
2.21145e-074
2.61232e-074
3.08561e-074
3.64436e-074
4.30395e-074
5.08252e-074
6.00146e-074
7.086e-074
8.36587e-074
9.87613e-074
1.16581e-073
1.37606e-073
1.62409e-073
1.91668e-073
2.2618e-073
2.66886e-073
3.14893e-073
3.71506e-073
4.38264e-073
5.16976e-073
6.09777e-073
7.19181e-073
8.48147e-073
1.00016e-072
1.17933e-072
1.39048e-072
1.63931e-072
1.93252e-072
2.27799e-072
2.68501e-072
3.16451e-072
3.72934e-072
4.39465e-072
5.17824e-072
6.10107e-072
7.18779e-072
8.46742e-072
9.97407e-072
1.17479e-071
1.38361e-071
1.62942e-071
1.91875e-071
2.25928e-071
2.66003e-071
3.13162e-071
3.68653e-071
4.33943e-071
5.10756e-071
6.01119e-071
7.07413e-071
8.32437e-071
9.7948e-071
1.15241e-070
1.35576e-070
1.59487e-070
1.876e-070
2.20651e-070
2.59505e-070
3.05177e-070
3.58859e-070
4.21951e-070
4.96096e-070
5.83223e-070
6.85599e-070
8.05883e-070
9.47194e-070
1.1132e-069
1.30819e-069
1.53722e-069
1.80621e-069
2.12209e-069
2.49303e-069
2.92857e-069
3.43994e-069
4.04027e-069
4.74501e-069
5.57224e-069
6.54317e-069
7.68267e-069
9.01992e-069
1.05891e-068
1.24303e-068
1.45904e-068
1.71247e-068
2.00975e-068
2.35846e-068
2.76745e-068
3.24711e-068
3.80961e-068
4.4692e-068
5.24258e-068
6.1493e-068
7.21229e-068
8.45836e-068
9.91893e-068
1.16308e-067
1.36371e-067
1.59881e-067
1.8743e-067
2.19709e-067
2.57527e-067
3.01831e-067
3.53728e-067
4.14516e-067
4.85713e-067
5.69094e-067
6.66736e-067
7.8107e-067
9.14938e-067
1.07167e-066
1.25514e-066
1.46992e-066
1.72131e-066
2.01553e-066
2.35986e-066
2.7628e-066
3.23429e-066
3.78594e-066
4.43134e-066
5.18635e-066
6.06953e-066
7.10254e-066
8.31072e-066
9.72364e-066
1.13759e-065
1.33079e-065
1.55667e-065
1.82075e-065
2.12947e-065
2.49033e-065
2.91212e-065
3.40508e-065
3.98117e-065
4.65437e-065
5.44097e-065
6.36001e-065
7.43371e-065
8.68798e-065
1.01531e-064
1.18643e-064
1.38629e-064
1.61969e-064
1.89223e-064
2.21047e-064
2.58202e-064
3.01578e-064
3.52214e-064
4.11319e-064
4.80305e-064
5.60818e-064
6.54776e-064
7.64414e-064
8.92341e-064
1.0416e-063
1.21572e-063
1.41884e-063
1.65577e-063
1.93211e-063
2.25439e-063
2.63022e-063
3.06847e-063
3.57946e-063
4.17522e-063
4.86975e-063
5.67936e-063
6.62306e-063
7.72296e-063
9.00482e-063
1.04986e-062
1.22393e-062
1.42674e-062
1.66302e-062
1.93829e-062
2.25894e-062
2.63244e-062
3.06744e-062
3.57405e-062
4.164e-062
4.85095e-062
5.65079e-062
6.58199e-062
7.66604e-062
8.92793e-062
1.03967e-061
1.21062e-061
1.40957e-061
1.64108e-061
1.91046e-061
2.22389e-061
2.58854e-061
3.01275e-061
3.50619e-061
4.08014e-061
4.74766e-061
5.52396e-061
6.42669e-061
7.47635e-061
8.69678e-061
1.01156e-060
1.1765e-060
1.36823e-060
1.59108e-060
1.85008e-060
2.15107e-060
2.50083e-060
2.90724e-060
3.37942e-060
3.92799e-060
4.56524e-060
5.30547e-060
6.16523e-060
7.16375e-060
8.32335e-060
9.66988e-060
1.12334e-059
1.30487e-059
1.51561e-059
1.76025e-059
2.04422e-059
2.37381e-059
2.75632e-059
3.20023e-059
3.71533e-059
4.31301e-059
5.00643e-059
5.81089e-059
6.74408e-059
7.82653e-059
9.082e-059
1.0538e-058
1.22265e-058
1.41845e-058
1.64547e-058
1.90867e-058
2.2138e-058
2.56751e-058
2.9775e-058
3.45268e-058
4.00339e-058
4.64157e-058
5.38106e-058
6.23788e-058
7.23057e-058
8.38056e-058
9.7127e-058
1.12557e-057
1.30428e-057
1.51125e-057
1.75092e-057
2.02844e-057
2.34977e-057
2.72178e-057
3.15245e-057
3.65096e-057
4.22799e-057
4.89582e-057
5.6687e-057
6.56307e-057
7.59796e-057
8.79534e-057
1.01806e-056
1.17831e-056
1.36369e-056
1.5781e-056
1.82608e-056
2.11286e-056
2.44448e-056
2.82794e-056
3.27129e-056
3.78385e-056
4.37638e-056
5.06129e-056
5.85294e-056
6.76787e-056
7.82522e-056
9.04705e-056
1.04588e-055
1.209e-055
1.39744e-055
1.61513e-055
1.86658e-055
2.15701e-055
2.49244e-055
2.8798e-055
3.3271e-055
3.84358e-055
4.43988e-055
5.12829e-055
5.92297e-055
6.84026e-055
7.89899e-055
9.12088e-055
1.0531e-054
1.21581e-054
1.40355e-054
1.62015e-054
1.87004e-054
2.1583e-054
2.49079e-054
2.87429e-054
3.31656e-054
3.82659e-054
4.41471e-054
5.09282e-054
5.87463e-054
6.77592e-054
7.81488e-054
9.01243e-054
1.03927e-053
1.19834e-053
1.38165e-053
1.59287e-053
1.83624e-053
2.11663e-053
2.43964e-053
2.81172e-053
3.2403e-053
3.73392e-053
4.30239e-053
4.95702e-053
5.7108e-053
6.57869e-053
7.57789e-053
8.72816e-053
1.00522e-052
1.15763e-052
1.33303e-052
1.5349e-052
1.76719e-052
2.03448e-052
2.34201e-052
2.69582e-052
3.10283e-052
3.57102e-052
4.10953e-052
4.72887e-052
5.44112e-052
6.26017e-052
7.20193e-052
8.28473e-052
9.52957e-052
1.09606e-051
1.26055e-051
1.44962e-051
1.66691e-051
1.91663e-051
2.20358e-051
2.53329e-051
2.9121e-051
3.3473e-051
3.84724e-051
4.4215e-051
5.08107e-051
5.83858e-051
6.7085e-051
7.70743e-051
8.8544e-051
1.01713e-050
1.16831e-050
1.34185e-050
1.54105e-050
1.76969e-050
2.03209e-050
2.33321e-050
2.67874e-050
3.0752e-050
3.53006e-050
4.05188e-050
4.65048e-050
5.33709e-050
6.12459e-050
7.02774e-050
8.06344e-050
9.25104e-050
1.06127e-049
1.21739e-049
1.39636e-049
1.60152e-049
1.83667e-049
2.10619e-049
2.41507e-049
2.76902e-049
3.17461e-049
3.63932e-049
4.17172e-049
4.78164e-049
5.4803e-049
6.28055e-049
7.19708e-049
8.24673e-049
9.44871e-049
1.0825e-048
1.24009e-048
1.4205e-048
1.62703e-048
1.86344e-048
2.13404e-048
2.44374e-048
2.79817e-048
3.20375e-048
3.66782e-048
4.19879e-048
4.80625e-048
5.50116e-048
6.29605e-048
7.20523e-048
8.24506e-048
9.43421e-048
1.0794e-047
1.23488e-047
1.41265e-047
1.61589e-047
1.84821e-047
2.11378e-047
2.41731e-047
2.76421e-047
3.16065e-047
3.61366e-047
4.13127e-047
4.72266e-047
5.39828e-047
6.17007e-047
7.05164e-047
8.05854e-047
9.2085e-047
1.05217e-046
1.20213e-046
1.37335e-046
1.56883e-046
1.792e-046
2.04676e-046
2.33755e-046
2.66944e-046
3.04821e-046
3.48046e-046
3.97369e-046
4.53647e-046
5.17853e-046
5.91101e-046
6.74657e-046
7.69963e-046
8.78664e-046
1.00263e-045
1.144e-045
1.3052e-045
1.489e-045
1.69854e-045
1.93742e-045
2.20973e-045
2.52011e-045
2.87386e-045
3.27701e-045
3.73642e-045
4.2599e-045
4.85634e-045
5.53585e-045
6.30996e-045
7.19174e-045
8.1961e-045
9.34e-045
1.06427e-044
1.21262e-044
1.38153e-044
1.57385e-044
1.7928e-044
2.04206e-044
2.32578e-044
2.64872e-044
3.01626e-044
3.43453e-044
3.91049e-044
4.45207e-044
5.06825e-044
5.76926e-044
6.56672e-044
7.47382e-044
8.50556e-044
9.67896e-044
1.10134e-043
1.25308e-043
1.42561e-043
1.62178e-043
1.84479e-043
2.09831e-043
2.38647e-043
2.714e-043
3.08623e-043
3.50925e-043
3.98993e-043
4.53609e-043
5.15662e-043
5.86157e-043
6.66237e-043
7.57198e-043
8.6051e-043
9.77841e-043
1.11108e-042
1.26238e-042
1.43417e-042
1.62921e-042
1.85063e-042
2.10198e-042
2.38727e-042
2.71108e-042
3.07856e-042
3.49558e-042
3.96878e-042
4.50568e-042
5.11481e-042
5.80584e-042
6.58971e-042
7.47883e-042
8.48725e-042
9.63088e-042
1.09278e-041
1.23983e-041
1.40656e-041
1.59559e-041
1.80988e-041
2.05279e-041
2.32812e-041
2.64017e-041
2.99381e-041
3.39455e-041
3.84863e-041
4.36311e-041
4.94598e-041
5.60627e-041
6.35422e-041
7.20138e-041
8.16085e-041
9.24743e-041
1.04779e-040
1.18711e-040
1.34485e-040
1.52343e-040
1.72559e-040
1.95443e-040
2.21343e-040
2.50657e-040
2.8383e-040
3.21368e-040
3.63843e-040
4.11899e-040
4.66265e-040
5.27766e-040
5.97332e-040
6.76014e-040
7.65001e-040
8.65634e-040
9.79428e-040
1.10809e-039
1.25356e-039
1.41802e-039
1.60392e-039
1.81406e-039
2.05156e-039
2.31998e-039
2.62331e-039
2.96607e-039
3.35335e-039
3.7909e-039
4.2852e-039
4.84357e-039
5.47428e-039
6.18663e-039
6.99112e-039
7.8996e-039
8.92545e-039
1.00837e-038
1.13914e-038
1.28677e-038
1.45341e-038
1.6415e-038
1.8538e-038
2.09338e-038
2.36374e-038
2.66881e-038
3.01302e-038
3.40135e-038
3.83943e-038
4.3336e-038
4.89098e-038
5.51962e-038
6.22858e-038
7.02804e-038
7.92949e-038
8.94586e-038
1.00917e-037
1.13835e-037
1.28395e-037
1.44807e-037
1.63304e-037
1.84149e-037
2.07638e-037
2.34106e-037
2.63926e-037
2.97522e-037
3.35367e-037
3.77997e-037
4.26013e-037
4.8009e-037
5.40989e-037
6.09566e-037
6.86781e-037
7.73717e-037
8.71588e-037
9.81763e-037
1.10578e-036
1.24536e-036
1.40245e-036
1.57924e-036
1.77817e-036
2.002e-036
2.25383e-036
2.53714e-036
2.85583e-036
3.2143e-036
3.61749e-036
4.07093e-036
4.58086e-036
5.15424e-036
5.79895e-036
6.52378e-036
7.33864e-036
8.25463e-036
9.28422e-036
1.04414e-035
1.17419e-035
1.32034e-035
1.48455e-035
1.66907e-035
1.87636e-035
2.10924e-035
2.37084e-035
2.66467e-035
2.99468e-035
3.3653e-035
3.78148e-035
4.24881e-035
4.77351e-035
5.36259e-035
6.02389e-035
6.76621e-035
7.59942e-035
8.53455e-035
9.584e-035
1.07617e-034
1.20831e-034
1.35657e-034
1.5229e-034
1.70949e-034
1.9188e-034
2.15356e-034
2.41685e-034
2.71213e-034
3.04324e-034
3.4145e-034
3.83075e-034
4.29742e-034
4.82055e-034
5.40694e-034
6.06419e-034
6.8008e-034
7.62628e-034
8.55129e-034
9.58774e-034
1.0749e-033
1.20499e-033
1.35072e-033
1.51396e-033
1.69679e-033
1.90155e-033
2.13086e-033
2.38763e-033
2.67513e-033
2.99701e-033
3.35736e-033
3.76075e-033
4.21227e-033
4.71762e-033
5.2832e-033
5.91611e-033
6.62432e-033
7.41674e-033
8.30328e-033
9.29508e-033
1.04045e-032
1.16455e-032
1.30334e-032
1.45856e-032
1.63214e-032
1.82623e-032
2.04324e-032
2.28587e-032
2.5571e-032
2.86029e-032
3.19917e-032
3.57793e-032
4.00121e-032
4.47422e-032
5.00276e-032
5.59329e-032
6.25304e-032
6.99005e-032
7.81333e-032
8.73288e-032
9.75989e-032
1.09068e-031
1.21876e-031
1.36177e-031
1.52144e-031
1.69969e-031
1.89869e-031
2.12081e-031
2.36874e-031
2.64544e-031
2.95423e-031
3.29881e-031
3.68328e-031
4.11225e-031
4.59081e-031
5.12467e-031
5.72016e-031
6.38434e-031
7.12508e-031
7.95115e-031
8.87229e-031
9.89936e-031
1.10445e-030
1.23211e-030
1.37441e-030
1.53304e-030
1.70984e-030
1.90687e-030
2.12645e-030
2.37112e-030
2.64374e-030
2.94747e-030
3.28584e-030
3.66277e-030
4.08261e-030
4.55022e-030
5.07099e-030
5.65092e-030
6.29668e-030
7.01568e-030
7.81617e-030
8.70731e-030
9.69929e-030
1.08034e-029
1.20323e-029
1.34e-029
1.49219e-029
1.66153e-029
1.84995e-029
2.05957e-029
2.29277e-029
2.55217e-029
2.8407e-029
3.1616e-029
3.51847e-029
3.91531e-029
4.35657e-029
4.84719e-029
5.39263e-029
5.99898e-029
6.67298e-029
7.42212e-029
8.25472e-029
9.18e-029
1.02082e-028
1.13507e-028
1.262e-028
1.40302e-028
1.55967e-028
1.73368e-028
1.92695e-028
2.1416e-028
2.37997e-028
2.64467e-028
2.93857e-028
3.26489e-028
3.62715e-028
4.02929e-028
4.47566e-028
4.9711e-028
5.52094e-028
6.13112e-028
6.80821e-028
7.55947e-028
8.39298e-028
9.31766e-028
1.03434e-027
1.14812e-027
1.27431e-027
1.41426e-027
1.56945e-027
1.74154e-027
1.93235e-027
2.1439e-027
2.37841e-027
2.63838e-027
2.92653e-027
3.24589e-027
3.59983e-027
3.99204e-027
4.42664e-027
4.90817e-027
5.44165e-027
6.03265e-027
6.6873e-027
7.41242e-027
8.21551e-027
9.1049e-027
1.00898e-026
1.11803e-026
1.23878e-026
1.37245e-026
1.52043e-026
1.68424e-026
1.86555e-026
2.06621e-026
2.28828e-026
2.53401e-026
2.80591e-026
3.10675e-026
3.43956e-026
3.80774e-026
4.21499e-026
4.66543e-026
5.16361e-026
5.71453e-026
6.32374e-026
6.99734e-026
7.74209e-026
8.56543e-026
9.47558e-026
1.04816e-025
1.15936e-025
1.28225e-025
1.41805e-025
1.56812e-025
1.73393e-025
1.91712e-025
2.1195e-025
2.34306e-025
2.59e-025
2.86274e-025
3.16395e-025
3.49658e-025
3.86388e-025
4.26942e-025
4.71716e-025
5.21145e-025
5.75707e-025
6.35932e-025
7.02403e-025
7.7576e-025
8.56711e-025
9.46036e-025
1.04459e-024
1.15332e-024
1.27327e-024
1.40559e-024
1.55153e-024
1.7125e-024
1.89001e-024
2.08576e-024
2.30161e-024
2.53959e-024
2.80196e-024
3.09119e-024
3.41001e-024
3.76141e-024
4.14871e-024
4.57552e-024
5.04585e-024
5.56409e-024
6.13507e-024
6.76411e-024
7.45707e-024
8.22037e-024
9.06109e-024
9.98701e-024
1.10067e-023
1.21295e-023
1.33658e-023
1.4727e-023
1.62256e-023
1.78752e-023
1.9691e-023
2.16895e-023
2.3889e-023
2.63094e-023
2.89729e-023
3.19035e-023
3.51277e-023
3.86748e-023
4.25767e-023
4.68686e-023
5.1589e-023
5.67805e-023
6.24894e-023
6.8767e-023
7.56692e-023
8.32577e-023
9.16001e-023
1.0077e-022
1.1085e-022
1.21928e-022
1.34103e-022
1.47483e-022
1.62184e-022
1.78336e-022
1.96082e-022
2.15577e-022
2.36992e-022
2.60513e-022
2.86347e-022
3.14717e-022
3.45871e-022
3.80079e-022
4.17638e-022
4.58872e-022
5.04138e-022
5.53826e-022
6.08363e-022
6.68218e-022
7.33905e-022
8.05986e-022
8.85076e-022
9.71851e-022
1.06705e-021
1.17148e-021
1.28604e-021
1.41168e-021
1.54947e-021
1.70059e-021
1.86629e-021
2.04798e-021
2.24718e-021
2.46557e-021
2.70496e-021
2.96737e-021
3.25498e-021
3.57018e-021
3.9156e-021
4.2941e-021
4.70881e-021
5.16318e-021
5.66095e-021
6.20621e-021
6.80346e-021
7.45761e-021
8.174e-021
8.95851e-021
9.81755e-021
1.07581e-020
1.17879e-020
1.29152e-020
1.41492e-020
1.54999e-020
1.69782e-020
1.8596e-020
2.03664e-020
2.23036e-020
2.44231e-020
2.67419e-020
2.92786e-020
3.20535e-020
3.50885e-020
3.84079e-020
4.20381e-020
4.60077e-020
5.03482e-020
5.5094e-020
6.02823e-020
6.5954e-020
7.21537e-020
7.89299e-020
8.63358e-020
9.44291e-020
1.03273e-019
1.12936e-019
1.23494e-019
1.35029e-019
1.47629e-019
1.61392e-019
1.76424e-019
1.92841e-019
2.1077e-019
2.30347e-019
2.51723e-019
2.75061e-019
3.0054e-019
3.28352e-019
3.5871e-019
3.91844e-019
4.28005e-019
4.67467e-019
5.10527e-019
5.57509e-019
6.08768e-019
6.64686e-019
7.25685e-019
7.92219e-019
8.64786e-019
9.43925e-019
1.03023e-018
1.12433e-018
1.22693e-018
1.33879e-018
1.46074e-018
1.59366e-018
1.73855e-018
1.89646e-018
2.06855e-018
2.25607e-018
2.46041e-018
2.68304e-018
2.92559e-018
3.18982e-018
3.47763e-018
3.79112e-018
4.13254e-018
4.50435e-018
4.90924e-018
5.35009e-018
5.83008e-018
6.35264e-018
6.92148e-018
7.54068e-018
8.21462e-018
8.94809e-018
9.74629e-018
1.06149e-017
1.15599e-017
1.25881e-017
1.37067e-017
1.49236e-017
1.62471e-017
1.76867e-017
1.92523e-017
2.09549e-017
2.28062e-017
2.48192e-017
2.70077e-017
2.93868e-017
3.19731e-017
3.47842e-017
3.78395e-017
4.116e-017
4.47683e-017
4.86891e-017
5.29492e-017
5.75775e-017
6.26054e-017
6.8067e-017
7.39993e-017
8.04423e-017
8.74394e-017
9.50377e-017
1.03288e-016
1.12246e-016
1.21971e-016
1.32529e-016
1.43989e-016
1.56427e-016
1.69927e-016
1.84577e-016
2.00475e-016
2.17725e-016
2.36441e-016
2.56745e-016
2.78771e-016
3.02663e-016
3.28576e-016
3.56681e-016
3.87159e-016
4.20208e-016
4.56043e-016
4.94894e-016
5.37014e-016
5.82672e-016
6.32163e-016
6.85804e-016
7.43938e-016
8.06936e-016
8.75201e-016
9.49166e-016
1.0293e-015
1.11611e-015
1.21015e-015
1.31202e-015
1.42234e-015
1.54182e-015
1.6712e-015
1.8113e-015
1.96299e-015
2.12722e-015
2.305e-015
2.49745e-015
2.70575e-015
2.9312e-015
3.17518e-015
3.4392e-015
3.72488e-015
4.03398e-015
4.36838e-015
4.73013e-015
5.12144e-015
5.54468e-015
6.00243e-015
6.49746e-015
7.03277e-015
7.61157e-015
8.23737e-015
8.91392e-015
9.64528e-015
1.04358e-014
1.12903e-014
1.22137e-014
1.32117e-014
1.42901e-014
1.54552e-014
1.67141e-014
1.80741e-014
1.95432e-014
2.11301e-014
2.2844e-014
2.4695e-014
2.66939e-014
2.88524e-014
3.11829e-014
3.3699e-014
3.64153e-014
3.93474e-014
4.25123e-014
4.59282e-014
4.96146e-014
5.35927e-014
5.78853e-014
6.25167e-014
6.75135e-014
7.29038e-014
7.87184e-014
8.49901e-014
9.17542e-014
9.90489e-014
1.06915e-013
1.15397e-013
1.24542e-013
1.34401e-013
1.4503e-013
1.56486e-013
1.68834e-013
1.82143e-013
1.96485e-013
2.11939e-013
2.28592e-013
2.46533e-013
2.65862e-013
2.86683e-013
3.09111e-013
3.33267e-013
3.59283e-013
3.873e-013
4.17468e-013
4.49951e-013
4.84924e-013
5.22573e-013
5.63102e-013
6.06726e-013
6.53679e-013
7.04209e-013
7.58587e-013
8.17099e-013
8.80055e-013
9.47788e-013
1.02065e-012
1.09903e-012
1.18334e-012
1.27402e-012
1.37153e-012
1.4764e-012
1.58915e-012
1.71039e-012
1.84072e-012
1.98084e-012
2.13145e-012
2.29334e-012
2.46732e-012
2.6543e-012
2.85522e-012
3.07111e-012
3.30307e-012
3.55227e-012
3.81996e-012
4.10751e-012
4.41636e-012
4.74805e-012
5.10426e-012
5.48676e-012
5.89747e-012
6.33841e-012
6.8118e-012
7.31996e-012
7.86541e-012
8.45085e-012
9.07915e-012
9.75339e-012
1.04769e-011
1.12532e-011
1.2086e-011
1.29795e-011
1.39379e-011
1.49659e-011
1.60685e-011
1.7251e-011
1.8519e-011
1.98787e-011
2.13365e-011
2.28994e-011
2.45749e-011
2.6371e-011
2.8296e-011
3.03592e-011
3.25703e-011
3.49397e-011
3.74785e-011
4.01986e-011
4.31128e-011
4.62346e-011
4.95786e-011
5.31602e-011
5.69961e-011
6.1104e-011
6.55028e-011
7.02128e-011
7.52556e-011
8.06542e-011
8.64333e-011
9.26192e-011
9.92401e-011
1.06326e-010
1.13909e-010
1.22023e-010
1.30704e-010
1.39993e-010
1.4993e-010
1.60559e-010
1.71929e-010
1.84089e-010
1.97094e-010
2.11e-010
2.25871e-010
2.41771e-010
2.58769e-010
2.76941e-010
2.96365e-010
3.17128e-010
3.39318e-010
3.63032e-010
3.88373e-010
4.15451e-010
4.44381e-010
4.75289e-010
5.08307e-010
5.43576e-010
5.81246e-010
6.21478e-010
6.64442e-010
7.10321e-010
7.59309e-010
8.11611e-010
8.67448e-010
9.27053e-010
9.90676e-010
1.05858e-009
1.13106e-009
1.2084e-009
1.29092e-009
1.37898e-009
1.47292e-009
1.57314e-009
1.68005e-009
1.79409e-009
1.91571e-009
2.04542e-009
2.18374e-009
2.33123e-009
2.48848e-009
2.65614e-009
2.83486e-009
3.02538e-009
3.22845e-009
3.44488e-009
3.67552e-009
3.92131e-009
4.1832e-009
4.46223e-009
4.75949e-009
5.07617e-009
5.41349e-009
5.77277e-009
6.15541e-009
6.5629e-009
6.99682e-009
7.45884e-009
7.95075e-009
8.47443e-009
9.0319e-009
9.62528e-009
1.02568e-008
1.0929e-008
1.16443e-008
1.24054e-008
1.32152e-008
1.40768e-008
1.49934e-008
1.59684e-008
1.70055e-008
1.81085e-008
1.92816e-008
2.0529e-008
2.18554e-008
2.32657e-008
2.47651e-008
2.6359e-008
2.80533e-008
2.98541e-008
3.17681e-008
3.38021e-008
3.59636e-008
3.82602e-008
4.07003e-008
4.32927e-008
4.60465e-008
4.89717e-008
5.20786e-008
5.53783e-008
5.88824e-008
6.26033e-008
6.65542e-008
7.07488e-008
7.52019e-008
7.9929e-008
8.49466e-008
9.02721e-008
9.59239e-008
1.01922e-007
1.08286e-007
1.15038e-007
1.22202e-007
1.29802e-007
1.37864e-007
1.46415e-007
1.55485e-007
1.65103e-007
1.75302e-007
1.86117e-007
1.97583e-007
2.09739e-007
2.22626e-007
2.36286e-007
2.50765e-007
2.66109e-007
2.82371e-007
2.99603e-007
3.17861e-007
3.37206e-007
3.577e-007
3.7941e-007
4.02406e-007
4.26762e-007
4.52557e-007
4.79873e-007
5.08798e-007
5.39424e-007
5.71849e-007
6.06175e-007
6.42512e-007
6.80973e-007
7.21679e-007
7.6476e-007
8.10348e-007
8.58586e-007
9.09624e-007
9.63621e-007
1.02074e-006
1.08117e-006
1.14508e-006
1.21267e-006
1.28415e-006
1.35974e-006
1.43967e-006
1.52417e-006
1.61351e-006
1.70795e-006
1.80777e-006
1.91328e-006
2.02479e-006
2.14263e-006
2.26715e-006
2.39872e-006
2.53772e-006
2.68457e-006
2.83969e-006
3.00355e-006
3.1766e-006
3.35937e-006
3.55237e-006
3.75616e-006
3.97133e-006
4.1985e-006
4.43832e-006
4.69146e-006
4.95866e-006
5.24066e-006
5.53827e-006
5.85231e-006
6.18368e-006
6.5333e-006
6.90214e-006
7.29124e-006
7.70166e-006
8.13455e-006
8.5911e-006
9.07256e-006
9.58025e-006
1.01156e-005
1.06799e-005
1.12749e-005
1.19021e-005
1.25632e-005
1.326e-005
1.39943e-005
1.47681e-005
1.55835e-005
1.64426e-005
1.73478e-005
1.83013e-005
1.93057e-005
2.03636e-005
2.14779e-005
2.26513e-005
2.38869e-005
2.5188e-005
2.65579e-005
2.8e-005
2.95182e-005
3.11162e-005
3.27982e-005
3.45684e-005
3.64312e-005
3.83914e-005
4.0454e-005
4.2624e-005
4.49068e-005
4.73083e-005
4.98342e-005
5.24909e-005
5.52848e-005
5.82229e-005
6.13124e-005
6.45607e-005
6.79758e-005
7.15659e-005
7.53397e-005
7.93063e-005
8.34751e-005
8.78563e-005
9.246e-005
9.72975e-005
0.00010238
0.000107719
0.000113328
0.00011922
0.000125409
0.000131908
0.000138733
0.000145899
0.000153424
0.000161325
0.000169619
0.000178325
0.000187463
0.000197054
0.00020712
0.000217683
0.000228766
0.000240396
0.000252596
0.000265395
0.00027882
0.000292901
0.00030767
0.000323157
0.000339398
0.000356427
0.000374281
0.000392999
0.00041262
0.000433187
0.000454743
0.000477334
0.000501009
0.000525816
0.000551809
0.000579041
0.000607569
0.000637452
0.000668753
0.000701536
0.000735868
0.00077182
0.000809465
0.000848879
0.000890142
0.000933338
0.000978554
0.00102588
0.00107541
0.00112724
0.00118148
0.00123823
0.0012976
0.00135972
0.0014247
0.00149266
0.00156375
0.00163809
0.00171583
0.00179711
0.00188211
0.00197096
0.00206385
0.00216095
0.00226244
0.00236851
0.00247936
0.00259519
0.00271622
0.00284267
0.00297478
0.00311278
0.00325692
0.00340747
0.00356471
0.0037289
0.00390036
0.00407937
0.00426627
0.00446138
0.00466505
0.00487763
0.0050995
0.00533104
0.00557266
0.00582477
0.00608781
0.00636223
0.0066485
0.0069471
0.00725855
0.00758336
0.00792209
0.00827529
0.00864357
0.00902752
0.0094278
0.00984504
0.01028
0.0107332
0.0112056
0.0116979
0.0122108
0.0127452
0.013302
0.0138819
0.0144861
0.0151153
0.0157707
0.0164531
0.0171638
0.0179037
0.0186741
0.0194761
0.0203109
0.0211799
0.0220843
0.0230255
0.024005
0.0250241
0.0260845
0.0271877
0.0283353
0.029529
0.0307706
0.0320619
0.0334048
0.0348011
0.036253
0.0377626
0.0393318
0.0409631
0.0426587
0.044421
0.0462524
0.0481556
0.0501332
0.0521878
0.0543225
0.05654
0.0588434
0.0612358
0.0637205
0.0663008
0.0689802
0.0717623
0.0746506
0.0776492
0.0807619
0.0839927
0.0873459
0.0908259
0.0944371
0.0981842
0.102072
0.106105
0.110289
0.11463
0.119131
0.1238
0.128641
0.133661
0.138867
0.144264
0.149858
0.155658
0.161669
0.167899
0.174356
0.181046
0.187979
0.195162
0.202603
0.210312
0.218296
0.226566
0.235131
0.244001
0.253185
0.262695
0.27254
0.282732
0.293282
0.304202
0.315503
0.327199
0.339302
0.351825
0.364782
0.378186
0.392051
0.406394
0.421227
0.436568
0.452433
0.468836
0.485797
0.503332
0.521458
0.540195
0.559561
0.579577
0.600261
0.621634
0.643718
0.666534
0.690104
0.714453
0.739602
0.765576
0.7924
0.8201
0.848701
0.878232
0.908718
0.940188
0.972673
1.0062
1.0408
1.07651
1.11335
1.15137
1.19059
1.23105
1.27278
1.31583
1.36022
1.40601
1.45322
1.50189
1.55208
1.60382
1.65715
1.71212
1.76877
1.82716
1.88732
1.94932
2.01319
2.07899
2.14677
2.21659
2.28851
2.36256
2.43883
2.51736
2.59821
2.68145
2.76714
2.85534
2.94612
3.03955
3.1357
3.23464
3.33643
3.44116
3.5489
3.65972
3.77371
3.89094
4.0115
4.13547
4.26294
4.39399
4.52872
4.66721
4.80956
4.95586
5.10621
5.2607
5.41945
5.58255
5.75011
5.92223
6.09903
6.28061
6.46708
6.65858
6.8552
7.05708
7.26433
7.47708
7.69546
7.9196
8.14962
8.38567
8.62787
8.87638
9.13133
9.39286
9.66112
9.93627
10.2185
10.5078
10.8045
11.1088
11.4207
11.7404
12.0681
12.404
12.7483
13.1011
13.4626
13.8329
14.2124
14.6011
14.9993
15.4071
15.8248
16.2525
16.6904
17.1389
17.5979
18.0679
18.549
19.0413
19.5453
20.0609
20.5886
21.1285
21.6808
22.2458
22.8238
23.4149
24.0195
24.6378
25.2699
25.9163
26.5771
27.2526
27.9431
28.6489
29.3701
30.1072
30.8603
31.6298
32.416
33.219
34.0393
34.8772
35.7328
36.6065
37.4987
38.4096
39.3395
40.2888
41.2578
42.2467
43.256
44.2859
45.3368
46.4089
47.5027
48.6184
49.7565
50.9172
52.1008
53.3078
54.5385
55.7933
57.0724
58.3762
59.7052
61.0596
62.4399
63.8463
65.2793
66.7392
68.2264
69.7413
71.2842
72.8555
74.4557
76.085
77.7438
79.4326
81.1518
82.9016
84.6825
86.4948
88.339
90.2155
92.1246
94.0667
96.0422
98.0515
100.095
102.173
104.286
106.434
108.619
110.839
113.095
115.389
117.72
120.089
122.495
124.94
127.424
129.947
132.51
135.112
137.755
140.438
143.163
145.929
148.736
151.586
154.478
157.414
160.392
163.414
166.479
169.589
172.744
175.943
179.187
182.477
185.813
189.195
192.623
196.099
199.621
203.19
206.807
210.472
214.185
217.947
221.757
225.616
229.524
233.482
237.489
241.546
245.653
249.81
254.017
258.276
262.585
266.945
271.356
275.818
280.332
284.897
289.514
294.182
298.902
303.675
308.499
313.375
318.304
323.284
328.317
333.402
338.539
343.728
348.969
354.263
359.609
365.006
370.456
375.957
381.51
387.115
392.771
398.479
404.238
410.048
415.909
421.82
427.782
433.794
439.857
445.969
452.13
458.34
464.6
470.908
477.264
483.667
490.119
496.617
503.162
509.754
516.391
523.073
529.801
536.573
543.388
550.247
557.149
564.094
571.08
578.107
585.175
592.282
599.429
606.615
613.839
621.099
628.397
635.73
643.099
650.501
657.938
665.407
672.908
680.44
688.003
695.595
703.215
710.864
718.539
726.24
733.966
741.715
749.488
757.283
765.099
772.935
780.79
788.663
796.553
804.459
812.379
820.313
828.259
836.217
844.185
852.162
860.147
868.138
876.135
884.136
892.141
900.147
908.154
916.16
924.164
932.165
940.161
948.152
956.136
964.111
972.076
980.03
987.972
995.9
1003.81
1011.71
1019.59
1027.45
1035.28
1043.1
1050.89
1058.66
1066.4
1074.12
1081.8
1089.46
1097.08
1104.67
1112.22
1119.74
1127.22
1134.66
1142.06
1149.42
1156.74
1164.01
1171.23
1178.41
1185.54
1192.62
1199.64
1206.61
1213.53
1220.39
1227.2
1233.94
1240.63
1247.25
1253.81
1260.31
1266.74
1273.1
1279.39
1285.62
1291.77
1297.85
1303.86
1309.79
1315.65
1321.43
1327.13
1332.75
1338.29
1343.74
1349.11
1354.4
1359.6
1364.72
1369.75
1374.68
1379.53
1384.28
1388.95
1393.52
1397.99
1402.37
1406.65
1410.83
1414.92
1418.91
1422.79
1426.57
1430.26
1433.84
1437.31
1440.68
1443.95
1447.11
1450.16
1453.1
1455.94
1458.67
1461.28
1463.79
1466.19
1468.47
1470.65
1472.71
1474.66
1476.49
1478.21
1479.82
1481.31
1482.69
1483.95
1485.1
1486.13
1487.05
1487.85
1488.53
1489.1
1489.55
1489.88
1490.1
1490.19
1490.18
1490.04
1489.79
1489.42
1488.94
1488.34
1487.62
1486.78
1485.83
1484.76
1483.58
1482.28
1480.87
1479.34
1477.7
1475.95
1474.08
1472.09
1470
1467.79
1465.47
1463.04
1460.5
1457.85
1455.09
1452.22
1449.24
1446.16
1442.97
1439.67
1436.27
1432.76
1429.15
1425.44
1421.62
1417.7
1413.69
1409.57
1405.36
1401.05
1396.64
1392.14
1387.54
1382.85
1378.07
1373.19
1368.23
1363.17
1358.03
1352.8
1347.49
1342.09
1336.61
1331.05
1325.4
1319.68
1313.88
1308
1302.04
1296.01
1289.91
1283.73
1277.49
1271.17
1264.79
1258.34
1251.82
1245.24
1238.6
1231.9
1225.14
1218.31
1211.44
1204.5
1197.51
1190.47
1183.38
1176.24
1169.04
1161.81
1154.52
1147.19
1139.82
1132.41
1124.95
1117.46
1109.93
1102.37
1094.77
1087.13
1079.47
1071.78
1064.05
1056.3
1048.53
1040.73
1032.9
1025.06
1017.2
1009.31
1001.41
993.492
985.56
977.614
969.657
961.688
953.71
945.725
937.732
929.734
921.732
913.727
905.721
897.714
889.708
881.705
873.705
865.709
857.719
849.737
841.762
833.798
825.843
817.9
809.971
802.055
794.154
786.269
778.401
770.552
762.722
754.912
747.124
739.358
731.615
723.897
716.204
708.537
700.897
693.284
685.701
678.148
670.625
663.134
655.674
648.248
640.856
633.498
626.176
618.889
611.64
604.427
597.254
590.118
583.023
575.967
568.953
561.979
555.048
548.159
541.313
534.51
527.752
521.038
514.369
507.746
501.168
494.637
488.153
481.716
475.327
468.986
462.692
456.448
450.252
444.106
438.009
431.962
425.965
420.019
414.123
408.277
402.483
396.739
391.047
385.406
379.817
374.28
368.794
363.36
357.979
352.649
347.371
342.146
336.972
331.851
326.782
321.765
316.801
311.888
307.027
302.219
297.463
292.758
288.105
283.504
278.955
274.457
270.01
265.614
261.27
256.976
252.733
248.541
244.399
240.308
236.266
232.274
228.331
224.438
220.594
216.799
213.052
209.353
205.703
202.1
198.545
195.038
191.577
188.162
184.795
181.473
178.197
174.966
171.78
168.639
165.543
162.491
159.482
156.517
153.595
150.716
147.879
145.084
142.33
139.618
136.947
134.317
131.727
129.176
126.665
124.193
121.76
119.365
117.008
114.688
112.406
110.16
107.951
105.778
103.64
101.538
99.4704
97.4373
95.4383
93.473
91.541
89.6419
87.7752
85.9407
84.138
82.3666
80.6261
78.9163
77.2366
75.5868
73.9664
72.375
70.8124
69.278
67.7716
66.2927
64.841
63.4161
62.0177
60.6453
59.2987
57.9774
56.6811
55.4094
54.162
52.9386
51.7387
50.562
49.4083
48.277
47.168
46.0808
45.0152
43.9707
42.9471
41.9441
40.9612
39.9983
39.0549
38.1308
37.2256
36.3391
35.4709
34.6207
33.7882
32.9732
32.1753
31.3943
30.6298
29.8815
29.1493
28.4328
27.7317
27.0458
26.3748
25.7184
25.0764
24.4484
23.8344
23.2339
22.6468
22.0728
21.5116
20.9631
20.427
19.903
19.3909
18.8905
18.4016
17.9239
17.4573
17.0015
16.5563
16.1214
15.6968
15.2821
14.8773
14.482
14.0961
13.7194
13.3518
12.993
12.6428
12.3011
11.9677
11.6424
11.3251
11.0155
10.7136
10.4191
10.132
9.85192
9.57888
9.31268
9.05317
8.80019
8.55361
8.31329
8.07909
7.85087
7.6285
7.41184
7.20078
6.99517
6.7949
6.59985
6.40989
6.22491
6.0448
5.86944
5.69871
5.53252
5.37076
5.21331
5.06009
4.91098
4.76589
4.62472
4.48739
4.35379
4.22383
4.09744
3.97451
3.85497
3.73873
3.62571
3.51584
3.40902
3.30519
3.20427
3.10619
3.01088
2.91826
2.82827
2.74083
2.6559
2.57339
2.49325
2.41542
2.33983
2.26643
2.19516
2.12596
2.05879
1.99358
1.93028
1.86885
1.80923
1.75138
1.69524
1.64077
1.58793
1.53667
1.48694
1.43872
1.39195
1.34659
1.30261
1.25996
1.21862
1.17854
1.13969
1.10204
1.06554
1.03017
0.9959
0.962693
0.93052
0.899351
0.869158
0.839913
0.811589
0.784158
0.757594
0.731873
0.70697
0.682861
0.659522
0.636931
0.615065
0.593903
0.573425
0.553609
0.534436
0.515886
0.497942
0.480583
0.463794
0.447556
0.431852
0.416667
0.401984
0.387788
0.374064
0.360798
0.347975
0.335581
0.323603
0.312028
0.300844
0.290037
0.279597
0.269512
0.25977
0.250361
0.241273
0.232497
0.224023
0.21584
0.20794
0.200314
0.192952
0.185846
0.178988
0.172369
0.165982
0.159819
0.153873
0.148137
0.142603
0.137265
0.132117
0.127151
0.122363
0.117746
0.113294
0.109002
0.104864
0.100875
0.0970309
0.0933256
0.0897548
0.0863138
0.0829982
0.0798037
0.0767261
0.0737615
0.0709058
0.0681553
0.0655064
0.0629555
0.0604992
0.0581341
0.0558572
0.0536652
0.0515551
0.0495242
0.0475695
0.0456884
0.0438782
0.0421365
0.0404607
0.0388485
0.0372976
0.0358059
0.034371
0.0329911
0.0316642
0.0303882
0.0291613
0.0279818
0.0268478
0.0257578
0.0247102
0.0237032
0.0227355
0.0218057
0.0209122
0.0200537
0.019229
0.0184367
0.0176757
0.0169448
0.0162428
0.0155687
0.0149214
0.0142999
0.0137032
0.0131304
0.0125805
0.0120527
0.0115461
0.01106
0.0105935
0.0101459
0.00971642
0.0093044
0.00890915
0.00853003
0.0081664
0.00781765
0.00748321
0.00716252
0.00685503
0.00656023
0.00627761
0.0060067
0.00574703
0.00549815
0.00525963
0.00503107
0.00481207
0.00460223
0.0044012
0.00420862
0.00402416
0.00384747
0.00367825
0.00351621
0.00336103
0.00321245
0.0030702
0.00293402
0.00280366
0.00267888
0.00255945
0.00244516
0.00233578
0.00223113
0.00213099
0.00203519
0.00194354
0.00185588
0.00177203
0.00169183
0.00161514
0.00154181
0.00147168
0.00140464
0.00134055
0.00127928
0.00122071
0.00116474
0.00111124
0.00106012
0.00101127
0.000964595
0.000920003
0.000877403
0.00083671
0.000797842
0.00076072
0.000725268
0.000691414
0.000659088
0.000628224
0.000598759
0.000570631
0.000543782
0.000518155
0.000493697
0.000470357
0.000448085
0.000426834
0.000406559
0.000387217
0.000368766
0.000351167
0.000334381
0.000318373
0.000303107
0.000288551
0.000274672
0.00026144
0.000248826
0.000236803
0.000225342
0.000214419
0.00020401
0.000194091
0.000184639
0.000175634
0.000167055
0.000158883
0.000151099
0.000143685
0.000136623
0.000129899
0.000123496
0.000117399
0.000111595
0.000106069
0.000100809
9.58021e-005
9.10369e-005
8.65019e-005
8.21863e-005
7.808e-005
7.4173e-005
7.04559e-005
6.69199e-005
6.35564e-005
6.03571e-005
5.73145e-005
5.44209e-005
5.16694e-005
4.90531e-005
4.65656e-005
4.42009e-005
4.19529e-005
3.98161e-005
3.77852e-005
3.58551e-005
3.40209e-005
3.22779e-005
3.06219e-005
2.90486e-005
2.75539e-005
2.61341e-005
2.47855e-005
2.35047e-005
2.22883e-005
2.11331e-005
2.00363e-005
1.89949e-005
1.80063e-005
1.70677e-005
1.61768e-005
1.53312e-005
1.45287e-005
1.37671e-005
1.30444e-005
1.23586e-005
1.1708e-005
1.10908e-005
1.05053e-005
9.94988e-006
9.42312e-006
8.92354e-006
8.44979e-006
8.00056e-006
7.57462e-006
7.1708e-006
6.78797e-006
6.42507e-006
6.0811e-006
5.75509e-006
5.44613e-006
5.15335e-006
4.87593e-006
4.61309e-006
4.36407e-006
4.12816e-006
3.90471e-006
3.69305e-006
3.4926e-006
3.30277e-006
3.12301e-006
2.9528e-006
2.79165e-006
2.63909e-006
2.49467e-006
2.35797e-006
2.22858e-006
2.10613e-006
1.99025e-006
1.8806e-006
1.77685e-006
1.67869e-006
1.58583e-006
1.49799e-006
1.41491e-006
1.33632e-006
1.26201e-006
1.19173e-006
1.12528e-006
1.06245e-006
1.00304e-006
9.4689e-007
8.9381e-007
8.43638e-007
7.96221e-007
7.5141e-007
7.09065e-007
6.69053e-007
6.31251e-007
5.95537e-007
5.61799e-007
5.29932e-007
4.99833e-007
4.71406e-007
4.44561e-007
4.19212e-007
3.95278e-007
3.7268e-007
3.51347e-007
3.31209e-007
3.12201e-007
2.94261e-007
2.7733e-007
2.61352e-007
2.46276e-007
2.32051e-007
2.1863e-007
2.0597e-007
1.94027e-007
1.82763e-007
1.72139e-007
1.6212e-007
1.52672e-007
1.43763e-007
1.35364e-007
1.27445e-007
1.1998e-007
1.12944e-007
1.06312e-007
1.00061e-007
9.41708e-008
8.86202e-008
8.33902e-008
7.84626e-008
7.38205e-008
6.94475e-008
6.53285e-008
6.14489e-008
5.77952e-008
5.43545e-008
5.11146e-008
4.80641e-008
4.5192e-008
4.24883e-008
3.99432e-008
3.75476e-008
3.52928e-008
3.31709e-008
3.11741e-008
2.92953e-008
2.75274e-008
2.58643e-008
2.42997e-008
2.2828e-008
2.14437e-008
2.01418e-008
1.89174e-008
1.77661e-008
1.66836e-008
1.56657e-008
1.47088e-008
1.38093e-008
1.29638e-008
1.21691e-008
1.14222e-008
1.07203e-008
1.00608e-008
9.44104e-009
8.8588e-009
8.31182e-009
7.798e-009
7.31537e-009
6.86207e-009
6.43636e-009
6.03658e-009
5.66119e-009
5.30872e-009
4.97781e-009
4.66716e-009
4.37556e-009
4.10185e-009
3.84496e-009
3.60388e-009
3.37765e-009
3.16537e-009
2.9662e-009
2.77934e-009
2.60405e-009
2.43963e-009
2.2854e-009
2.14076e-009
2.00512e-009
1.87792e-009
1.75865e-009
1.64683e-009
1.542e-009
1.44373e-009
1.35161e-009
1.26528e-009
1.18436e-009
1.10853e-009
1.03748e-009
9.70902e-010
9.08527e-010
8.50093e-010
7.95354e-010
7.44082e-010
6.9606e-010
6.51087e-010
6.08971e-010
5.69535e-010
5.32611e-010
4.98042e-010
4.6568e-010
4.35387e-010
4.07032e-010
3.80494e-010
3.55659e-010
3.32418e-010
3.10672e-010
2.90325e-010
2.7129e-010
2.53483e-010
2.36826e-010
2.21246e-010
2.06675e-010
1.93049e-010
1.80307e-010
1.68392e-010
1.57253e-010
1.46839e-010
1.37104e-010
1.28004e-010
1.19499e-010
1.1155e-010
1.04122e-010
9.71804e-011
9.06948e-011
8.46354e-011
7.89746e-011
7.36867e-011
6.87474e-011
6.41342e-011
5.98258e-011
5.58025e-011
5.20457e-011
4.8538e-011
4.52632e-011
4.22059e-011
3.93521e-011
3.66884e-011
3.42023e-011
3.18822e-011
2.97171e-011
2.76969e-011
2.5812e-011
2.40534e-011
2.2413e-011
2.08827e-011
1.94554e-011
1.81243e-011
1.68829e-011
1.57253e-011
1.46459e-011
1.36395e-011
1.27013e-011
1.18267e-011
1.10115e-011
1.02516e-011
9.54345e-012
8.88351e-012
8.26855e-012
7.69556e-012
7.16171e-012
6.66438e-012
6.20109e-012
5.76956e-012
5.36764e-012
4.99332e-012
4.64475e-012
4.32016e-012
4.01795e-012
3.73658e-012
3.47464e-012
3.23082e-012
3.00386e-012
2.79263e-012
2.59605e-012
2.41312e-012
2.2429e-012
2.08453e-012
1.93718e-012
1.80012e-012
1.67261e-012
1.55402e-012
1.44372e-012
1.34115e-012
1.24576e-012
1.15707e-012
1.07461e-012
9.97946e-013
9.2668e-013
8.60435e-013
7.98863e-013
7.41639e-013
6.8846e-013
6.39044e-013
5.93129e-013
5.50469e-013
5.10838e-013
4.74022e-013
4.39825e-013
4.08064e-013
3.78566e-013
3.51173e-013
3.25736e-013
3.02119e-013
2.80191e-013
2.59835e-013
2.40939e-013
2.23399e-013
2.0712e-013
1.92013e-013
1.77993e-013
1.64984e-013
1.52913e-013
1.41715e-013
1.31327e-013
1.2169e-013
1.12752e-013
1.04462e-013
9.67737e-014
8.96444e-014
8.30338e-014
7.69047e-014
7.12224e-014
6.59548e-014
6.1072e-014
5.65462e-014
5.23517e-014
4.84646e-014
4.48625e-014
4.15249e-014
3.84326e-014
3.55678e-014
3.29139e-014
3.04557e-014
2.81789e-014
2.60702e-014
2.41174e-014
2.23092e-014
2.06349e-014
1.90847e-014
1.76497e-014
1.63212e-014
1.50916e-014
1.39535e-014
1.29002e-014
1.19255e-014
1.10236e-014
1.01891e-014
9.41699e-015
8.70273e-015
8.04202e-015
7.43088e-015
6.86565e-015
6.34292e-015
5.85952e-015
5.41254e-015
4.99927e-015
4.61718e-015
4.26397e-015
3.93747e-015
3.63568e-015
3.35676e-015
3.09899e-015
2.8608e-015
2.6407e-015
2.43735e-015
2.24948e-015
2.07593e-015
1.91561e-015
1.76754e-015
1.63079e-015
1.5045e-015
1.38788e-015
1.2802e-015
1.18078e-015
1.089e-015
1.00427e-015
9.26059e-016
8.53875e-016
7.87255e-016
7.25775e-016
6.69045e-016
6.167e-016
5.68406e-016
5.23853e-016
4.82755e-016
4.44845e-016
4.09881e-016
3.77635e-016
3.47898e-016
3.20478e-016
2.95196e-016
2.71887e-016
2.50399e-016
2.30591e-016
2.12334e-016
1.95506e-016
1.79998e-016
1.65707e-016
1.52539e-016
1.40406e-016
1.29228e-016
1.18931e-016
1.09446e-016
1.00709e-016
9.26622e-017
8.52518e-017
7.84279e-017
7.21445e-017
6.63593e-017
6.10333e-017
5.61303e-017
5.16171e-017
4.74631e-017
4.364e-017
4.01216e-017
3.68841e-017
3.39051e-017
3.11643e-017
2.86428e-017
2.63232e-017
2.41896e-017
2.22272e-017
2.04223e-017
1.87626e-017
1.72364e-017
1.58331e-017
1.45429e-017
1.33568e-017
1.22665e-017
1.12643e-017
1.03431e-017
9.49656e-018
8.71861e-018
8.00376e-018
7.34694e-018
6.74349e-018
6.18913e-018
5.67989e-018
5.21214e-018
4.78254e-018
4.388e-018
4.02569e-018
3.69301e-018
3.38756e-018
3.10712e-018
2.84968e-018
2.61336e-018
2.39645e-018
2.19738e-018
2.01468e-018
1.84703e-018
1.69319e-018
1.55205e-018
1.42256e-018
1.30377e-018
1.19481e-018
1.09487e-018
1.00321e-018
9.19147e-019
8.42065e-019
7.71387e-019
7.06585e-019
6.47177e-019
5.92717e-019
5.42797e-019
4.97043e-019
4.55109e-019
4.16681e-019
3.81467e-019
3.49202e-019
3.19641e-019
2.9256e-019
2.67752e-019
2.45028e-019
2.24215e-019
2.05154e-019
1.87699e-019
1.71715e-019
1.5708e-019
1.43681e-019
1.31415e-019
1.20187e-019
1.09909e-019
1.00502e-019
9.18934e-020
8.40154e-020
7.68067e-020
7.02111e-020
6.41768e-020
5.86565e-020
5.36068e-020
4.8988e-020
4.47637e-020
4.09004e-020
3.73676e-020
3.41373e-020
3.11838e-020
2.84836e-020
2.60151e-020
2.37587e-020
2.16963e-020
1.98114e-020
1.80888e-020
1.65147e-020
1.50764e-020
1.37623e-020
1.25618e-020
1.1465e-020
1.04632e-020
9.54822e-021
8.71254e-021
7.94938e-021
7.2525e-021
6.61619e-021
6.03523e-021
5.50486e-021
5.0207e-021
4.57876e-021
4.1754e-021
3.80727e-021
3.47133e-021
3.16478e-021
2.88507e-021
2.62988e-021
2.39707e-021
2.1847e-021
1.99099e-021
1.81432e-021
1.65319e-021
1.50625e-021
1.37226e-021
1.2501e-021
1.13872e-021
1.03718e-021
9.44627e-022
8.60262e-022
7.8337e-022
7.13295e-022
6.49438e-022
5.91251e-022
5.38235e-022
4.89934e-022
4.45933e-022
4.05852e-022
3.69344e-022
3.36094e-022
3.05813e-022
2.78239e-022
2.53131e-022
2.30271e-022
2.09458e-022
1.90512e-022
1.73266e-022
1.57569e-022
1.43283e-022
1.30282e-022
1.18451e-022
1.07686e-022
9.78915e-023
8.8981e-023
8.08753e-023
7.35022e-023
6.6796e-023
6.06969e-023
5.51504e-023
5.01068e-023
4.55209e-023
4.13514e-023
3.75609e-023
3.41152e-023
3.09832e-023
2.81364e-023
2.55493e-023
2.31982e-023
2.10618e-023
1.91206e-023
1.7357e-023
1.57549e-023
1.42995e-023
1.29775e-023
1.17768e-023
1.06864e-023
9.69614e-024
8.79698e-024
7.98057e-024
7.23936e-024
6.56648e-024
5.95567e-024
5.40126e-024
4.89807e-024
4.44141e-024
4.02701e-024
3.65099e-024
3.30982e-024
3.0003e-024
2.71951e-024
2.4648e-024
2.23377e-024
2.02424e-024
1.83422e-024
1.66191e-024
1.50566e-024
1.364e-024
1.23557e-024
1.11915e-024
1.01361e-024
9.17957e-025
8.31264e-025
7.52699e-025
6.81506e-025
6.16999e-025
5.58553e-025
5.05604e-025
4.57639e-025
4.14191e-025
3.74839e-025
3.39199e-025
3.06924e-025
2.77698e-025
2.51235e-025
2.27276e-025
2.05586e-025
1.85951e-025
1.68178e-025
1.52092e-025
1.37534e-025
1.2436e-025
1.12438e-025
1.01652e-025
9.1893e-026
8.30645e-026
7.50782e-026
6.78545e-026
6.1321e-026
5.54122e-026
5.00689e-026
4.52372e-026
4.08687e-026
3.6919e-026
3.33485e-026
3.01209e-026
2.72036e-026
2.45669e-026
2.2184e-026
2.00307e-026
1.80849e-026
1.63269e-026
1.47387e-026
1.33038e-026
1.20078e-026
1.08371e-026
9.77982e-027
8.82498e-027
7.96274e-027
7.18419e-027
6.48124e-027
5.84662e-027
5.27373e-027
4.75659e-027
4.28983e-027
3.86857e-027
3.48841e-027
3.14535e-027
2.83581e-027
2.55653e-027
2.30458e-027
2.07729e-027
1.87227e-027
1.68736e-027
1.52058e-027
1.37019e-027
1.23457e-027
1.11229e-027
1.00204e-027
9.02646e-028
8.13048e-028
7.32287e-028
6.59496e-028
5.93895e-028
5.34776e-028
4.81505e-028
4.33506e-028
3.90262e-028
3.51304e-028
3.1621e-028
2.84599e-028
2.56128e-028
2.30488e-028
2.07398e-028
1.86606e-028
1.67886e-028
1.51032e-028
1.35859e-028
1.22201e-028
1.09907e-028
9.88421e-029
8.88844e-029
7.99236e-029
7.18605e-029
6.46058e-029
5.80789e-029
5.22073e-029
4.69257e-029
4.2175e-029
3.79024e-029
3.40599e-029
3.06045e-029
2.74976e-029
2.47041e-029
2.21926e-029
1.9935e-029
1.79055e-029
1.60815e-029
1.44421e-029
1.29688e-029
1.16449e-029
1.04553e-029
9.38653e-030
8.42634e-030
7.56377e-030
6.78897e-030
6.09306e-030
5.46805e-030
4.90677e-030
4.40276e-030
3.95021e-030
3.5439e-030
3.17913e-030
2.85168e-030
2.55776e-030
2.29395e-030
2.05719e-030
1.84472e-030
1.65407e-030
1.483e-030
1.32953e-030
1.19184e-030
1.06832e-030
9.57536e-031
8.58169e-031
7.69054e-031
6.89139e-031
6.17479e-031
5.53228e-031
4.95623e-031
4.43982e-031
3.9769e-031
3.56197e-031
3.19008e-031
2.85679e-031
2.55812e-031
2.2905e-031
2.05071e-031
1.83589e-031
1.64344e-031
1.47104e-031
1.31663e-031
1.17833e-031
1.05448e-031
9.43572e-032
8.44263e-032
7.55346e-032
6.7574e-032
6.04477e-032
5.40687e-032
4.8359e-032
4.32489e-032
3.86758e-032
3.45835e-032
3.09218e-032
2.76456e-032
2.47146e-032
2.20926e-032
1.97472e-032
1.76494e-032
1.57733e-032
1.40954e-032
1.25951e-032
1.12536e-032
1.00541e-032
8.98185e-033
8.02329e-033
7.16646e-033
6.40064e-033
5.7162e-033
5.10455e-033
4.558e-033
4.06964e-033
3.63332e-033
3.24353e-033
2.89533e-033
2.5843e-033
2.30651e-033
2.05841e-033
1.83686e-033
1.63903e-033
1.46238e-033
1.30468e-033
1.16388e-033
1.0382e-033
9.26023e-034
8.25899e-034
7.36542e-034
6.56802e-034
5.85649e-034
5.22163e-034
4.65522e-034
4.14993e-034
3.69919e-034
3.29716e-034
2.93858e-034
2.6188e-034
2.33363e-034
2.07935e-034
1.85263e-034
1.65051e-034
1.47032e-034
1.3097e-034
1.16653e-034
1.03893e-034
9.25221e-035
8.23889e-035
7.33598e-035
6.5315e-035
5.81479e-035
5.17632e-035
4.60759e-035
4.10103e-035
3.64987e-035
3.24809e-035
2.89031e-035
2.57174e-035
2.28811e-035
2.03559e-035
1.8108e-035
1.61071e-035
1.43261e-035
1.27411e-035
1.13306e-035
1.00754e-035
8.95853e-036
7.96487e-036
7.08086e-036
6.29448e-036
5.59499e-036
4.97284e-036
4.41953e-036
3.92747e-036
3.48993e-036
3.10088e-036
2.75499e-036
2.44749e-036
2.17414e-036
1.93117e-036
1.71522e-036
1.5233e-036
1.35274e-036
1.20119e-036
1.06653e-036
9.46894e-037
8.40612e-037
7.46201e-037
6.62341e-037
5.8786e-037
5.21713e-037
4.62973e-037
4.10814e-037
3.64503e-037
3.23387e-037
2.86886e-037
2.54486e-037
2.25726e-037
2.00202e-037
1.77549e-037
1.57448e-037
1.39611e-037
1.23785e-037
1.09744e-037
9.72889e-038
8.62402e-038
7.64403e-038
6.77487e-038
6.00406e-038
5.32054e-038
4.71446e-038
4.17709e-038
3.70068e-038
3.27836e-038
2.904e-038
2.57218e-038
2.2781e-038
2.01749e-038
1.78655e-038
1.58192e-038
1.40062e-038
1.24e-038
1.09771e-038
9.71676e-039
8.60044e-039
7.61177e-039
6.73623e-039
5.96092e-039
5.27444e-039
4.66665e-039
4.12857e-039
3.65225e-039
3.23063e-039
2.85745e-039
2.52719e-039
2.23492e-039
1.97629e-039
1.74746e-039
1.545e-039
1.3659e-039
1.20746e-039
1.06731e-039
9.43359e-040
8.33736e-040
7.36794e-040
6.51072e-040
5.75279e-040
5.08269e-040
4.4903e-040
3.96663e-040
3.50377e-040
3.09467e-040
2.73312e-040
2.41362e-040
2.13131e-040
1.88187e-040
1.66149e-040
1.4668e-040
1.29483e-040
1.14293e-040
1.00877e-040
8.90285e-041
7.85657e-041
6.93271e-041
6.117e-041
5.39685e-041
4.76111e-041
4.19993e-041
3.7046e-041
3.26743e-041
2.88163e-041
2.54118e-041
2.24078e-041
1.97573e-041
1.7419e-041
1.53562e-041
1.35366e-041
1.19317e-041
1.05163e-041
9.26802e-042
8.16729e-042
7.19671e-042
6.34098e-042
5.58657e-042
4.92152e-042
4.3353e-042
3.81861e-042
3.36324e-042
2.96193e-042
2.60831e-042
2.29673e-042
2.0222e-042
1.78035e-042
1.56731e-042
1.37965e-042
1.21436e-042
1.06879e-042
9.40596e-043
8.27714e-043
7.28322e-043
6.40815e-043
5.63777e-043
4.95962e-043
4.36269e-043
3.83731e-043
3.37494e-043
2.96804e-043
2.61e-043
2.29497e-043
2.01781e-043
1.77398e-043
1.55949e-043
1.37082e-043
1.20489e-043
1.05896e-043
9.3063e-044
8.17788e-044
7.18572e-044
6.31344e-044
5.54661e-044
4.87253e-044
4.28004e-044
3.7593e-044
3.30166e-044
2.8995e-044
2.54613e-044
2.23565e-044
1.96287e-044
1.72324e-044
1.51275e-044
1.32786e-044
1.16548e-044
1.02288e-044
8.97654e-045
7.87697e-045
6.91155e-045
6.06397e-045
5.31992e-045
4.6668e-045
4.09354e-045
3.59041e-045
3.14888e-045
2.76143e-045
2.42146e-045
2.12318e-045
1.8615e-045
1.63194e-045
1.43057e-045
1.25396e-045
1.09906e-045
9.63224e-046
8.44109e-046
7.39665e-046
6.48094e-046
5.67814e-046
4.9744e-046
4.35754e-046
3.81687e-046
3.34303e-046
2.92778e-046
2.56391e-046
2.24508e-046
1.96575e-046
1.72104e-046
1.50667e-046
1.3189e-046
1.15444e-046
1.01041e-046
8.84277e-047
7.7383e-047
6.77125e-047
5.92459e-047
5.18338e-047
4.53455e-047
3.96663e-047
3.46956e-047
3.03454e-047
2.65386e-047
2.32075e-047
2.02929e-047
1.7743e-047
1.55123e-047
1.3561e-047
1.18542e-047
1.03614e-047
9.05584e-048
7.9142e-048
6.91593e-048
6.04311e-048
5.28003e-048
4.61294e-048
4.02982e-048
3.52013e-048
3.07467e-048
2.68537e-048
2.34518e-048
2.04792e-048
1.7882e-048
1.56129e-048
1.36307e-048
1.18993e-048
1.03869e-048
9.06609e-049
7.91259e-049
6.90531e-049
6.02579e-049
5.25787e-049
4.58746e-049
4.00222e-049
3.49136e-049
3.04547e-049
2.65632e-049
2.31672e-049
2.02037e-049
1.76179e-049
1.53619e-049
1.33937e-049
1.16767e-049
1.01791e-049
8.87282e-050
7.73359e-050
6.7401e-050
5.87378e-050
5.1184e-050
4.45982e-050
3.88567e-050
3.38517e-050
2.94891e-050
2.56867e-050
2.23728e-050
1.9485e-050
1.69685e-050
1.47759e-050
1.28656e-050
1.12014e-050
9.7517e-051
8.48896e-051
7.38915e-051
6.43132e-051
5.59721e-051
4.8709e-051
4.23851e-051
3.68793e-051
3.20862e-051
2.79138e-051
2.42821e-051
2.11212e-051
1.83704e-051
1.59766e-051
1.38936e-051
1.20812e-051
1.05045e-051
9.13278e-052
7.93958e-052
6.90173e-052
5.99908e-052
5.21407e-052
4.53143e-052
3.93785e-052
3.42176e-052
2.97307e-052
2.58302e-052
2.24396e-052
1.94926e-052
1.69312e-052
1.47053e-052
1.2771e-052
1.10903e-052
9.63001e-053
8.36134e-053
7.25924e-053
6.30191e-053
5.4704e-053
4.74824e-053
4.12108e-053
3.57648e-053
3.10361e-053
2.69304e-053
2.33661e-053
2.02719e-053
1.75861e-053
1.52549e-053
1.32317e-053
1.14759e-053
9.95235e-054
8.63038e-054
7.48341e-054
6.48837e-054
5.62519e-054
4.87646e-054
4.22706e-054
3.66385e-054
3.17544e-054
2.75191e-054
2.38469e-054
2.06631e-054
1.79029e-054
1.55103e-054
1.34363e-054
1.16388e-054
1.00809e-054
8.7309e-055
7.56107e-055
6.54748e-055
5.66931e-055
4.90855e-055
4.24953e-055
3.67871e-055
3.18431e-055
2.75614e-055
2.38536e-055
2.06429e-055
1.7863e-055
1.54563e-055
1.33728e-055
1.15692e-055
1.00081e-055
8.65692e-056
7.4876e-056
6.47572e-056
5.60014e-056
4.84257e-056
4.18716e-056
3.62016e-056
3.1297e-056
2.70548e-056
2.33857e-056
2.02126e-056
1.74687e-056
1.50961e-056
1.30448e-056
1.12713e-056
9.73812e-057
8.41285e-057
7.26737e-057
6.27736e-057
5.42179e-057
4.68247e-057
4.04364e-057
3.49169e-057
3.01485e-057
2.60292e-057
2.2471e-057
1.93977e-057
1.67434e-057
1.44511e-057
1.24717e-057
1.07626e-057
9.287e-058
8.01306e-058
6.91332e-058
5.96405e-058
5.14472e-058
4.43761e-058
3.82738e-058
3.3008e-058
2.84645e-058
2.45445e-058
2.11626e-058
1.82453e-058
1.5729e-058
1.35586e-058
1.16867e-058
1.00725e-058
8.68062e-059
7.48046e-059
6.44573e-059
5.55369e-059
4.78472e-059
4.1219e-059
3.55063e-059
3.05829e-059
2.63401e-059
2.26841e-059
1.95341e-059
1.68201e-059
1.44821e-059
1.24681e-059
1.07333e-059
9.23922e-060
7.95247e-060
6.84438e-060
5.89023e-060
5.0687e-060
4.3614e-060
3.75251e-060
3.22838e-060
2.77723e-060
2.38894e-060
2.05478e-060
1.76722e-060
1.51978e-060
1.30689e-060
1.12373e-060
9.66166e-061
8.30629e-061
7.14049e-061
6.13783e-061
5.27555e-061
4.53405e-061
3.89647e-061
3.34828e-061
2.87699e-061
2.47184e-061
2.12358e-061
1.82425e-061
1.56698e-061
1.34589e-061
1.15591e-061
9.92659e-062
8.52401e-062
7.31904e-062
6.28391e-062
5.39475e-062
4.63104e-062
3.97514e-062
3.41186e-062
2.92818e-062
2.51286e-062
2.15628e-062
1.85016e-062
1.58737e-062
1.3618e-062
1.16819e-062
1.00203e-062
8.59435e-063
7.37075e-063
6.32086e-063
5.42009e-063
4.64732e-063
3.98442e-063
3.41581e-063
2.92811e-063
2.50985e-063
2.15116e-063
1.84359e-063
1.57988e-063
1.35378e-063
1.15994e-063
9.93784e-064
8.51361e-064
7.29291e-064
6.24675e-064
5.35024e-064
4.58204e-064
3.92383e-064
3.3599e-064
2.8768e-064
2.46297e-064
2.1085e-064
1.8049e-064
1.5449e-064
1.32225e-064
1.1316e-064
9.68358e-065
8.28602e-065
7.08961e-065
6.06547e-065
5.18886e-065
4.4386e-065
3.79652e-065
3.24707e-065
2.77692e-065
2.37466e-065
2.03051e-065
1.7361e-065
1.48426e-065
1.26885e-065
1.08462e-065
9.27067e-066
7.92338e-066
6.77135e-066
5.78637e-066
4.94428e-066
4.22441e-066
3.60906e-066
3.08311e-066
2.6336e-066
2.24945e-066
1.92118e-066
1.64069e-066
1.40104e-066
1.1963e-066
1.0214e-066
8.72004e-067
7.444e-067
6.35419e-067
5.4235e-067
4.62877e-067
3.95018e-067
3.37081e-067
2.87619e-067
2.45396e-067
2.09354e-067
1.78593e-067
1.52339e-067
1.29934e-067
1.10816e-067
9.45033e-068
8.05856e-068
6.87123e-068
5.85837e-068
4.99442e-068
4.25755e-068
3.62911e-068
3.09319e-068
2.6362e-068
2.24655e-068
1.91435e-068
1.63114e-068
1.38972e-068
1.18393e-068
1.00855e-068
8.59071e-069
7.31692e-069
6.23152e-069
5.30671e-069
4.51879e-069
3.84756e-069
3.27578e-069
2.78875e-069
2.37395e-069
2.02068e-069
1.71985e-069
1.46369e-069
1.24559e-069
1.0599e-069
9.01822e-070
7.67261e-070
6.52726e-070
5.55246e-070
4.72287e-070
4.01691e-070
3.4162e-070
2.9051e-070
2.47027e-070
2.10037e-070
1.78571e-070
1.51807e-070
1.29045e-070
1.09686e-070
9.3225e-071
7.92278e-071
6.73269e-071
5.72092e-071
4.86081e-071
4.12969e-071
3.50827e-071
2.98012e-071
2.53128e-071
2.14987e-071
1.82579e-071
1.55044e-071
1.31651e-071
1.11779e-071
9.48996e-072
8.05624e-072
6.83859e-072
5.80452e-072
4.92643e-072
4.18084e-072
3.54782e-072
3.01041e-072
2.5542e-072
2.16696e-072
1.83828e-072
1.55933e-072
1.32261e-072
1.12174e-072
9.51297e-073
8.06691e-073
6.84013e-073
5.79945e-073
4.91672e-073
4.16802e-073
3.53306e-073
2.99459e-073
2.53799e-073
2.15084e-073
1.8226e-073
1.54434e-073
1.30845e-073
1.10851e-073
9.39049e-074
7.9543e-074
6.73724e-074
5.70595e-074
4.83214e-074
4.09182e-074
3.46466e-074
2.93339e-074
2.48339e-074
2.10226e-074
1.77948e-074
1.50614e-074
1.27469e-074
1.07872e-074
9.12811e-075
7.72356e-075
6.53462e-075
5.52826e-075
4.67652e-075
3.9557e-075
3.34572e-075
2.82958e-075
2.39288e-075
2.02341e-075
1.71086e-075
1.44647e-075
1.22285e-075
1.03371e-075
8.73762e-076
7.38504e-076
6.24135e-076
5.27436e-076
4.45684e-076
3.76574e-076
3.18155e-076
2.68778e-076
2.27047e-076
1.9178e-076
1.61978e-076
1.36796e-076
1.1552e-076
9.7546e-077
8.23618e-077
6.95358e-077
5.87025e-077
4.95531e-077
4.18265e-077
3.53018e-077
2.97927e-077
2.51413e-077
2.12144e-077
1.78995e-077
1.51014e-077
1.27397e-077
1.07465e-077
9.0644e-078
7.64502e-078
6.44739e-078
5.43695e-078
4.5845e-078
3.86541e-078
3.25885e-078
2.74726e-078
2.3158e-078
1.95194e-078
1.64513e-078
1.38643e-078
1.16832e-078
9.84449e-079
8.29448e-079
6.98798e-079
5.88681e-079
4.95877e-079
4.17671e-079
3.51771e-079
2.96245e-079
2.49465e-079
2.10055e-079
1.76857e-079
1.48894e-079
1.25343e-079
1.05508e-079
8.88056e-080
7.47411e-080
6.28991e-080
5.29293e-080
4.45362e-080
3.7471e-080
3.15242e-080
2.65191e-080
2.23069e-080
1.87623e-080
1.57797e-080
1.32702e-080
1.11589e-080
9.38278e-081
7.88875e-081
6.63208e-081
5.57517e-081
4.68632e-081
3.93887e-081
3.31038e-081
2.78195e-081
2.33769e-081
1.96422e-081
1.65029e-081
1.38642e-081
1.16465e-081
9.78281e-082
8.21668e-082
6.90074e-082
5.79509e-082
4.86622e-082
4.0859e-082
3.43045e-082
2.87991e-082
2.41754e-082
2.02925e-082
1.70318e-082
1.4294e-082
1.19953e-082
1.00655e-082
8.4455e-083
7.08568e-083
5.94434e-083
4.98645e-083
4.18259e-083
3.50804e-083
2.94205e-083
2.46718e-083
2.0688e-083
1.73461e-083
1.45429e-083
1.21918e-083
1.02199e-083
8.56633e-084
7.17973e-084
6.01709e-084
5.04233e-084
4.22515e-084
3.54013e-084
2.96593e-084
2.48468e-084
2.08134e-084
1.74335e-084
1.46013e-084
1.22282e-084
1.024e-084
8.57442e-085
7.17917e-085
6.01049e-085
5.03167e-085
4.21191e-085
3.52544e-085
2.95062e-085
2.46932e-085
2.06638e-085
1.72905e-085
1.44667e-085
1.21032e-085
1.0125e-085
8.46944e-086
7.08405e-086
5.92481e-086
4.95488e-086
4.1434e-086
3.46456e-086
2.89671e-086
2.42173e-086
2.02449e-086
1.69227e-086
1.41445e-086
1.18216e-086
9.87932e-087
8.25553e-087
6.89809e-087
5.76339e-087
4.81497e-087
4.02231e-087
3.35987e-087
2.80631e-087
2.34377e-087
1.95732e-087
1.63445e-087
1.36474e-087
1.13944e-087
9.51263e-088
7.94101e-088
6.62852e-088
5.53252e-088
4.61738e-088
3.85331e-088
3.21542e-088
2.68293e-088
2.23844e-088
1.86744e-088
1.55781e-088
1.29942e-088
1.0838e-088
9.03889e-089
7.53783e-089
6.28556e-089
5.24092e-089
4.36956e-089
3.64278e-089
3.03665e-089
2.53117e-089
2.10967e-089
1.75822e-089
1.46521e-089
1.22093e-089
1.01729e-089
8.47558e-090
7.06087e-090
5.88183e-090
4.89929e-090
4.08056e-090
3.39838e-090
2.83002e-090
2.35654e-090
1.96212e-090
1.63358e-090
1.35995e-090
1.13206e-090
9.42289e-091
7.84267e-091
6.52694e-091
5.43152e-091
4.51959e-091
3.76047e-091
3.12861e-091
2.60272e-091
2.16505e-091
1.80084e-091
1.49778e-091
1.24562e-091
1.03584e-091
8.61316e-092
7.16142e-092
5.9539e-092
4.9496e-092
4.11438e-092
3.41983e-092
2.84231e-092
2.36213e-092
1.96292e-092
1.63104e-092
1.35518e-092
1.12588e-092
9.35305e-093
7.76928e-093
6.45319e-093
5.35962e-093
4.45102e-093
3.69616e-093
3.06908e-093
2.54819e-093
2.11554e-093
1.75621e-093
1.4578e-093
1.20999e-093
1.00424e-093
8.33403e-094
6.91576e-094
5.73839e-094
4.76109e-094
3.94993e-094
3.27671e-094
2.71801e-094
2.2544e-094
1.86973e-094
1.55057e-094
1.28578e-094
1.06613e-094
8.83938e-095
7.3282e-095
6.0749e-095
5.03554e-095
4.17369e-095
3.45907e-095
2.86658e-095
2.37539e-095
1.96822e-095
1.63071e-095
1.35097e-095
1.11913e-095
9.27001e-096
7.67798e-096
6.35887e-096
5.26597e-096
4.36057e-096
3.61055e-096
2.9893e-096
2.47475e-096
2.04861e-096
1.69572e-096
1.4035e-096
1.16156e-096
9.6124e-097
7.95407e-097
6.58132e-097
5.44506e-097
4.50462e-097
3.72632e-097
3.08224e-097
2.5493e-097
2.10833e-097
1.74351e-097
1.4417e-097
1.19204e-097
9.85542e-098
8.14749e-098
6.73502e-098
5.56698e-098
4.60114e-098
3.80258e-098
3.14237e-098
2.59658e-098
2.14541e-098
1.7725e-098
1.4643e-098
1.20959e-098
9.99105e-099
8.25184e-099
6.81486e-099
5.62767e-099
4.64693e-099
3.8368e-099
3.16766e-099
2.61501e-099
2.15862e-099
1.78173e-099
1.47054e-099
1.2136e-099
1.00147e-099
8.26362e-100
6.81816e-100
5.62509e-100
4.64043e-100
3.82783e-100
3.15728e-100
2.60399e-100
2.14749e-100
1.77088e-100
1.46021e-100
1.20394e-100
9.92568e-101
8.18242e-101
6.74481e-101
5.55934e-101
4.58187e-101
3.77597e-101
3.11157e-101
2.56388e-101
2.11242e-101
1.74032e-101
1.43366e-101
1.18094e-101
9.72687e-102
8.01099e-102
6.59728e-102
5.43262e-102
4.47322e-102
3.68296e-102
3.03207e-102
2.49602e-102
2.05458e-102
1.69107e-102
1.39177e-102
1.14536e-102
9.42494e-103
7.75501e-103
6.38046e-103
5.24914e-103
4.31807e-103
3.55187e-103
2.9214e-103
2.40265e-103
1.97586e-103
1.62475e-103
1.33593e-103
1.09837e-103
9.02976e-104
7.42286e-104
6.10144e-104
5.01486e-104
4.12146e-104
3.38696e-104
2.78314e-104
2.28678e-104
1.8788e-104
1.54349e-104
1.26792e-104
1.04147e-104
8.55394e-105
7.0251e-105
5.76905e-105
4.7372e-105
3.88961e-105
3.19342e-105
2.62163e-105
2.15205e-105
1.76644e-105
1.44982e-105
1.18985e-105
9.76422e-106
8.01215e-106
6.57394e-106
5.39348e-106
4.42464e-106
3.62955e-106
2.9771e-106
2.44174e-106
2.0025e-106
1.64214e-106
1.34653e-106
1.10404e-106
9.05152e-107
7.42034e-107
6.08263e-107
4.98569e-107
4.08626e-107
3.34882e-107
2.74425e-107
2.24864e-107
1.8424e-107
1.50943e-107
1.23654e-107
1.01291e-107
8.29655e-108
6.79502e-108
5.5648e-108
4.55696e-108
3.73135e-108
3.05508e-108
2.50118e-108
2.04755e-108
1.67606e-108
1.37186e-108
1.12278e-108
9.18857e-109
7.51911e-109
6.15248e-109
5.03385e-109
4.11829e-109
3.36898e-109
2.75579e-109
2.25403e-109
1.84349e-109
1.5076e-109
1.23281e-109
1.00803e-109
8.24172e-110
6.73794e-110
5.50811e-110
4.50239e-110
3.68002e-110
3.00762e-110
2.45789e-110
2.00848e-110
1.64111e-110
1.34083e-110
1.09541e-110
8.9484e-111
7.30937e-111
5.97008e-111
4.87581e-111
3.98179e-111
3.25145e-111
2.65485e-111
2.16756e-111
1.76956e-111
1.44454e-111
1.17911e-111
9.62386e-112
7.85433e-112
6.40965e-112
5.23029e-112
4.26759e-112
3.48182e-112
2.8405e-112
2.31713e-112
1.89004e-112
1.54155e-112
1.25722e-112
1.02525e-112
8.36016e-113
6.81655e-113
5.55752e-113
4.53068e-113
3.69328e-113
3.01041e-113
2.45361e-113
1.99964e-113
1.62954e-113
1.32783e-113
1.0819e-113
8.81446e-114
7.18078e-114
5.84942e-114
4.76454e-114
3.88056e-114
3.16034e-114
2.57359e-114
2.09561e-114
1.70627e-114
1.38915e-114
1.13089e-114
9.20563e-115
7.49298e-115
6.09847e-115
4.96311e-115
4.0388e-115
3.28637e-115
2.67391e-115
2.17542e-115
1.76972e-115
1.43957e-115
1.17092e-115
9.5233e-116
7.74486e-116
6.29804e-116
5.1211e-116
4.16377e-116
3.38514e-116
2.75189e-116
2.23693e-116
1.81819e-116
1.47772e-116
1.20092e-116
9.75883e-117
7.92956e-117
6.44267e-117
5.23418e-117
4.25204e-117
3.45392e-117
2.80539e-117
2.27845e-117
1.85034e-117
1.50255e-117
1.22004e-117
9.90568e-118
8.04193e-118
6.52833e-118
5.2992e-118
4.30115e-118
3.49079e-118
2.83289e-118
2.2988e-118
1.86526e-118
1.51336e-118
1.22775e-118
9.95971e-119
8.07882e-119
6.55262e-119
5.31433e-119
4.3097e-119
3.49472e-119
2.83363e-119
2.29742e-119
1.86253e-119
1.50984e-119
1.22384e-119
9.91941e-120
8.03919e-120
6.51485e-120
5.27913e-120
4.27747e-120
3.46558e-120
2.80758e-120
2.27433e-120
1.84222e-120
1.49209e-120
1.20841e-120
9.7859e-121
7.92414e-121
6.41608e-121
5.19461e-121
4.20535e-121
3.40422e-121
2.75549e-121
2.23021e-121
1.80492e-121
1.46062e-121
1.1819e-121
9.56295e-122
7.73693e-122
6.25909e-122
5.06313e-122
4.09538e-122
3.31233e-122
2.6788e-122
2.16627e-122
1.75166e-122
1.4163e-122
1.14505e-122
9.25677e-123
7.48275e-123
6.04824e-123
4.88835e-123
3.95059e-123
3.19247e-123
2.57964e-123
2.08428e-123
1.68391e-123
1.36034e-123
1.09886e-123
8.87571e-124
7.16853e-124
5.78926e-124
4.675e-124
3.7749e-124
3.04787e-124
2.46067e-124
1.98644e-124
1.60348e-124
1.29425e-124
1.04457e-124
8.42992e-125
6.8026e-125
5.489e-125
4.4287e-125
3.57294e-125
2.88232e-125
2.325e-125
1.8753e-125
1.51246e-125
1.21973e-125
9.83577e-126
7.93084e-126
6.39435e-126
5.15513e-126
4.15574e-126
3.34983e-126
2.7e-126
2.17606e-126
1.75365e-126
1.41313e-126
1.13864e-126
9.17393e-127
7.39081e-127
5.9538e-127
4.79581e-127
3.86274e-127
3.11097e-127
2.50531e-127
2.01741e-127
1.62439e-127
1.30784e-127
1.05289e-127
8.47577e-128
6.82245e-128
5.4912e-128
4.41937e-128
3.55648e-128
2.86184e-128
2.30269e-128
1.85265e-128
1.49044e-128
1.19896e-128
9.64402e-129
7.75673e-129
6.23828e-129
5.01669e-129
4.034e-129
3.24354e-129
2.60777e-129
2.09646e-129
1.68526e-129
1.35461e-129
1.08875e-129
8.75002e-130
7.03161e-130
5.65023e-130
4.53987e-130
3.64743e-130
2.93019e-130
2.35381e-130
1.89066e-130
1.51852e-130
1.21953e-130
9.79335e-131
7.86387e-131
6.31403e-131
5.06925e-131
4.06955e-131
3.26674e-131
2.6221e-131
2.1045e-131
1.68894e-131
1.35534e-131
1.08754e-131
8.72589e-132
7.00067e-132
5.6161e-132
4.50502e-132
3.61347e-132
2.89813e-132
2.32422e-132
1.86382e-132
1.49449e-132
1.19826e-132
9.60671e-133
7.7013e-133
6.17332e-133
4.94812e-133
3.96576e-133
3.17819e-133
2.54682e-133
2.04072e-133
1.63506e-133
1.30993e-133
1.04938e-133
8.40582e-134
6.73278e-134
5.39231e-134
4.31838e-134
3.45806e-134
2.76892e-134
2.21694e-134
1.77486e-134
1.42082e-134
1.13732e-134
9.10308e-135
7.28554e-135
5.83044e-135
4.66559e-135
3.73317e-135
2.98686e-135
2.38956e-135
1.91155e-135
1.52905e-135
1.22299e-135
9.78112e-136
7.82206e-136
6.25489e-136
5.00132e-136
3.99866e-136
3.19677e-136
2.55548e-136
2.04268e-136
1.63266e-136
1.30483e-136
1.04275e-136
8.33245e-137
6.65779e-137
5.31929e-137
4.24955e-137
3.39468e-137
2.71157e-137
2.16575e-137
1.72966e-137
1.38127e-137
1.10297e-137
8.80675e-138
7.03125e-138
5.61326e-138
4.48089e-138
3.57667e-138
2.85469e-138
2.27827e-138
1.8181e-138
1.45076e-138
1.15755e-138
9.2353e-139
7.36762e-139
5.87718e-139
4.68789e-139
3.73896e-139
2.98188e-139
2.37791e-139
1.89613e-139
1.51184e-139
1.20534e-139
9.609e-140
7.65973e-140
6.10541e-140
4.86611e-140
3.87806e-140
3.09039e-140
2.46251e-140
1.96205e-140
1.56317e-140
1.24528e-140
9.91967e-141
7.90117e-141
6.29291e-141
5.01162e-141
3.9909e-141
3.17781e-141
2.53019e-141
2.01439e-141
1.60361e-141
1.2765e-141
1.01603e-141
8.08652e-142
6.43548e-142
5.12114e-142
4.07491e-142
3.24217e-142
2.5794e-142
2.05195e-142
1.63224e-142
1.29827e-142
1.03255e-142
8.21152e-143
6.52984e-143
5.19215e-143
4.12817e-143
3.28197e-143
2.60901e-143
2.07389e-143
1.64839e-143
1.31008e-143
1.04113e-143
8.27328e-144
6.57378e-144
5.22299e-144
4.14944e-144
3.29629e-144
2.61834e-144
2.07967e-144
1.65169e-144
1.31168e-144
1.04158e-144
8.27034e-145
6.5663e-145
5.21295e-145
4.13821e-145
3.28479e-145
2.60716e-145
2.06916e-145
1.64205e-145
1.30301e-145
1.03388e-145
8.20278e-146
6.50755e-146
5.16226e-146
4.09475e-146
3.24774e-146
2.57574e-146
2.04262e-146
1.61972e-146
1.28427e-146
1.01822e-146
8.07218e-147
6.39891e-147
5.0721e-147
4.02008e-147
3.18602e-147
2.5248e-147
2.00066e-147
1.5852e-147
1.25592e-147
9.94955e-148
7.88156e-148
6.24291e-148
4.94456e-148
3.91592e-148
3.10103e-148
2.45553e-148
1.94424e-148
1.53929e-148
1.21858e-148
9.64623e-149
7.63529e-149
6.0431e-149
4.78255e-149
3.78465e-149
2.99472e-149
2.36949e-149
1.87464e-149
1.48302e-149
1.17312e-149
9.27906e-150
7.3389e-150
5.80396e-150
4.58969e-150
3.62918e-150
2.86945e-150
2.26859e-150
1.79341e-150
1.41764e-150
1.12053e-150
8.85609e-151
6.99888e-151
5.53071e-151
4.37018e-151
3.45289e-151
2.72793e-151
2.15501e-151
1.70228e-151
1.34456e-151
1.06192e-151
8.38633e-152
6.62244e-152
5.22913e-152
4.12864e-152
3.25949e-152
2.57311e-152
2.03111e-152
1.60315e-152
1.26527e-152
9.98517e-153
7.87942e-153
6.21726e-153
4.90535e-153
3.86996e-153
3.05287e-153
2.40811e-153
1.89938e-153
1.498e-153
1.18135e-153
9.31558e-154
7.34527e-154
5.79125e-154
4.56564e-154
3.59913e-154
2.837e-154
2.23608e-154
1.7623e-154
1.3888e-154
1.09437e-154
8.62296e-155
6.79382e-155
5.35226e-155
4.21625e-155
3.32109e-155
2.61578e-155
2.0601e-155
1.62234e-155
1.2775e-155
1.00588e-155
7.91945e-156
6.23464e-156
4.90788e-156
3.86315e-156
3.04058e-156
2.39297e-156
1.88314e-156
1.48182e-156
1.16593e-156
9.17309e-157
7.21648e-157
5.67677e-157
4.46522e-157
3.51196e-157
2.762e-157
2.17201e-157
1.70792e-157
1.34289e-157
1.05579e-157
8.30002e-158
6.52451e-158
5.12841e-158
4.03073e-158
3.16774e-158
2.48933e-158
1.95605e-158
1.5369e-158
1.20747e-158
9.48576e-159
7.45134e-159
5.85278e-159
4.59681e-159
3.61007e-159
2.83493e-159
2.22604e-159
1.7478e-159
1.37219e-159
1.07722e-159
8.4559e-160
6.63714e-160
5.20917e-160
4.0881e-160
3.20805e-160
2.51725e-160
1.97504e-160
1.54951e-160
1.21556e-160
9.53509e-161
7.47893e-161
5.8657e-161
4.60009e-161
3.60727e-161
2.82851e-161
2.21769e-161
1.73865e-161
1.36297e-161
1.06839e-161
8.37408e-162
6.56313e-162
5.14341e-162
4.03048e-162
3.15812e-162
2.47437e-162
1.93851e-162
1.51858e-162
1.18952e-162
9.31697e-163
7.29695e-163
5.71445e-163
4.4748e-163
3.50379e-163
2.74327e-163
2.14766e-163
1.68123e-163
1.316e-163
1.03003e-163
8.06142e-164
6.30867e-164
4.93662e-164
3.86268e-164
3.02212e-164
2.3643e-164
1.84952e-164
1.4467e-164
1.13153e-164
8.84955e-165
6.92055e-165
5.41161e-165
4.23134e-165
3.30822e-165
2.58629e-165
2.02175e-165
1.58031e-165
1.23516e-165
9.65317e-166
7.54367e-166
5.8947e-166
4.60581e-166
3.59846e-166
2.81121e-166
2.19602e-166
1.71532e-166
1.33973e-166
1.04631e-166
8.1708e-167
6.38023e-167
4.98166e-167
3.88936e-167
3.03632e-167
2.37019e-167
1.85006e-167
1.44395e-167
1.1269e-167
8.79398e-168
6.862e-168
5.35404e-168
4.17714e-168
3.25868e-168
2.54197e-168
1.98274e-168
1.54642e-168
1.20602e-168
9.40472e-169
7.33339e-169
5.7178e-169
4.45779e-169
3.47517e-169
2.70893e-169
2.11148e-169
1.64566e-169
1.28251e-169
9.99415e-170
7.7875e-170
6.06758e-170
4.72715e-170
3.68255e-170
2.86856e-170
2.23432e-170
1.74018e-170
1.35521e-170
1.05532e-170
8.21733e-171
6.39796e-171
4.98102e-171
3.87759e-171
3.01835e-171
2.34933e-171
1.82846e-171
1.42296e-171
1.1073e-171
8.61594e-172
6.70358e-172
5.21528e-172
4.05708e-172
3.15584e-172
2.45461e-172
1.90905e-172
1.48463e-172
1.15447e-172
8.97665e-173
6.9793e-173
5.42595e-173
4.21798e-173
3.27869e-173
2.54836e-173
1.98056e-173
1.53915e-173
1.19603e-173
9.2932e-174
7.22032e-174
5.60936e-174
4.35748e-174
3.38473e-174
2.62893e-174
2.04173e-174
1.58557e-174
1.23123e-174
9.55996e-175
7.42233e-175
5.76222e-175
4.47307e-175
3.47207e-175
2.69486e-175
2.09146e-175
1.62304e-175
1.25943e-175
9.77206e-176
7.58164e-176
5.88175e-176
4.56264e-176
3.53908e-176
2.74493e-176
2.12882e-176
1.65087e-176
1.28012e-176
9.92557e-177
7.69531e-177
5.96572e-177
4.6245e-177
3.58454e-177
2.77823e-177
2.15312e-177
1.66853e-177
1.2929e-177
1.00176e-177
7.76119e-178
6.01254e-178
4.65751e-178
3.60758e-178
2.79411e-178
2.1639e-178
1.6757e-178
1.29754e-178
1.00464e-178
7.77803e-179
6.02134e-179
4.66103e-179
3.60775e-179
2.79227e-179
2.16095e-179
1.67223e-179
1.29394e-179
1.00115e-179
7.74552e-180
5.99194e-180
4.635e-180
3.58507e-180
2.77276e-180
2.14433e-180
1.6582e-180
1.28218e-180
9.91351e-181
7.66428e-181
5.9249e-181
4.57991e-181
3.53996e-181
2.73593e-181
2.11436e-181
1.63387e-181
1.26248e-181
9.75426e-182
7.53583e-182
5.82149e-182
4.49679e-182
3.47326e-182
2.68249e-182
2.0716e-182
1.5997e-182
1.2352e-182
9.53675e-183
7.36259e-183
5.68364e-183
4.38721e-183
3.38623e-183
2.61343e-183
2.01684e-183
1.55631e-183
1.20085e-183
9.26501e-184
7.14775e-184
5.5139e-184
4.25319e-184
3.28047e-184
2.53001e-184
1.95108e-184
1.50451e-184
1.16006e-184
8.94398e-185
6.89521e-185
5.31533e-185
4.09712e-185
3.15787e-185
2.43374e-185
1.87552e-185
1.44522e-185
1.11355e-185
8.57937e-186
6.60945e-186
5.09145e-186
3.92178e-186
3.02059e-186
2.3263e-186
1.79145e-186
1.37946e-186
1.06214e-186
8.17748e-187
6.29539e-187
4.8461e-187
3.73016e-187
2.87097e-187
2.20951e-187
1.70031e-187
1.30836e-187
1.00668e-187
7.74502e-188
5.95826e-188
4.58334e-188
3.52542e-188
2.71147e-188
2.08528e-188
1.60358e-188
1.23306e-188
9.48073e-189
7.28896e-189
5.60345e-189
4.30736e-189
3.3108e-189
2.54461e-189
1.95557e-189
1.50277e-189
1.15473e-189
8.87219e-190
6.81629e-190
5.23638e-190
4.02235e-190
3.08955e-190
2.37288e-190
1.82231e-190
1.39938e-190
1.07452e-190
8.2501e-191
6.33388e-191
4.86235e-191
3.7324e-191
2.86482e-191
2.19873e-191
1.68737e-191
1.29484e-191
9.93549e-192
7.62302e-192
5.84832e-192
4.48643e-192
3.44141e-192
2.6396e-192
2.02444e-192
1.55253e-192
1.19052e-192
9.12858e-193
6.99897e-193
5.36576e-193
4.11334e-193
3.153e-193
2.41667e-193
1.85216e-193
1.4194e-193
1.08767e-193
8.33406e-194
6.3853e-194
4.89183e-194
3.74738e-194
2.87045e-194
2.19856e-194
1.68381e-194
1.28947e-194
9.87411e-195
7.56049e-195
5.78852e-195
4.4315e-195
3.39235e-195
2.59667e-195
1.98746e-195
1.52105e-195
1.16401e-195
8.90712e-196
6.81526e-196
5.21427e-196
3.98906e-196
3.0515e-196
2.33411e-196
1.78524e-196
1.36533e-196
1.0441e-196
7.98391e-197
6.10456e-197
4.66722e-197
3.56803e-197
2.7275e-197
2.08481e-197
1.59344e-197
1.21778e-197
9.30611e-198
7.11105e-198
5.43332e-198
4.1511e-198
3.17122e-198
2.42246e-198
1.85034e-198
1.41323e-198
1.07929e-198
8.242e-199
6.29349e-199
4.80525e-199
3.66866e-199
2.80068e-199
2.1379e-199
1.63183e-199
1.24546e-199
9.50495e-200
7.25331e-200
5.53463e-200
4.22286e-200
3.22174e-200
2.45777e-200
1.87481e-200
1.43001e-200
1.09065e-200
8.31763e-201
6.34278e-201
4.83643e-201
3.68754e-201
2.81134e-201
2.14317e-201
1.63368e-201
1.24521e-201
9.49035e-202
7.23251e-202
5.5114e-202
4.19953e-202
3.19967e-202
2.43768e-202
1.857e-202
1.41454e-202
1.07742e-202
8.20574e-203
6.24911e-203
4.75865e-203
3.6234e-203
2.75876e-203
2.10028e-203
1.59885e-203
1.21704e-203
9.26329e-204
7.05006e-204
5.3652e-204
4.08268e-204
3.1065e-204
2.36354e-204
1.79812e-204
1.36786e-204
1.04047e-204
7.91382e-205
6.01876e-205
4.57714e-205
3.48054e-205
2.64646e-205
2.0121e-205
1.52968e-205
1.16283e-205
8.83891e-206
6.71811e-206
5.10577e-206
3.88008e-206
2.9484e-206
2.24026e-206
1.70207e-206
1.29306e-206
9.82268e-207
7.46114e-207
5.66692e-207
4.30382e-207
3.26834e-207
2.4818e-207
1.8844e-207
1.43068e-207
1.08613e-207
8.24485e-208
6.25823e-208
4.74992e-208
3.60485e-208
2.73561e-208
2.0758e-208
1.57501e-208
1.19495e-208
9.06524e-209
6.87662e-209
5.216e-209
3.95608e-209
3.00026e-209
2.2752e-209
1.72522e-209
1.30809e-209
9.91732e-210
7.51827e-210
5.69911e-210
4.31979e-210
3.27404e-210
2.48125e-210
1.88029e-210
1.42476e-210
1.07951e-210
8.1786e-211
6.19578e-211
4.6933e-211
3.5549e-211
2.69241e-211
2.03902e-211
1.54408e-211
1.16918e-211
8.85236e-212
6.70198e-212
5.07357e-212
3.84051e-212
2.90691e-212
2.20008e-212
1.66499e-212
1.25995e-212
9.53362e-213
7.21322e-213
5.45716e-213
4.12829e-213
3.12277e-213
2.36197e-213
1.78639e-213
1.35096e-213
1.02159e-213
7.72457e-214
5.84036e-214
4.4154e-214
3.33785e-214
2.52307e-214
1.90703e-214
1.44129e-214
1.08921e-214
8.23073e-215
6.21914e-215
4.69882e-215
3.54987e-215
2.68165e-215
2.02562e-215
1.52996e-215
1.15549e-215
8.72612e-216
6.58932e-216
4.97538e-216
3.75645e-216
2.83592e-216
2.14081e-216
1.61595e-216
1.21967e-216
9.20498e-217
6.94656e-217
5.24182e-217
3.95513e-217
2.98405e-217
2.25121e-217
1.69821e-217
1.28096e-217
9.66147e-218
7.28647e-218
5.49487e-218
4.14346e-218
3.12418e-218
2.35545e-218
1.77573e-218
1.33859e-218
1.00898e-218
7.60473e-219
5.73128e-219
4.31902e-219
3.2545e-219
2.45216e-219
1.84748e-219
1.3918e-219
1.04843e-219
7.89713e-220
5.94791e-220
4.47945e-220
3.37327e-220
2.54006e-220
1.9125e-220
1.43988e-220
1.08397e-220
8.15969e-221
6.1418e-221
4.62257e-221
3.47887e-221
2.61793e-221
1.9699e-221
1.48216e-221
1.1151e-221
8.38874e-222
6.31024e-222
4.74637e-222
3.56979e-222
2.68467e-222
2.01885e-222
1.51804e-222
1.14137e-222
8.58101e-223
6.45083e-223
4.84907e-223
3.64474e-223
2.73931e-223
2.05865e-223
1.54699e-223
1.16241e-223
8.73372e-224
6.5615e-224
4.92917e-224
3.70262e-224
2.78107e-224
2.08872e-224
1.5686e-224
1.17791e-224
8.84461e-225
6.64065e-225
4.98549e-225
3.74258e-225
2.80932e-225
2.10861e-225
1.58255e-225
1.18764e-225
8.91204e-226
6.68707e-226
5.01719e-226
3.76402e-226
2.82363e-226
2.11802e-226
1.58862e-226
1.19144e-226
8.93499e-227
6.70009e-227
5.0238e-227
3.76661e-227
2.82381e-227
2.11682e-227
1.58672e-227
1.18928e-227
8.91313e-228
6.6795e-228
5.00522e-228
3.75032e-228
2.80983e-228
2.10503e-228
1.57689e-228
1.18116e-228
8.84678e-229
6.62561e-229
4.96173e-229
3.7154e-229
2.78192e-229
2.08281e-229
1.55926e-229
1.16723e-229
8.73693e-230
6.53924e-230
4.89397e-230
3.66236e-230
2.74049e-230
2.0505e-230
1.53411e-230
1.14768e-230
8.58522e-231
6.42165e-231
4.80295e-231
3.592e-231
2.68615e-231
2.00858e-231
1.50181e-231
1.12281e-231
8.39387e-232
6.27459e-232
4.69002e-232
3.50533e-232
2.61969e-232
1.95766e-232
1.46282e-232
1.09297e-232
8.16569e-233
6.10019e-233
4.55679e-233
3.40362e-233
2.54208e-233
1.89847e-233
1.4177e-233
1.05859e-233
7.9039e-234
5.90091e-234
4.40517e-234
3.28831e-234
2.45442e-234
1.83185e-234
1.36709e-234
1.02016e-234
7.61219e-235
5.67956e-235
4.23726e-235
3.16099e-235
2.3579e-235
1.75871e-235
1.31168e-235
9.78204e-236
7.29451e-236
5.43912e-236
4.05534e-236
3.02337e-236
2.25383e-236
1.68003e-236
1.25222e-236
9.3327e-237
6.95507e-237
5.18276e-237
3.86177e-237
2.87726e-237
2.14356e-237
1.59683e-237
1.18946e-237
8.8594e-238
6.5982e-238
4.91375e-238
3.65903e-238
2.72449e-238
2.02848e-238
1.51015e-238
1.12418e-238
8.36797e-239
6.22829e-239
4.63536e-239
3.44956e-239
2.56691e-239
1.90995e-239
1.42102e-239
1.05717e-239
7.8642e-240
5.84966e-240
4.35083e-240
3.23579e-240
2.40632e-240
1.78934e-240
1.33045e-240
9.8917e-241
7.35374e-241
5.46653e-241
4.06332e-241
3.02006e-241
2.24449e-241
1.66795e-241
1.23942e-241
9.20907e-242
6.84196e-242
5.08289e-242
3.77579e-242
2.80459e-242
2.08304e-242
1.54701e-242
1.14882e-242
8.53059e-243
6.3339e-243
4.70251e-243
3.49103e-243
2.59145e-243
1.92353e-243
1.42765e-243
1.05952e-243
7.86252e-244
5.8342e-244
4.32879e-244
3.21157e-244
2.38251e-244
1.76733e-244
1.31089e-244
9.7226e-245
7.21046e-245
5.347e-245
3.96481e-245
2.93969e-245
2.17944e-245
1.61568e-245
1.19766e-245
8.87718e-246
6.57935e-246
4.87593e-246
3.61325e-246
2.67734e-246
1.9837e-246
1.46965e-246
1.08872e-246
8.06467e-247
5.97341e-247
4.42409e-247
3.27636e-247
2.42619e-247
1.79649e-247
1.33011e-247
9.84737e-248
7.28983e-248
5.3961e-248
3.99401e-248
2.956e-248
2.18758e-248
1.61879e-248
1.1978e-248
8.86221e-249
6.55641e-249
4.85017e-249
3.58767e-249
2.6536e-249
1.96256e-249
1.45137e-249
1.07324e-249
7.93566e-250
5.86725e-250
4.33763e-250
3.20653e-250
2.3702e-250
1.75187e-250
1.29474e-250
9.56818e-251
7.07037e-251
5.22422e-251
3.85981e-251
2.85153e-251
2.10646e-251
1.55595e-251
1.14923e-251
8.48751e-252
6.26788e-252
4.62836e-252
3.41743e-252
2.52312e-252
1.8627e-252
1.37503e-252
1.01496e-252
7.49118e-253
5.52864e-253
4.07992e-253
3.01059e-253
2.22135e-253
1.63889e-253
1.20906e-253
8.91886e-254
6.57868e-254
4.85215e-254
3.57845e-254
2.6389e-254
1.94588e-254
1.43474e-254
1.05779e-254
7.79812e-255
5.74839e-255
4.2371e-255
3.1229e-255
2.3015e-255
1.69602e-255
1.24974e-255
9.20811e-256
6.78405e-256
4.99773e-256
3.68148e-256
2.71168e-256
1.99719e-256
1.47085e-256
1.08313e-256
7.97556e-257
5.87228e-257
4.32333e-257
3.1827e-257
2.34282e-257
1.72444e-257
1.26918e-257
9.34036e-258
6.87338e-258
5.05759e-258
3.72119e-258
2.7377e-258
2.01399e-258
1.48147e-258
1.08967e-258
8.01428e-259
5.89384e-259
4.3341e-259
3.18687e-259
2.34313e-259
1.72264e-259
1.26636e-259
9.30868e-260
6.84201e-260
5.02858e-260
3.6955e-260
2.7156e-260
1.99538e-260
1.46606e-260
1.07707e-260
7.91224e-261
5.81196e-261
4.26885e-261
3.13521e-261
2.30243e-261
1.69073e-261
1.24144e-261
9.11475e-262
6.69159e-262
4.91224e-262
3.60575e-262
2.64654e-262
1.94234e-262
1.42541e-262
1.04597e-262
7.67478e-263
5.6309e-263
4.13101e-263
3.0304e-263
2.22284e-263
1.63036e-263
1.19571e-263
8.76866e-264
6.42993e-264
4.71461e-264
3.45661e-264
2.53409e-264
1.85763e-264
1.36164e-264
9.97999e-265
7.31417e-265
5.36001e-265
3.92764e-265
2.87783e-265
2.10845e-265
1.54464e-265
1.13151e-265
8.28807e-266
6.07037e-266
4.44573e-266
3.25565e-266
2.38395e-266
1.74551e-266
1.27795e-266
9.3556e-267
6.8485e-267
5.01285e-267
3.66893e-267
2.6851e-267
1.96494e-267
1.43781e-267
1.05201e-267
7.69671e-268
5.63062e-268
4.11882e-268
3.0127e-268
2.20345e-268
1.61146e-268
1.17842e-268
8.61679e-269
6.30025e-269
4.60613e-269
3.36728e-269
2.46144e-269
1.79914e-269
1.31495e-269
9.60982e-270
7.02246e-270
5.13131e-270
3.74916e-270
2.73909e-270
2.00098e-270
1.46166e-270
1.06762e-270
7.79741e-271
5.69445e-271
4.15833e-271
3.03635e-271
2.21692e-271
1.61851e-271
1.18153e-271
8.62466e-272
6.29513e-272
4.59444e-272
3.35295e-272
2.44674e-272
1.78531e-272
1.30258e-272
9.50307e-273
6.93246e-273
5.05682e-273
3.68836e-273
2.69002e-273
1.96174e-273
1.43053e-273
1.04307e-273
7.60503e-274
5.54437e-274
4.04175e-274
2.94613e-274
2.14734e-274
1.56501e-274
1.1405e-274
8.31082e-275
6.05559e-275
4.412e-275
3.21425e-275
2.34148e-275
1.70556e-275
1.24225e-275
9.04726e-276
6.58857e-276
4.79768e-276
3.49331e-276
2.54337e-276
1.8516e-276
1.34788e-276
9.81116e-277
7.14095e-277
5.19705e-277
3.78203e-277
2.75206e-277
2.00243e-277
1.45688e-277
1.05987e-277
7.70993e-278
5.60807e-278
4.07889e-278
2.96645e-278
2.15724e-278
1.56864e-278
1.14056e-278
8.2923e-279
6.02837e-279
4.38218e-279
3.18527e-279
2.31509e-279
1.6825e-279
1.22267e-279
8.88444e-280
6.45529e-280
4.68994e-280
3.4071e-280
2.47496e-280
1.7977e-280
1.30567e-280
9.48232e-281
6.88592e-281
5.00006e-281
3.6304e-281
2.63572e-281
1.91342e-281
1.38895e-281
1.00816e-281
7.31709e-282
5.31022e-282
3.85348e-282
2.79614e-282
2.02877e-282
1.47187e-282
1.06776e-282
7.74541e-283
5.61798e-283
4.07458e-283
2.95495e-283
2.14281e-283
1.55376e-283
1.12655e-283
8.16734e-284
5.92077e-284
4.29182e-284
3.11079e-284
2.25458e-284
1.63391e-284
1.18401e-284
8.57921e-285
6.21593e-285
4.5033e-285
3.26228e-285
2.36308e-285
1.71159e-285
1.23962e-285
8.97726e-286
6.50076e-286
4.70706e-286
3.40802e-286
2.46729e-286
1.78609e-286
1.29287e-286
9.35772e-287
6.77254e-287
4.90117e-287
3.54661e-287
2.56621e-287
1.85668e-287
1.34323e-287
9.71687e-288
7.02862e-288
5.08369e-288
3.67666e-288
2.65886e-288
1.92266e-288
1.39019e-288
1.00511e-288
7.26637e-289
5.25277e-289
3.79686e-289
2.74427e-289
1.98333e-289
1.43328e-289
1.03569e-289
7.48334e-290
5.40664e-290
3.90594e-290
2.82156e-290
2.03807e-290
1.47202e-290
1.06311e-290
7.67722e-291
5.54367e-291
4.00273e-291
2.88989e-291
2.08628e-291
1.50602e-291
1.08706e-291
7.84588e-292
5.66235e-292
4.08618e-292
2.94852e-292
2.12744e-292
1.53488e-292
1.10729e-292
7.98748e-293
5.76138e-293
4.15536e-293
2.99679e-293
2.16108e-293
1.5583e-293
1.12356e-293
8.10043e-294
5.83964e-294
4.20949e-294
3.03416e-294
2.18683e-294
1.576e-294
1.1357e-294
8.18345e-295
5.89624e-295
4.24796e-295
3.06021e-295
2.20439e-295
1.58778e-295
1.14356e-295
8.23559e-296
5.93055e-296
4.27033e-296
3.07464e-296
2.21357e-296
1.59352e-296
1.14706e-296
8.25625e-297
5.94217e-297
4.27635e-297
3.07728e-297
2.21425e-297
1.59313e-297
1.14616e-297
8.2452e-298
5.93095e-298
4.26593e-298
3.0681e-298
2.20643e-298
1.58664e-298
1.14086e-298
8.20256e-299
5.89704e-299
4.23921e-299
3.04721e-299
2.1902e-299
1.5741e-299
1.13122e-299
8.12883e-300
5.84083e-300
4.19649e-300
3.01484e-300
2.16575e-300
1.55567e-300
1.11736e-300
8.02484e-301
5.76294e-301
4.13826e-301
2.97137e-301
2.13335e-301
1.53156e-301
1.09944e-301
7.89178e-302
5.66427e-302
4.06517e-302
2.91729e-302
2.09337e-302
1.50203e-302
1.07765e-302
7.73114e-303
5.54592e-303
3.97805e-303
2.8532e-303
2.04626e-303
1.46742e-303
1.05224e-303
7.5447e-304
5.40921e-304
3.87786e-304
2.77981e-304
1.99253e-304
1.42811e-304
1.02349e-304
7.3345e-305
5.25562e-305
3.76568e-305
2.69792e-305
1.93277e-305
1.38451e-305
9.91699e-306
7.10279e-306
5.08679e-306
3.64271e-306
2.60838e-306
1.8676e-306
1.3371e-306
9.5721e-307
6.85201e-307
4.90449e-307
3.51024e-307
2.51214e-307
1.79771e-307
1.28635e-307
9.20374e-308
6.58471e-308
4.71058e-308
3.3696e-308
2.41017e-308
1.72378e-308
1.23278e-308
8.8156e-309
6.30355e-309
4.50697e-309
3.22218e-309
2.30346e-309
1.64656e-309
1.1769e-309
8.41142e-310
6.01124e-310
4.29561e-310
3.06938e-310
2.19303e-310
1.56676e-310
1.11925e-310
7.99497e-311
5.71048e-311
4.07845e-311
2.91261e-311
2.07987e-311
1.4851e-311
1.06033e-311
7.56997e-312
5.40395e-312
3.8574e-312
2.75324e-312
1.96499e-312
1.4023e-312
1.00066e-312
7.14005e-313
5.09425e-313
3.63434e-313
2.5926e-313
1.84932e-313
1.31903e-313
9.40729e-314
6.70871e-314
4.78387e-314
3.41103e-314
2.43197e-314
1.73379e-314
1.23595e-314
8.80989e-315
6.27923e-315
4.47516e-315
3.18916e-315
2.27253e-315
1.61924e-315
1.15365e-315
8.21877e-316
5.85472e-316
4.17031e-316
2.97028e-316
2.11542e-316
1.50646e-316
1.07273e-316
7.63794e-317
5.438e-317
3.87124e-317
2.75581e-317
1.96139e-317
1.39594e-317
9.93948e-318
7.06807e-318
5.02864e-318
3.57821e-318
2.54745e-318
1.8112e-318
1.28845e-318
9.20321e-319
6.55269e-319
4.63844e-319
3.31315e-319
2.356e-319
1.69341e-319
1.178e-319
8.09872e-320
5.89025e-320
4.41744e-320
2.94513e-320
2.20897e-320
1.47232e-320
7.36158e-321
7.36158e-321
7.36158e-321
7.36158e-321
0
0
0
0
0
0
0
0
0
0
0
0
0
0
0
0
0
0
0
0
0
0
0
0
0
0
0
0
0
0
0
0
0
0
0
0
0
0
0
0
0
0
0
0
0
0
0
0
0
0
0
0
0
0
0
0
0
0
0
0
0
0
0
0
0
0
0
0
0
0
0
0
0
0
0
0
0
0
0
0
0
0
0
0
0
0
0
0
0
0
0
0
0
0
0
0
0
0
0
0
0
0
0
0
0
0
0
0
0
0
0
0
0
0
0
0
0
0
0
0
0
0
0
0
0
0
0
0
0
0
0
0
0
0
0
0
0
0
0
0
0
0
0
0
0
0
0
0
0
0
0
0
0
0
0
0
0
