       0
       0
       0
       0
       0
       0
       0
       0
       0
       0
       0
       0
       0
       0
       0
       0
       0
       0
       0
       0
       0
       0
       0
       0
       0
       0
       0
       0
       0
       0
       0
       0
       0
       0
       0
       0
       0
       0
       0
       0
       0
       0
       0
       0
       0
       0
       0
       0
       0
       0
       0
       0
       0
       0
       0
       0
       0
       0
       0
       0
       0
       0
       0
       0
       0
       0
       0
       0
       0
       0
       0
       0
       0
       0
       0
       0
       0
       0
       0
       0
       0
       0
       0
       0
       0
       0
       0
       0
       0
       0
       0
       0
       0
       3
     175
    1209
    1508
    1466
    1456
    1410
    1422
    1441
    1474
    1455
    1382
    1421
    1418
    1342
    1425
    1394
    1418
    1335
    1344
    1320
    1315
    1391
    1328
    1285
    1290
    1273
    1259
    1275
    1331
    1247
    1258
    1298
    1277
    1277
    1244
    1227
    1283
    1252
    1241
    1148
    1204
    1238
    1220
    1248
    1160
    1245
    1188
    1125
    1127
    1206
    1151
    1234
    1139
    1143
    1175
    1142
    1070
    1173
    1102
    1145
    1153
    1137
    1094
    1065
    1119
    1120
    1112
    1065
    1061
    1053
    1092
    1058
    1093
    1076
    1048
    1082
    1081
    1042
    1057
     978
     994
    1061
    1037
    1008
    1056
     974
    1006
     997
    1001
     957
    1034
    1029
    1046
     940
    1021
     992
    1001
     971
    1012
    1011
    1003
     987
     975
     940
     964
     911
    1016
     943
     978
     998
    1029
     946
     952
     909
     937
     915
     925
     938
     932
     949
     892
     885
     917
     890
     909
     887
     937
     932
     833
     965
     876
     900
     855
     909
     927
     898
     920
     939
     864
     893
     888
     922
     853
     926
     877
     938
     867
     870
     849
     911
     865
     854
     912
     844
     865
     868
     893
     876
     836
     866
     861
     882
     849
     858
     831
     844
     851
     856
     829
     842
     784
     827
     798
     838
     897
     866
     854
     821
     818
     870
     859
     819
     822
     828
     772
     777
     796
     822
     796
     838
     851
     791
     790
     791
     778
     802
     822
     772
     795
     831
     772
     810
     799
     809
     805
     794
     792
     839
     739
     818
     749
     770
     793
     776
     754
     774
     784
     799
     745
     782
     797
     832
     850
     784
     766
     803
     772
     721
     794
     829
     805
     788
     824
     794
     777
     767
     798
     791
     748
     784
     804
     799
     764
     731
     703
     768
     767
     815
     819
     741
     746
     774
     755
     790
     757
     835
     750
     717
     812
     806
     782
     784
     774
     813
     756
     755
     766
     787
     738
     750
     786
     792
     757
     790
     903
     914
    1025
    1068
    1014
     994
     874
     817
     791
     821
     869
     820
     816
     735
     748
     809
     752
     793
     839
     802
     830
     832
     827
     828
     795
     796
     831
     865
     860
     860
     861
     786
     873
     823
     842
     798
     821
     841
     812
     839
     800
     837
     876
     796
     849
     795
     847
     846
     826
     868
     839
     887
     832
     902
     879
     914
     995
     970
    1087
    1114
    1047
    1006
     979
     963
     881
     934
    1117
    1234
    1539
    1877
    2197
    2297
    2274
    1871
    1468
    1286
    1041
    1019
    1035
    1132
    1347
    1753
    2415
    2822
    3148
    3130
    2735
    1969
    1546
    1144
    1025
     934
     868
     940
     956
    1053
    1049
    1098
    1118
    1041
    1013
     937
     928
     929
     894
     993
    1081
    1120
    1106
    1101
    1103
     995
     942
     888
     868
     860
     891
     949
     919
     920
    1104
    1191
    1212
    1328
    1421
    1346
    1385
    1316
    1205
    1149
    1128
    1133
    1116
    1029
     995
     993
     981
    1014
    1095
    1195
    1371
    1614
    1813
    2004
    2072
    1957
    1821
    1528
    1292
    1137
    1086
    1057
     996
     986
     944
    1058
    1185
    1212
    1326
    1354
    1472
    1285
    1175
    1190
    1120
    1034
    1006
     971
     972
     962
    1156
    1396
    1782
    2092
    2401
    2593
    2655
    2421
    2043
    1795
    1525
    1336
    1343
    1418
    1915
    2454
    3117
    3574
    3721
    3353
    2648
    2038
    1534
    1161
    1083
    1021
     986
     929
     957
     906
     938
    1005
    1035
    1092
    1241
    1609
    2319
    3272
    4295
    5324
    5693
    5216
    4273
    3122
    2023
    1477
    1136
     962
     911
     928
     823
     929
     926
     846
     855
     853
     834
     845
     904
     816
     836
     910
     829
     880
     840
     878
     833
     854
     850
     867
     828
     789
     853
     811
     805
     848
     881
     865
     866
     932
     872
     906
     840
     929
     900
     841
     851
     849
     875
     862
     869
     837
     866
     828
     898
     834
     875
     885
     879
     866
     898
     868
     896
     932
     919
     908
    1021
    1172
    1347
    1520
    1595
    1869
    1962
    2152
    2354
    2422
    2431
    2274
    1868
    1495
    1262
    1166
    1039
    1078
    1036
    1066
    1000
     981
     908
     871
     990
    1075
    1235
    1361
    1430
    1502
    1376
    1246
    1243
    1076
    1074
     889
     893
     917
     781
     769
     747
     719
     703
     692
     699
     731
     751
     724
     738
     707
     740
     674
     733
     724
     704
     698
     674
     733
     735
     715
     720
     715
     676
     742
     754
     729
     713
     684
     704
     732
     719
     710
     704
     677
     716
     730
     757
     716
     705
     712
     723
     688
     768
     680
     692
     768
     684
     736
     680
     719
     751
     741
     723
     676
     723
     715
     707
     731
     713
     697
     695
     727
     676
     713
     734
     687
     700
     701
     709
     687
     743
     703
     711
     723
     725
     678
     734
     753
     697
     688
     714
     696
     696
     663
     708
     707
     728
     726
     734
     708
     716
     706
     728
     687
     676
     683
     731
     724
     689
     713
     709
     682
     733
     699
     704
     702
     685
     717
     704
     718
     724
     710
     691
     759
     713
     742
     707
     712
     712
     669
     686
     748
     658
     720
     735
     723
     725
     782
     663
     724
     695
     661
     724
     666
     794
     688
     692
     721
     745
     719
     709
     682
     709
     714
     755
     701
     751
     748
     706
     724
     732
     739
     759
     726
     744
     812
     730
     763
     767
     858
    1039
    1045
    1062
     992
     945
     899
     807
     781
     756
     738
     698
     744
     666
     738
     703
     766
     714
     773
     729
     709
     715
     704
     709
     731
     745
     704
     707
     712
     765
     761
     773
     722
     726
     788
     773
     748
     761
     727
     779
     732
     720
     739
     745
     763
     759
     768
     702
     776
     700
     724
     725
     728
     747
     775
     776
     772
     761
     826
     787
     784
     710
     870
     867
     858
     839
     829
     749
     769
     750
     764
     721
     718
     769
     748
     745
     726
     709
     743
     696
     695
     720
     704
     709
     737
     703
     755
     769
     742
     729
     725
     685
     713
     747
     694
     724
     689
     706
     701
     704
     714
     659
     708
     699
     727
     704
     684
     704
     668
     763
     716
     714
     705
     740
     724
     709
     823
     783
     839
     844
     763
     717
     692
     692
     683
     683
     755
     711
     688
     684
     672
     654
     686
     697
     686
     679
     688
     710
     685
     672
     646
     676
     732
     684
     698
     695
     677
     666
     689
     690
     689
     642
     661
     638
     681
     643
     656
     688
     659
     646
     653
     626
     693
     652
     690
     652
     667
     692
     701
     698
     651
     688
     690
     687
     670
     644
     658
     644
     652
     686
     695
     654
     601
     621
     667
     626
     686
     682
     665
     660
     639
     673
     698
     683
     669
     651
     628
     673
     643
     683
     650
     658
     659
     627
     668
     712
     634
     643
     615
     699
     641
     679
     670
     657
     688
     666
     670
     668
     719
     641
     641
     614
     643
     704
     639
     665
     686
     654
     658
     628
     660
     700
     684
     692
     670
     641
     684
     666
     650
     675
     680
     686
     663
     705
     906
    1068
    1461
    1934
    2716
    3230
    3699
    3825
    3634
    3212
    2640
    1784
    1350
     957
     837
     686
     689
     646
     638
     648
     644
     653
     646
     639
     642
     667
     653
     626
     633
     632
     678
     673
     648
     624
     624
     624
     631
     608
     648
     615
     647
     646
     636
     652
     649
     584
     645
     571
     626
     605
     653
     619
     627
     631
     675
     635
     636
     637
     677
     681
     599
     619
     678
     664
     634
     666
     648
     647
     621
     667
     669
     590
     616
     581
     662
     621
     619
     655
     630
     630
     581
     592
     647
     596
     654
     610
     593
     609
     666
     626
     644
     596
     599
     594
     624
     646
     601
     625
     607
     650
     621
     613
     630
     625
     617
     601
     645
     625
     631
     564
     601
     558
     619
     609
     638
     594
     602
     616
     635
     678
     716
     667
     682
     656
     621
     563
     577
     536
     542
     532
     550
     539
     598
     548
     519
     510
     530
     555
     519
     527
     517
     543
     587
     587
     494
     520
     532
     528
     516
     532
     551
     509
     521
     556
     528
     507
     509
     533
     534
     513
     503
     519
     533
     519
     507
     475
     513
     538
     524
     514
     518
     513
     529
     514
     476
     556
     507
     485
     536
     529
     520
     509
     505
     531
     484
     460
     501
     536
     485
     536
     460
     512
     445
     488
     448
     516
     500
     486
     514
     521
     489
     457
     485
     463
     437
     468
     465
     487
     477
     503
     490
     441
     471
     485
     480
     505
     517
     515
     436
     491
     456
     494
     456
     519
     486
     442
     495
     426
     498
     475
     450
     442
     430
     473
     482
     419
     484
     455
     468
     487
     429
     453
     483
     483
     491
     481
     444
     500
     455
     487
     485
     462
     482
     440
     481
     473
     469
     465
     466
     465
     480
     460
     458
     487
     464
     485
     461
     452
     433
     457
     467
     454
     473
     448
     444
     477
     428
     490
     432
     453
     426
     457
     481
     472
     424
     433
     436
     443
     430
     463
     431
     473
     431
     487
     460
     491
     458
     542
     590
     672
     764
     781
     743
     720
     640
     532
     496
     467
     454
     430
     472
     437
     432
     444
     522
     521
     551
     547
     552
     526
     534
     469
     459
     500
     453
     431
     464
     455
     474
     513
     592
     836
    1296
    2132
    2899
    4002
    4710
    4781
    4175
    3259
    2320
    1554
     922
     635
     501
     465
     466
     423
     408
     395
     410
     425
     443
     421
     412
     413
     390
     413
     435
     418
     392
     389
     417
     417
     389
     397
     386
     378
     436
     398
     364
     389
     394
     446
     415
     397
     378
     395
     400
     393
     380
     409
     408
     390
     392
     398
     437
     402
     382
     380
     417
     393
     379
     419
     404
     358
     369
     378
     407
     390
     388
     386
     366
     370
     375
     424
     417
     409
     399
     379
     382
     426
     396
     438
     398
     405
     457
     433
     459
     479
     551
     544
     571
     486
     441
     434
     387
     375
     369
     420
     429
     437
     485
     508
     625
     628
     666
     682
     593
     497
     470
     404
     377
     384
     400
     362
     346
     358
     393
     365
     363
     422
     338
     361
     355
     376
     388
     406
     371
     352
     380
     363
     396
     376
     388
     354
     369
     380
     336
     359
     348
     387
     337
     392
     359
     343
     418
     331
     350
     373
     372
     341
     371
     351
     363
     324
     352
     376
     358
     353
     362
     348
     403
     401
     470
     575
     664
     640
     687
     715
     654
     621
     509
     446
     474
     448
     535
     586
     595
     631
     609
     547
     480
     450
     388
     378
     351
     355
     330
     366
     362
     388
     405
     397
     397
     425
     442
     497
     496
     539
     495
     517
     505
     446
     378
     377
     392
     348
     372
     348
     349
     360
     363
     354
     383
     369
     343
     387
     343
     325
     355
     352
     353
     334
     354
     330
     364
     335
     347
     339
     328
     358
     352
     371
     349
     355
     369
     359
     392
     381
     377
     352
     325
     360
     337
     343
     349
     347
     372
     340
     345
     355
     386
     414
     364
     349
     357
     375
     360
     326
     357
     325
     362
     355
     415
     346
     373
     354
     347
     390
     359
     360
     372
     337
     364
     342
     339
     350
     365
     374
     300
     330
     363
     342
     339
     316
     368
     376
     296
     349
     327
     346
     350
     380
     327
     323
     347
     329
     364
     308
     347
     326
     348
     335
     356
     350
     333
     371
     370
     351
     359
     409
     489
     694
    1170
    2059
    3513
    5342
    7302
    9257
    9811
    9408
    7835
    5599
    3650
    2230
    1288
     754
     475
     419
     363
     353
     363
     368
     337
     334
     373
     335
     324
     309
     334
     354
     335
     340
     343
     389
     432
     405
     423
     441
     395
     397
     389
     296
     314
     302
     287
     272
     269
     320
     325
     342
     344
     388
     366
     345
     342
     329
     318
     322
     311
     343
     323
     305
     348
     326
     324
     336
     310
     324
     318
     316
     325
     308
     299
     296
     290
     315
     292
     322
     307
     303
     282
     303
     315
     300
     307
     275
     313
     337
     309
     293
     297
     292
     285
     290
     293
     280
     276
     262
     288
     322
     292
     293
     304
     259
     320
     305
     280
     316
     300
     313
     305
     297
     293
     280
     302
     310
     320
     337
     343
     318
     323
     313
     344
     302
     301
     313
     279
     340
     317
     298
     257
     257
     273
     292
     285
     279
     310
     273
     270
     326
     306
     312
     262
     285
     293
     282
     288
     269
     297
     290
     281
     314
     299
     303
     280
     290
     321
     294
     263
     294
     302
     257
     286
     275
     308
     262
     292
     292
     286
     266
     299
     299
     306
     308
     327
     347
     329
     394
     343
     369
     312
     289
     304
     264
     264
     271
     266
     280
     292
     282
     273
     298
     286
     257
     258
     294
     282
     294
     305
     294
     274
     278
     292
     278
     287
     316
     341
     303
     307
     337
     329
     358
     364
     363
     377
     368
     312
     295
     299
     278
     281
     289
     297
     287
     287
     309
     300
     266
     311
     284
     281
     316
     322
     310
     315
     304
     296
     357
     319
     289
     282
     321
     280
     283
     292
     305
     282
     285
     288
     285
     277
     294
     276
     263
     307
     272
     274
     288
     328
     327
     313
     344
     360
     358
     349
     324
     321
     275
     309
     304
     298
     297
     283
     280
     285
     268
     301
     287
     266
     283
     295
     287
     284
     310
     281
     299
     294
     310
     309
     246
     283
     298
     283
     287
     278
     251
     293
     316
     286
     303
     312
     287
     280
     299
     263
     259
     308
     250
     279
     257
     255
     282
     299
     275
     304
     282
     252
     292
     291
     304
     293
     305
     301
     320
     282
     358
     338
     316
     321
     359
     314
     359
     454
     570
     875
    1376
    2371
    4124
    6612
    9576
   12714
   15202
   15903
   15161
   12440
    9340
    6093
    3563
    1959
    1055
     627
     427
     334
     284
     319
     286
     262
     272
     293
     279
     272
     264
     263
     269
     288
     291
     270
     261
     248
     260
     236
     212
     245
     269
     230
     222
     244
     243
     237
     223
     232
     235
     227
     250
     239
     262
     242
     238
     239
     226
     275
     231
     234
     234
     230
     232
     209
     238
     205
     196
     220
     259
     255
     231
     214
     251
     252
     196
     254
     236
     230
     230
     229
     249
     225
     239
     219
     243
     234
     240
     249
     234
     222
     213
     222
     246
     257
     225
     224
     256
     229
     234
     234
     225
     258
     242
     225
     237
     207
     222
     218
     242
     253
     197
     234
     224
     237
     245
     225
     241
     233
     255
     227
     240
     230
     231
     251
     257
     251
     237
     230
     262
     209
     225
     214
     253
     239
     255
     233
     235
     228
     232
     228
     223
     219
     235
     224
     243
     235
     208
     230
     231
     256
     230
     245
     234
     230
     234
     236
     242
     233
     230
     207
     244
     250
     240
     231
     236
     202
     241
     227
     237
     228
     253
     228
     270
     207
     229
     233
     236
     238
     216
     230
     219
     243
     227
     231
     232
     254
     243
     229
     232
     245
     220
     224
     229
     236
     229
     226
     184
     230
     284
     225
     222
     238
     252
     240
     232
     257
     251
     250
     272
     276
     273
     288
     316
     347
     322
     329
     288
     277
     325
     245
     219
     274
     285
     306
     330
     350
     383
     400
     349
     298
     306
     280
     257
     259
     249
     245
     240
     237
     222
     224
     252
     255
     249
     252
     221
     227
     230
     222
     249
     245
     241
     231
     248
     233
     245
     227
     248
     235
     236
     236
     247
     248
     238
     240
     239
     252
     268
     228
     244
     253
     225
     261
     252
     255
     248
     259
     231
     251
     237
     255
     249
     263
     272
     255
     238
     258
     244
     248
     236
     237
     214
     244
     244
     265
     247
     233
     243
     294
     292
     277
     323
     330
     326
     363
     352
     332
     296
     258
     287
     242
     279
     236
     253
     254
     256
     285
     271
     275
     295
     280
     281
     299
     317
     303
     341
     306
     269
     304
     292
     295
     277
     250
     265
     272
     241
     243
     233
     252
     230
     241
     240
     261
     244
     259
     243
     253
     259
     245
     236
     247
     250
     258
     235
     258
     258
     254
     247
     282
     235
     250
     239
     236
     247
     272
     256
     231
     254
     259
     255
     269
     281
     240
     214
     260
     235
     252
     241
     245
     253
     234
     266
     283
     267
     242
     272
     242
     247
     239
     230
     256
     239
     236
     231
     270
     255
     254
     240
     239
     249
     243
     249
     274
     235
     231
     282
     263
     245
     253
     227
     267
     284
     266
     255
     239
     233
     269
     283
     255
     239
     236
     223
     269
     244
     240
     268
     242
     243
     241
     256
     246
     251
     252
     242
     233
     276
     258
     230
     245
     249
     246
     228
     241
     253
     248
     247
     269
     249
     258
     270
     263
     265
     293
     245
     261
     254
     261
     263
     273
     211
     216
     239
     230
     241
     244
     234
     214
     218
     228
     209
     208
     207
     207
     191
     247
     217
     229
     215
     193
     211
     193
     194
     214
     214
     199
     196
     201
     172
     173
     220
     197
     171
     203
     198
     201
     188
     203
     202
     201
     173
     191
     194
     174
     201
     205
     198
     191
     187
     197
     179
     176
     168
     176
     209
     193
     212
     184
     181
     171
     176
     197
     190
     207
     187
     173
     177
     175
     175
     177
     179
     188
     204
     176
     169
     172
     183
     152
     204
     189
     192
     166
     179
     185
     162
     182
     191
     184
     177
     173
     173
     183
     202
     199
     185
     187
     167
     168
     170
     200
     184
     178
     199
     190
     162
     200
     153
     166
     156
     179
     151
     155
     169
     179
     153
     179
     176
     145
     157
     161
     171
     152
     152
     168
     165
     173
     173
     163
     177
     176
     161
     173
     170
     158
     169
     170
     157
     145
     160
     186
     142
     162
     189
     151
     161
     152
     162
     147
     163
     181
     144
     196
     171
     191
     204
     229
     230
     255
     218
     226
     180
     187
     157
     177
     187
     182
     167
     169
     169
     153
     190
     170
     166
     157
     162
     165
     173
     160
     162
     153
     159
     175
     190
     146
     179
     163
     155
     175
     174
     155
     163
     161
     153
     188
     179
     199
     207
     202
     230
     200
     225
     200
     190
     196
     175
     177
     171
     145
     157
     144
     153
     132
     175
     143
     163
     163
     155
     172
     165
     147
     154
     150
     164
     154
     139
     154
     147
     158
     128
     146
     151
     153
     173
     142
     157
     157
     156
     148
     144
     146
     169
     174
     162
     158
     194
     177
     195
     180
     173
     163
     160
     142
     162
     158
     169
     158
     152
     127
     150
     145
     152
     166
     151
     159
     151
     136
     145
     151
     171
     150
     160
     161
     176
     185
     164
     164
     149
     166
     160
     142
     138
     126
     144
     150
     155
     146
     136
     158
     121
     162
     162
     139
     142
     134
     140
     162
     156
     152
     127
     142
     138
     133
     148
     163
     170
     205
     221
     257
     260
     253
     194
     187
     169
     169
     157
     163
     141
     149
     139
     132
     155
     129
     158
     140
     127
     130
     133
     157
     145
     142
     140
     160
     136
     132
     149
     149
     157
     154
     126
     161
     149
     167
     180
     198
     209
     220
     255
     230
     225
     222
     207
     185
     167
     171
     136
     148
     138
     136
     151
     153
     136
     126
     141
     133
     133
     131
     128
     124
     126
     126
     135
     140
     140
     120
     161
     122
     135
     122
     104
     133
     127
     138
     148
     152
     122
     126
     130
     116
     109
     131
     131
     141
     127
     126
     127
     126
     120
     123
     129
     127
     117
     118
     113
     121
     128
     111
     124
     132
     114
     120
     121
     130
     125
     124
     117
     121
     149
     119
     122
     132
     136
     138
     108
     120
     137
     124
     138
     134
     123
     135
     128
     130
     129
     133
     125
     119
     134
     123
     112
     122
     112
     114
     123
     114
     143
     121
     109
     121
     108
     113
     118
     140
     126
     110
     119
     142
     123
     135
     125
     100
     116
      98
     124
     107
     129
     110
     130
     103
     130
     119
     120
     113
     156
     127
     126
     134
     157
     166
     178
     180
     149
     195
     172
     206
     164
     190
     166
     162
     190
     159
     172
     174
     147
     172
     150
     138
     161
     149
     133
     139
     131
     149
     113
     126
     129
     124
     121
     110
     101
     120
     142
     137
     127
     128
     120
     110
     121
     108
     124
     125
     110
     114
     122
     113
     128
     105
     113
     140
     113
     116
     140
     124
     112
     106
     106
     124
     129
     123
     116
     120
     102
     127
     108
     128
     129
     102
     124
     112
     115
     115
     114
     116
     127
     111
     118
     120
     111
     128
     106
     105
     112
     121
     107
      99
     133
     108
     110
     127
     121
     115
     114
     110
     121
     134
     131
     119
     104
     105
     113
     106
     121
     112
     110
     102
     114
     124
     122
     110
     118
     101
     126
     123
     102
     118
     115
     116
     109
     119
     116
     113
     139
     101
     102
     127
      93
     131
     120
     127
     116
     103
     137
     124
     152
     104
     124
     128
     113
     130
     121
     151
     194
     195
     158
     159
     150
     147
     112
     118
     126
     110
     114
     106
     123
     129
     126
      99
     134
     122
     134
     120
     125
     124
     117
     124
     124
     118
     119
     116
     117
     114
     121
     110
     121
     108
     108
     107
     135
     116
     111
     101
     117
     102
      95
     105
     130
     103
     101
     134
     117
     123
     119
     114
      98
     158
     128
     118
     147
     137
     140
     125
     145
     142
     137
     150
     126
     133
     116
     107
     127
     106
     106
     107
     104
     124
     113
     132
     106
     116
     131
     144
     121
     123
     110
     119
     126
     128
     114
     110
     115
     118
     104
      95
     132
     122
     105
     122
     113
     127
     125
     111
     129
     120
     105
      97
     115
     116
      96
     126
     127
     131
     102
      93
     118
     120
     110
      99
      98
     114
     119
     109
     120
     106
      93
     116
     108
     102
     109
     122
     128
     115
     110
     102
     107
     107
     122
     101
     112
     115
     115
     112
     120
     112
     133
     104
     105
     115
      95
     115
      91
     103
     128
     120
     106
     113
      96
     124
      98
      90
     103
     114
     102
     116
     110
     120
     123
     116
     110
     104
     117
     117
     104
     105
     117
     100
      98
     114
     115
     106
     120
     116
     102
     125
     109
     111
     116
     109
     118
     103
     112
     116
     112
     107
     107
     111
     111
     110
     117
     113
     106
     119
     108
     111
     114
     109
     106
      96
     112
     126
     114
     135
     131
     105
     121
     110
      97
      88
     116
      83
     120
     118
     104
     112
     113
     107
     114
     105
     126
     114
     113
     137
     118
     128
     120
     115
     129
     123
     127
     120
     103
     105
     119
      99
     119
     107
     101
     110
     113
     109
     110
     104
     129
     107
     114
     109
     120
     106
     112
     102
     113
     112
     108
     117
     120
      92
     113
     106
      99
     129
     119
     112
     152
     165
     165
     142
     199
     195
     166
     179
     135
     147
     167
     112
     118
     120
     106
     100
     102
     137
     101
     116
     129
     149
     138
     149
     135
     137
     134
     115
     109
     101
      95
     107
     124
     116
      95
     119
     116
     110
      81
     107
     111
     120
     102
     106
     102
     106
      83
      90
     105
     105
     109
     121
     124
     107
     102
     111
     117
      93
      93
     114
     104
     108
      94
     106
     110
      85
      96
      92
     106
      97
     104
      95
      88
     114
     104
     101
     113
     116
      98
     116
     113
      91
      99
      94
      88
      98
      94
      84
     106
      94
     122
     110
     100
      89
      96
     100
     110
      76
     116
     100
     100
     111
      97
      93
      91
     107
     104
      98
     100
      80
     123
      91
      96
      95
     100
      94
      90
     111
      99
      87
      99
      90
     112
      93
     104
     110
      96
      94
     103
      98
      97
      99
     107
      97
      92
     102
     118
      85
     100
     107
      86
      86
      81
     100
     103
     112
     100
     127
     130
     111
      86
     127
     112
     132
     103
     104
     107
     104
     105
     117
     121
     137
     138
     144
     151
     201
     277
     451
     754
    1193
    1901
    2826
    4212
    5768
    7104
    8504
    8963
    8811
    7926
    6568
    5112
    3545
    2353
    1462
     830
     490
     304
     219
     152
     154
     118
     149
     128
     127
     131
     122
     115
     124
     137
     130
     114
     105
      95
     115
     105
      89
      99
     109
      93
      93
      90
     103
     105
      96
      93
     105
      99
     111
      86
      95
     121
      94
      89
      83
     100
      85
      88
      82
      95
      81
      70
      94
      85
      88
      88
      73
      93
      86
      92
     104
      74
      96
      92
      69
      66
      86
      75
      75
      86
      87
      97
      87
      93
      86
      85
      88
      84
      85
      75
      85
      90
      80
      87
      94
      86
      93
      84
      90
      80
      83
      84
      75
      77
      77
      87
      82
      84
     106
      95
      72
      91
      90
      76
      75
      71
      79
      79
      86
      80
      72
      81
      71
     102
      80
      90
      66
      73
      93
      84
      79
      79
      88
      74
      83
     102
      99
      78
      84
      84
      91
      88
      95
      77
      97
      93
      93
      83
     104
     111
      80
      88
     100
      96
      92
      90
      81
     101
      87
      93
      78
      61
     104
      94
      91
      83
      74
      77
      87
      97
      94
      81
      83
      91
      82
      84
      72
      78
      84
      88
      99
      92
      71
      82
      87
      82
      86
      82
      89
      80
      84
      66
      78
     108
      86
      73
      85
      90
      68
      79
      78
      84
      88
      87
      84
      82
      92
      76
      84
      77
      73
      83
      80
      92
      90
      95
      71
      65
      69
      83
      76
      88
      82
      73
      71
      88
      82
      81
      84
      82
      70
      88
      74
      74
      66
      91
      74
      89
      82
      93
      86
      93
      87
      81
      88
      96
      69
      80
      89
      77
      66
      66
      92
      71
      56
      76
      83
      75
      84
      79
      81
      94
      88
      68
      79
      83
      70
      68
      78
      66
     106
      99
      85
      83
      78
      85
      69
      78
      86
      62
      81
      84
      79
      68
      89
      96
      65
      81
      80
      89
      77
      89
      82
      76
      80
      89
      82
      75
      76
      82
      84
      78
      67
      76
      76
      69
      81
      93
      96
      81
      89
      84
      77
      85
      92
      99
      88
      84
      87
      75
      90
      70
      85
      89
      79
      78
      74
      83
      81
      96
      97
     124
     133
     188
     215
     249
     282
     303
     317
     286
     298
     238
     182
     165
     139
     115
      73
      84
      87
      88
      83
      75
      85
      82
      93
      79
      84
      85
      81
      68
      72
      80
      78
      75
      74
      76
      68
      74
      91
      81
      63
      69
      72
      63
      88
      69
      74
      73
      60
      75
      73
      75
      77
      71
      74
      71
      81
      68
      76
      66
      79
      74
      78
      78
      74
      72
      66
      99
      78
      79
      81
      80
      99
      78
      56
      80
      77
      89
      67
      77
      64
      82
      77
      96
      84
      65
      79
      82
      83
      80
      84
      79
      72
      79
      76
      78
      80
      68
      87
      88
      67
      72
      74
      68
      83
      77
      92
      74
      69
      75
     120
      80
     102
     104
      87
      93
      82
      75
      85
      86
      88
      86
      80
      73
      66
      67
      67
      82
      65
      79
      93
      78
      80
      69
      92
      77
      80
      76
      86
      86
      82
      88
      79
      63
      66
      75
      84
      59
     100
      88
      80
      74
      70
      73
      80
      84
      62
      75
      86
      74
      90
      71
      75
      81
      84
      84
      82
      72
      64
      89
      82
      92
      74
      82
      87
      62
      79
      98
      78
      72
      72
      67
      77
      85
      88
      86
      80
      92
      60
      77
      80
      83
      82
      95
      87
      87
      69
      88
      87
      66
      74
      67
      82
      80
      85
     103
      91
      76
      56
      77
      84
      74
      92
      72
      75
      73
      86
      73
      75
      84
      89
      86
      79
      99
      96
     108
     135
     125
     124
     144
     158
     136
     121
     132
     111
     108
     101
      83
     103
     104
      76
      98
      89
      82
      80
      77
      71
      88
      82
      58
      82
      92
      88
      71
     100
      80
     104
      88
      69
     100
      90
      91
      95
      98
      67
      67
      85
      74
      73
      78
      69
      83
      88
     101
      76
      85
      92
      84
      74
      69
      78
      66
      73
      78
      90
      80
      74
      66
      71
      86
      81
      66
      69
      71
      53
      80
      68
      78
      90
      74
      72
      50
      76
      80
      97
      72
      99
      70
      68
      72
      70
      85
      65
      68
      92
      76
      83
      84
      69
      91
      79
      96
      85
     107
      83
     119
     109
     124
     125
     140
     127
     110
     102
      99
      99
      81
      68
      90
      64
      78
      77
      75
      84
      80
      76
      67
      74
      74
      89
      75
      77
      70
      68
      82
      68
      94
      80
      83
      83
      66
      81
      76
      74
      75
      90
      75
      86
     100
      80
      78
      82
      89
      87
      72
      79
      92
      94
      77
      90
      77
      80
      69
      75
      66
      66
      78
      87
      65
      58
      72
      88
      60
      81
      74
      74
      91
      64
      73
      69
      63
      71
      73
      74
      63
      81
      70
      77
      77
      53
      75
      86
      95
      96
      83
      72
      83
      64
      79
      86
      68
      79
      71
      77
      77
      84
      71
      69
      75
      65
      75
      59
      71
      70
      71
      88
      67
      80
      75
      77
      59
      82
      72
      64
      67
      70
      85
      87
      78
      83
      92
     106
      92
      76
      75
      90
      85
      96
      90
     113
     142
     120
     146
     142
     130
     122
     115
     101
      94
     105
      80
      71
      86
      57
      67
      76
      74
      68
      87
      72
      83
      62
      74
      76
      81
      88
      68
      72
      54
      79
      67
      56
      74
      80
      63
      82
      92
      73
      68
      82
      66
      71
      74
      77
      63
      62
      69
      69
      86
      80
      80
      76
      73
      96
      73
      82
      82
      79
      77
     100
      86
      82
      82
      85
      95
      81
      97
      87
      78
      76
      56
      82
      69
      70
      80
      63
      72
      70
      61
      83
      76
      77
      72
      59
      65
      69
      80
      62
      74
      71
      57
      59
      62
      78
      88
      74
      79
      71
      71
      66
      71
      76
      74
      77
      76
      82
      85
      89
      86
      54
      81
      73
      80
      81
      64
      66
      75
      83
      95
      71
      71
      82
      73
      89
      71
      65
      61
      74
      79
      75
      73
      73
      70
      65
      74
      82
     102
     105
     108
      98
     134
     135
     128
     155
     175
     135
     188
     199
     271
     303
     393
     481
     624
     702
     716
     750
     728
     675
     535
     435
     330
     248
     175
     124
     102
     105
      98
      78
      90
      88
      73
      69
      83
      71
      72
      58
      72
      70
      63
      81
      59
      69
      71
      76
      61
      69
      77
      67
      82
      62
      67
      69
      74
      66
      65
      83
      82
      62
      61
      69
      79
      70
      77
      67
      80
      77
      72
      66
      75
      70
      90
      68
      89
      81
      74
      73
      62
      60
      61
      61
      74
      64
      79
      62
      79
      63
      77
      66
      76
      85
      83
      66
      83
      80
      87
      77
      80
      80
      77
      78
      79
      58
      67
      73
      78
      80
      84
      73
      79
      79
     100
     114
     148
     156
     159
     197
     227
     239
     222
     241
     207
     242
     177
     157
     122
     103
      79
      94
      81
      98
      69
      71
      69
      64
      76
      63
      79
      71
      87
      67
      73
      76
      68
      71
      68
      61
      71
      76
      72
      61
      71
      83
      72
      64
      69
      57
      74
      77
      52
      80
      70
      87
      71
      73
      73
      82
      75
      81
      77
      69
      70
      76
      88
      69
      68
      65
      76
      69
      70
      67
      65
      71
      72
      75
      73
      86
      79
      80
      74
      69
      69
      76
      69
      65
      76
      77
      86
      63
      77
      67
      67
      78
      72
      73
      72
      57
      89
      73
      56
      63
      64
      66
      75
      68
      72
      72
      70
      71
      70
      60
      68
      78
      55
      64
      73
      66
      82
      63
      78
     105
     103
     127
     151
     167
     190
     212
     219
     231
     222
     232
     188
     158
     158
     120
     124
      91
      74
      58
      89
      78
      61
      65
      77
      70
      84
      76
      63
      75
      65
      78
      73
      67
      75
      72
      67
      65
      57
      69
      56
      76
      69
      62
      80
      61
      51
      75
      61
      85
      75
      65
      67
      74
      72
      76
      70
      70
      68
      75
      77
      86
      81
      74
      86
      75
      62
      68
      83
      85
      62
      68
      58
      75
      84
      79
      75
      70
      68
      61
      58
      70
      74
      60
      69
      52
      83
      77
      76
      79
      99
      95
      79
      81
      85
      98
      86
     106
      97
      90
      88
      77
      69
      64
      67
      79
      80
      75
      69
      66
      64
      78
      67
      65
      84
      72
      66
      87
      75
      88
      67
      85
      72
      81
      87
     101
     103
      91
      97
      87
      93
      69
      78
      63
      88
      81
      81
      77
      60
      71
      66
      65
      76
      59
      78
      73
      60
      71
      68
      73
      68
      77
      71
      73
      66
      85
      80
      97
      98
     102
      94
     104
      86
      95
      98
      81
      72
      89
      78
      76
      71
      72
      79
      70
      80
      79
      71
      64
      69
      62
      75
      66
      70
      61
      72
      68
      82
      66
      81
      73
      74
      81
      77
      64
      78
      79
      89
     109
     131
     147
     148
     171
     151
     159
     162
     146
     154
     113
     103
     110
      89
      80
      85
      81
      71
      70
      71
      64
      65
      86
      70
      65
      54
      74
      59
      82
      63
      69
      66
      76
      70
      70
      93
      73
      60
      94
      84
      70
      89
      72
      77
      77
      67
      84
      64
      76
      87
      86
      76
      80
      84
      93
      69
      77
      73
      74
      72
      75
      56
      71
      65
      67
      68
      78
      73
      81
      56
      62
      66
      66
      94
      77
      66
      84
      82
      55
      91
      80
      86
      80
      74
      81
      73
      77
      63
      70
      89
      60
      91
      75
      77
      70
      71
      59
      69
      76
      65
      75
      76
      67
      73
      82
      79
      84
      74
      58
      84
      65
      76
      73
      92
      74
      66
      70
      73
      66
      77
      63
      77
      68
      77
      76
      78
      57
      81
      87
      68
      78
      73
      86
      83
      68
      78
      79
      85
      84
      52
      74
      72
      77
      71
      79
      79
      78
      70
      77
      72
      80
      71
      77
      72
      70
      76
      77
      79
      64
      69
      69
      74
      65
      63
      73
      90
      65
      88
      80
      70
      61
      73
      70
      78
      76
      64
      80
      86
      69
      90
      79
      81
      77
      84
      89
      73
      75
      83
      61
      58
      74
      75
      61
      83
      74
      78
      83
      66
      74
      90
      78
      74
      67
      71
      80
      84
      86
      70
      72
      70
      71
      74
      68
      89
      67
      76
      75
      66
      81
      74
      60
      86
      89
      84
      73
      72
      84
      69
      68
      71
      96
      72
      88
      71
      73
      85
      74
      83
      71
      70
      67
      71
      69
      80
      81
      86
      66
      86
      90
      86
      83
      72
      77
      63
      70
      82
      90
      72
      75
      79
      77
      83
      65
      75
      82
      62
      83
      92
      84
      76
      74
      83
      71
      86
      84
      73
      74
      79
      70
      89
      68
      66
      69
      71
      76
      79
      84
      66
      72
      92
      63
      82
      72
      79
      65
      75
      72
      67
      77
      80
      66
      73
      80
      74
      73
      67
      74
      63
      86
      85
      64
      70
      75
      80
      68
      78
      88
      75
      78
      93
      82
      84
      88
      72
      78
      86
      83
      70
      72
      87
      70
      83
      78
      87
      79
      76
      70
      79
      58
      80
      65
      83
      80
      70
      84
      82
      75
      72
      82
      82
      66
      81
      77
      75
      82
      55
      93
      84
      68
      91
      76
      76
      67
      67
      63
      86
      73
      77
      87
      82
      71
      76
      85
      73
      88
     104
      77
      77
      78
      84
      77
      87
      97
      89
      80
      80
      79
      87
      84
      88
      65
      76
      94
      77
      76
      73
      76
      82
      77
      71
      62
      78
      92
      91
      73
      75
      70
      79
      81
      83
      68
      72
      79
      76
      77
      70
      83
      85
      80
      72
      68
      92
      64
      79
      72
     100
     102
      84
      74
      88
      86
      86
      90
      90
      80
      95
      74
      74
      74
      84
      72
      95
      69
      65
      58
      78
      56
      73
      77
      66
      75
      72
      68
      59
      61
      88
      66
      78
      63
      63
      68
      73
      76
      78
      74
      65
      71
      72
      76
      69
      52
      63
      78
      64
      73
      72
      63
      55
      65
      69
      66
      65
      71
      53
      67
      77
      62
      94
      60
      67
      70
      76
      82
      72
      71
      74
      69
      66
      66
      70
      73
      76
      67
      71
      72
      76
      53
      66
      77
      76
      66
      77
      58
      84
      68
      63
      51
      78
      72
      58
      66
      65
      71
      68
      61
      84
      52
      59
      70
      67
      72
      80
      71
      67
      71
      67
      68
      64
      62
      69
      71
      69
      63
      55
      68
      61
      64
      55
      79
      56
      75
      74
      79
      72
      83
      92
     117
     133
     154
     158
     227
     273
     316
     382
     415
     459
     428
     334
     339
     273
     225
     190
     163
     125
      81
      92
      62
      67
      53
      72
      69
      63
      74
      54
      68
      76
      74
      66
      66
      61
      68
      62
      58
      64
      78
      69
      74
      74
      66
      63
      61
      64
      57
      56
      69
      63
      48
      67
      64
      78
      61
      72
      72
      59
      71
      62
      58
      52
      74
      58
      71
      70
      68
      68
      56
      82
      71
      59
      63
      50
      75
      62
      63
      69
      54
      59
      64
      69
      64
      77
      60
      57
      62
      69
      60
      77
      55
      55
      62
      51
      80
      69
      70
      54
      57
      53
      74
      45
      68
      57
      75
      61
      58
      75
      59
      67
      64
      65
      64
      61
      66
      73
      72
      55
      53
      71
      63
      63
      53
      62
      68
      73
      58
      68
      53
      52
      51
      63
      59
      81
      63
      56
      66
      58
      48
      68
      61
      73
      62
      61
      64
      57
      61
      70
      70
      62
      75
      60
      60
      64
      60
      67
      66
      60
      51
      65
      75
      53
      60
      54
      68
      53
      59
      60
      75
      60
      57
      62
      54
      54
      57
      62
      62
      70
      68
      68
      69
      68
      93
      80
     117
      97
     114
     102
     101
      85
      96
      83
      87
      54
      67
      51
      72
      59
      67
      61
      60
      61
      52
      62
      63
      61
      41
      53
      67
      67
      59
      77
      77
      64
      67
      77
      71
      69
      77
      75
      60
      69
      62
      59
      63
      54
      58
      64
      58
      56
      52
      70
      61
      58
      41
      48
      53
      41
      67
      58
      56
      67
      48
      55
      66
      54
      50
      54
      55
      62
      61
      62
      65
      49
      66
      60
      67
      63
      60
      81
      59
      61
      45
      58
      69
      62
      65
      54
      65
      69
      52
      72
      64
      61
      52
      68
      62
      73
      55
      74
      66
      43
      64
      60
      63
      82
      55
      52
      58
      66
      65
      64
      60
      60
      57
      57
      61
      50
      54
      48
      64
      52
      62
      45
      59
      52
      58
      62
      67
      70
      47
      52
      63
      58
      62
      54
      48
      62
      64
      65
      58
      46
      53
      50
      59
      67
      67
      61
      60
      61
      55
      63
      53
      56
      56
      52
      62
      55
      54
      68
      48
      70
      56
      53
      46
      50
      61
      48
      53
      50
      44
      65
      57
      50
      56
      52
      51
      75
      47
      64
      43
      54
      71
      59
      59
      48
      67
      64
      61
      55
      52
      61
      66
      59
      42
      56
      63
      58
      55
      61
      66
      54
      60
      69
      68
      52
      51
      60
      62
      74
      66
      68
      69
      50
      74
      61
      79
      84
     109
     117
     113
     146
     154
     139
     149
     137
     141
     121
     109
     108
      79
      77
      83
      70
      63
      66
      73
      60
      54
      53
      71
      64
      52
      60
      47
      50
      41
      48
      59
      55
      49
      64
      58
      65
      58
      49
      64
      61
      54
      66
      50
      66
      54
      52
      52
      67
      58
      66
      52
      49
      56
      63
      67
      54
      46
      53
      52
      50
      64
      44
      42
      58
      54
      67
      48
      54
      51
      57
      63
      46
      54
      53
      68
      57
      51
      55
      51
      61
      52
      69
      48
      54
      57
      57
      58
      51
      56
      65
      43
      60
      43
      42
      50
      52
      47
      59
      55
      52
      58
      44
      53
      53
      55
      61
      57
      46
      67
      48
      59
      50
      56
      51
      57
      53
      66
      58
      56
      45
      61
      57
      58
      46
      58
      64
      47
      53
      59
      48
      42
      53
      52
      53
      51
      40
      42
      42
      64
      53
      53
      50
      61
      47
      51
      52
      49
      48
      43
      58
      45
      48
      60
      50
      61
      53
      51
      46
      44
      47
      60
      54
      55
      53
      44
      54
      60
      55
      59
      58
      63
      57
      68
      43
      60
      39
      49
      45
      62
      54
      59
      44
      65
      45
      46
      57
      67
      44
      60
      57
      58
      65
      57
      44
      63
      50
      57
      53
      55
      51
      53
      39
      44
      44
      43
      41
      51
      51
      57
      60
      47
      35
      39
      53
      40
      50
      59
      46
      53
      52
      60
      47
      55
      49
      59
      46
      52
      48
      48
      49
      43
      41
      59
      46
      63
      40
      44
      52
      67
      52
      43
      57
      54
      52
      53
      57
      63
      56
      56
      53
      39
      51
      40
      62
      66
      51
      52
      59
      53
      47
      37
      53
      53
      49
      61
      47
      51
      45
      46
      51
      47
      56
      57
      49
      39
      59
      53
      46
      74
      51
      58
      46
      52
      52
      57
      36
      39
      46
      48
      47
      53
      47
      51
      33
      52
      46
      49
      47
      52
      47
      62
      60
      75
      68
      80
      77
      80
      73
      86
      78
      75
      67
      48
      47
      49
      58
      50
      46
      37
      44
      49
      48
      47
      53
      56
      49
      43
      50
      45
      65
      44
      54
      65
      37
      39
      45
      46
      53
      46
      43
      42
      51
      58
      54
      55
      49
      49
      39
      55
      57
      51
      52
      42
      65
      49
      49
      58
      44
      46
      57
      55
      54
      51
      63
      48
      39
      50
      59
      47
      52
      43
      42
      58
      46
      55
      42
      54
      48
      49
      43
      54
      42
      47
      49
      55
      46
      49
      49
      44
      53
      58
      62
      49
      50
      40
      54
      51
      47
      39
      49
      44
      51
      42
      42
      59
      65
      61
      72
      63
      62
      71
      65
      79
      72
      67
      53
      56
      61
      69
      47
      33
      48
      54
      49
      51
      43
      49
      52
      61
      49
      46
      48
      53
      50
      45
      58
      38
      37
      51
      51
      39
      54
      48
      34
      42
      55
      32
      46
      35
      37
      38
      50
      38
      61
      49
      60
      56
      46
      48
      55
      36
      43
      43
      53
      39
      37
      47
      56
      53
      53
      61
      43
      50
      41
      49
      49
      47
      54
      49
      43
      50
      46
      59
      52
      51
      45
      58
      45
      42
      54
      50
      50
      46
      54
      50
      48
      45
      45
      47
      46
      48
      52
      45
      44
      48
      59
      53
      46
      50
      39
      49
      40
      46
      46
      53
      45
      54
      45
      48
      52
      40
      50
      45
      38
      36
      38
      39
      46
      41
      43
      48
      44
      56
      54
      53
      54
      54
      48
      51
      48
      47
      53
      48
      51
      55
      36
      43
      39
      47
      46
      45
      38
      47
      39
      33
      48
      49
      43
      42
      50
      48
      50
      47
      59
      53
      58
      55
      48
      59
      44
      38
      40
      43
      46
      57
      44
      54
      58
      38
      59
      55
      41
      57
      44
      48
      42
      47
      43
      54
      47
      57
      44
      38
      54
      41
      34
      45
      42
      50
      60
      38
      54
      61
      38
      34
      55
      60
      47
      64
      62
      50
      60
      53
      64
      68
      53
      54
      68
      54
      53
      57
      53
      59
      62
      40
      39
      46
      41
      41
      52
      55
      45
      31
      41
      41
      39
      45
      36
      46
      51
      55
      48
      47
      47
      57
      56
      43
      51
      42
      56
      47
      52
      50
      46
      53
      54
      47
      48
      43
      33
      45
      43
      44
      51
      57
      49
      51
      40
      57
      45
      51
      44
      54
      42
      53
      49
      54
      50
      59
      47
      44
      42
      48
      29
      48
      50
      51
      45
      47
      50
      43
      60
      64
      67
      93
      95
     137
     158
     220
     321
     397
     572
     688
     885
    1052
    1190
    1261
    1351
    1315
    1255
    1130
    1008
     817
     586
     470
     285
     213
     154
     114
      61
      70
      69
      46
      52
      57
      51
      53
      51
      38
      54
      55
      56
      52
      46
      62
      49
      45
      56
      52
      45
      51
      45
      48
      59
      43
      59
      36
      52
      46
      58
      48
      53
      68
      53
      49
      46
      43
      41
      33
      41
      42
      44
      42
      50
      51
      44
      46
      44
      49
      36
      56
      49
      36
      35
      42
      64
      43
      46
      48
      59
      52
      57
      49
      68
      76
      75
      54
      64
      65
      59
      64
      52
      59
      55
      50
      46
      41
      41
      45
      51
      50
      46
      52
      44
      47
      46
      43
      41
      46
      51
      50
      49
      47
      47
      48
      52
      46
      41
      45
      41
      43
      42
      40
      48
      45
      44
      42
      43
      45
      36
      40
      45
      46
      45
      36
      46
      39
      64
      48
      39
      48
      52
      41
      35
      43
      41
      47
      46
      46
      43
      46
      56
      42
      59
      38
      37
      45
      46
      44
      50
      55
      52
      54
      56
      60
      60
      53
      48
      46
      43
      37
      42
      51
      50
      39
      43
      41
      52
      37
      35
      62
      51
      50
      43
      52
      48
      47
      45
      45
      40
      51
      53
      52
      37
      40
      64
      45
      39
      53
      62
      50
      53
      64
      71
      74
      71
      87
     106
     132
     162
     160
     179
     181
     180
     175
     164
     168
     126
     117
     103
      80
      86
      69
      47
      53
      46
      53
      51
      54
      44
      42
      46
      46
      38
      58
      39
      40
      41
      53
      57
      49
      42
      55
      38
      40
      51
      42
      46
      52
      45
      40
      51
      43
      43
      45
      48
      50
      58
      49
      54
      34
      52
      48
      48
      40
      37
      44
      42
      36
      39
      33
      41
      55
      43
      38
      33
      52
      41
      39
      48
      48
      53
      49
      43
      44
      51
      40
      45
      48
      37
      33
      32
      41
      37
      50
      32
      40
      36
      48
      46
      42
      46
      47
      45
      37
      48
      54
      46
      43
      49
      52
      41
      32
      41
      50
      44
      64
      44
      46
      54
      44
      41
      51
      46
      49
      47
      48
      45
      39
      32
      37
      47
      29
      41
      57
      49
      48
      45
      46
      37
      49
      49
      36
      51
      36
      49
      39
      52
      45
      49
      35
      39
      50
      41
      47
      33
      50
      49
      37
      47
      51
      50
      42
      56
      42
      57
      55
      71
      55
      63
      67
      64
      63
      59
      68
      58
      55
      70
      45
      38
      51
      44
      42
      44
      38
      44
      40
      38
      38
      43
      33
      52
      38
      40
      35
      46
      41
      47
      45
      42
      43
      45
      38
      38
      36
      48
      44
      50
      37
      42
      33
      34
      46
      43
      38
      54
      40
      49
      33
      39
      44
      36
      50
      35
      44
      41
      44
      44
      38
      42
      45
      41
      45
      37
      42
      41
      41
      41
      37
      45
      48
      34
      48
      36
      32
      42
      51
      39
      48
      37
      42
      42
      34
      40
      54
      36
      47
      42
      42
      42
      41
      38
      43
      33
      42
      35
      36
      41
      46
      38
      45
      34
      40
      47
      51
      37
      42
      36
      34
      31
      35
      44
      39
      24
      48
      26
      45
      36
      48
      35
      41
      38
      42
      37
      40
      38
      50
      42
      40
      48
      34
      42
      41
      33
      36
      41
      39
      34
      42
      53
      37
      40
      41
      52
      50
      56
      63
      53
      76
      73
      69
      61
      73
      60
      77
      68
      58
      46
      50
      45
      43
      50
      36
      41
      48
      41
      33
      31
      32
      41
      34
      34
      34
      47
      36
      33
      38
      45
      39
      53
      42
      36
      38
      48
      46
      46
      53
      42
      39
      37
      45
      43
      40
      42
      45
      44
      41
      38
      36
      30
      44
      36
      33
      35
      41
      43
      37
      39
      45
      45
      44
      37
      40
      38
      54
      39
      33
      47
      38
      48
      46
      48
      41
      36
      50
      33
      41
      37
      47
      47
      47
      29
      38
      61
      57
      40
      37
      39
      44
      36
      35
      36
      39
      35
      40
      41
      35
      47
      43
      41
      32
      44
      38
      51
      41
      38
      42
      52
      46
      38
      38
      31
      30
      43
      35
      30
      37
      48
      42
      38
      42
      46
      47
      46
      30
      49
      40
      44
      35
      36
      43
      44
      34
      36
      34
      36
      46
      44
      46
      46
      39
      45
      46
      44
      49
      41
      36
      29
      39
      39
      35
      43
      48
      38
      33
      36
      40
      49
      36
      33
      36
      40
      35
      50
      44
      43
      49
      58
      56
      60
      93
     100
     137
     142
     170
     242
     288
     349
     415
     407
     479
     486
     462
     458
     378
     346
     300
     233
     185
     135
      88
      80
      64
      46
      54
      52
      47
      32
      32
      41
      30
      36
      32
      43
      36
      41
      30
      48
      28
      34
      37
      32
      40
      38
      35
      31
      49
      36
      48
      41
      44
      40
      33
      33
      43
      48
      35
      38
      41
      38
      28
      43
      43
      38
      45
      39
      38
      41
      42
      36
      43
      41
      45
      42
      31
      38
      36
      30
      29
      37
      48
      29
      33
      32
      38
      35
      47
      47
      41
      51
      49
      60
      42
      46
      47
      51
      49
      57
      56
      53
      53
      60
      54
      53
      51
      58
      46
      47
      44
      43
      42
      47
      47
      40
      39
      24
      34
      39
      34
      49
      45
      31
      51
      32
      39
      41
      35
      44
      45
      38
      41
      32
      36
      25
      39
      27
      43
      40
      49
      28
      37
      43
      43
      27
      33
      38
      51
      48
      39
      29
      31
      41
      34
      34
      35
      28
      30
      33
      31
      40
      51
      29
      35
      30
      34
      30
      32
      41
      38
      37
      39
      33
      32
      33
      36
      27
      34
      26
      27
      43
      44
      29
      39
      22
      32
      32
      33
      39
      35
      39
      34
      38
      41
      45
      38
      43
      35
      23
      37
      31
      36
      42
      37
      33
      34
      41
      50
      43
      37
      25
      41
      33
      38
      30
      24
      35
      23
      33
      33
      34
      36
      46
      50
      35
      43
      38
      28
      41
      33
      23
      43
      38
      32
      32
      29
      28
      35
      35
      27
      31
      38
      45
      25
      33
      33
      41
      32
      29
      48
      40
      36
      50
      38
      59
      58
      45
      77
      89
     103
      95
     103
     127
     139
     135
     141
     131
     132
     127
      93
      68
      65
      56
      39
      50
      39
      39
      48
      43
      39
      31
      39
      37
      34
      34
      34
      30
      36
      37
      37
      38
      39
      31
      32
      34
      37
      26
      37
      44
      28
      42
      42
      26
      40
      33
      29
      25
      41
      37
      40
      36
      29
      33
      32
      43
      32
      37
      28
      34
      44
      48
      33
      39
      24
      33
      34
      25
      37
      23
      31
      41
      34
      41
      32
      41
      36
      34
      39
      33
      36
      39
      32
      40
      25
      27
      26
      31
      25
      30
      31
      33
      33
      42
      34
      33
      33
      28
      30
      27
      26
      30
      36
      39
      32
      30
      24
      29
      30
      30
      31
      23
      24
      29
      26
      30
      33
      34
      28
      27
      38
      31
      28
      34
      32
      41
      31
      32
      30
      40
      32
      34
      33
      39
      45
      36
      46
      29
      40
      47
      31
      44
      35
      36
      34
      38
      29
      48
      39
      35
      29
      45
      25
      26
      34
      41
      42
      28
      41
      36
      35
      41
      30
      34
      41
      38
      34
      37
      27
      35
      32
      36
      37
      42
      33
      30
      36
      24
      29
      30
      37
      36
      39
      35
      32
      28
      40
      26
      33
      37
      38
      33
      33
      33
      26
      34
      30
      29
      44
      38
      26
      44
      36
      32
      34
      35
      38
      35
      39
      29
      32
      38
      32
      43
      33
      39
      42
      37
      33
      46
      44
      33
      37
      25
      37
      28
      46
      27
      49
      28
      30
      39
      32
      35
      51
      34
      34
      31
      30
      36
      41
      36
      44
      46
      27
      37
      36
      30
      26
      41
      34
      31
      38
      29
      43
      28
      30
      27
      33
      37
      32
      38
      27
      34
      32
      30
      30
      31
      34
      34
      36
      41
      29
      37
      35
      39
      29
      28
      23
      35
      32
      35
      39
      46
      46
      33
      28
      27
      43
      42
      51
      33
      25
      38
      32
      29
      39
      32
      31
      32
      36
      31
      19
      45
      23
      28
      33
      41
      28
      35
      35
      36
      38
      44
      36
      35
      31
      32
      26
      29
      29
      40
      28
      42
      34
      34
      46
      35
      32
      29
      33
      32
      46
      22
      35
      25
      31
      31
      29
      29
      37
      43
      28
      28
      29
      33
      40
      28
      42
      33
      29
      32
      28
      33
      43
      27
      45
      30
      33
      33
      33
      35
      45
      32
      42
      39
      41
      39
      29
      26
      30
      35
      36
      23
      28
      29
      32
      26
      38
      27
      34
      36
      32
      38
      42
      38
      31
      36
      33
      33
      33
      29
      38
      26
      41
      37
      29
      35
      34
      28
      36
      29
      29
      36
      35
      37
      27
      40
      29
      29
      25
      37
      33
      41
      35
      29
      31
      48
      38
      25
      36
      27
      33
      32
      31
      44
      40
      30
      40
      33
      38
      32
      32
      37
      35
      31
      29
      38
      34
      23
      37
      25
      43
      37
      22
      29
      44
      38
      25
      38
      32
      25
      31
      38
      33
      30
      32
      27
      32
      25
      32
      27
      40
      35
      42
      31
      27
      23
      28
      41
      28
      25
      30
      31
      25
      26
      33
      26
      41
      31
      51
      36
      33
      41
      38
      36
      33
      42
      51
      33
      30
      35
      32
      30
      39
      42
      26
      31
      33
      40
      31
      26
      26
      32
      24
      39
      28
      20
      38
      31
      31
      37
      35
      34
      37
      34
      31
      38
      33
      33
      37
      25
      27
      47
      43
      28
      42
      32
      32
       0
       0
       0
       0
       0
       0
       0
       0
       0
       0
       0
       0
       0
       0
       0
       0
       0
       0
       0
       0
       0
       0
       0
       0
       0
       0
       0
       0
       0
       0
       0
       0
       0
       0
       0
       0
       0
       0
       0
       0
       0
       0
       0
       0
       0
       0
       0
       0
       0
       0
       0
       0
       0
       0
       0
       0
       0
       0
       0
       0
       0
       0
       0
       0
       0
       0
       0
       0
       0
       0
       0
       0
       0
       0
       0
       0
       0
       0
       0
       0
       0
       0
       0
       0
       0
       0
       0
       0
       0
       0
       0
       0
       0
       0
       0
       0
       0
       0
       0
       0
       0
       0
       0
       0
       0
       0
       0
       0
       0
       0
       0
       0
       0
       0
       0
       0
       0
       0
       0
       0
       0
       0
       0
       0
       0
       0
       0
       0