0 0 0
1 0 0
2 0 0
3 0 0
4 0 0
5 0 0
6 0 0
7 0 0
8 0 0
9 0 0
10 0 0
11 0 0
12 0 0
13 0 0
14 0 0
15 0 0
16 0 0
17 0 0
18 0 0
19 0 0
20 0 0
21 0 0
22 0 0
23 0 0
24 0 0
25 0 0
26 0 0
27 0 0
28 0 0
29 0 0
30 0 0
31 0 0
32 0 0
33 0 0
34 0 0
35 0 0
36 0 0
37 0 0
38 0 0
39 0 0
40 0 0
41 0 0
42 0 0
43 0 0
44 0 0
45 0 0
46 0 0
47 0 0
48 0 0
49 0 0
50 0 0
51 0 0
52 0 0
53 0 0
54 0 0
55 0 0
56 0 0
57 0 0
58 0 0
59 0 0
60 0 0
61 0 0
62 0 0
63 0 0
64 0 0
65 0 0
66 0 0
67 0 0
68 0 0
69 0 0
70 0 0
71 0 0
72 0 0
73 0 0
74 0 0
75 0 0
76 0 0
77 0 0
78 0 0
79 0 0
80 0 0
81 0 0
82 0 0
83 0 0
84 0 0
85 0 0
86 0 0
87 0 0
88 0 0
89 0 0
90 0 0
91 0 0
92 0 0
93 3 0
94 175 0
95 1209 0
96 1508 0
97 1466 0
98 1456 0
99 1410 0
100 1422 0
101 1441 0
102 1474 0
103 1455 0
104 1382 0
105 1421 0
106 1418 0
107 1342 0
108 1425 0
109 1394 0
110 1418 0
111 1335 0
112 1344 0
113 1320 0
114 1315 0
115 1391 0
116 1328 0
117 1285 0
118 1290 0
119 1273 0
120 1259 0
121 1275 0
122 1331 0
123 1247 0
124 1258 0
125 1298 0
126 1277 0
127 1277 0
128 1244 0
129 1227 1
130 1283 1
131 1252 1
132 1241 1
133 1148 1
134 1204 1
135 1238 1
136 1220 1
137 1248 1
138 1160 1
139 1245 1
140 1188 1
141 1125 1
142 1127 1
143 1206 1
144 1151 1
145 1234 1
146 1139 1
147 1143 1
148 1175 1
149 1142 1
150 1070 1
151 1173 1
152 1102 1
153 1145 1
154 1153 1
155 1137 1
156 1094 1
157 1065 1
158 1119 1
159 1120 1
160 1112 1
161 1065 1
162 1061 1
163 1053 1
164 1092 1
165 1058 1
166 1093 1
167 1076 1
168 1048 1
169 1082 1
170 1081 1
171 1042 1
172 1057 1
173 978 1
174 994 1
175 1061 1
176 1037 1
177 1008 1
178 1056 1
179 974 1
180 1006 1
181 997 1
182 1001 1
183 957 1
184 1034 1
185 1029 1
186 1046 1
187 940 1
188 1021 1
189 992 1
190 1001 1
191 971 1
192 1012 1
193 1011 1
194 1003 1
195 987 1
196 975 1
197 940 1
198 964 1
199 911 1
200 1016 1
201 943 1
202 978 1
203 998 1
204 1029 1
205 946 1
206 952 1
207 909 1
208 937 1
209 915 1
210 925 1
211 938 1
212 932 1
213 949 1
214 892 1
215 885 1
216 917 1
217 890 1
218 909 1
219 887 1
220 937 1
221 932 1
222 833 1
223 965 1
224 876 1
225 900 1
226 855 1
227 909 1
228 927 1
229 898 1
230 920 1
231 939 1
232 864 1
233 893 1
234 888 1
235 922 1
236 853 1
237 926 1
238 877 1
239 938 1
240 867 1
241 870 1
242 849 1
243 911 1
244 865 1
245 854 1
246 912 1
247 844 1
248 865 1
249 868 1
250 893 1
251 876 1
252 836 1
253 866 1
254 861 1
255 882 1
256 849 1
257 858 1
258 831 1
259 844 1
260 851 1
261 856 1
262 829 1
263 842 1
264 784 1
265 827 1
266 798 1
267 838 1
268 897 1
269 866 1
270 854 1
271 821 1
272 818 1
273 870 1
274 859 1
275 819 1
276 822 1
277 828 1
278 772 1
279 777 1
280 796 1
281 822 1
282 796 1
283 838 1
284 851 1
285 791 1
286 790 1
287 791 1
288 778 1
289 802 1
290 822 1
291 772 1
292 795 1
293 831 1
294 772 1
295 810 1
296 799 1
297 809 1
298 805 1
299 794 1
300 792 1
301 839 1
302 739 1
303 818 1
304 749 1
305 770 1
306 793 1
307 776 1
308 754 1
309 774 1
310 784 1
311 799 1
312 745 1
313 782 1
314 797 1
315 832 1
316 850 1
317 784 1
318 766 1
319 803 1
320 772 1
321 721 1
322 794 1
323 829 1
324 805 1
325 788 1
326 824 1
327 794 1
328 777 1
329 767 1
330 798 1
331 791 1
332 748 1
333 784 1
334 804 1
335 799 1
336 764 1
337 731 1
338 703 1
339 768 1
340 767 1
341 815 1
342 819 1
343 741 1
344 746 1
345 774 1
346 755 1
347 790 1
348 757 1
349 835 1
350 750 1
351 717 1
352 812 1
353 806 1
354 782 1
355 784 1
356 774 1
357 813 1
358 756 1
359 755 1
360 766 1
361 787 1
362 738 1
363 750 1
364 786 1
365 792 1
366 757 1
367 790 1
368 903 1
369 914 1
370 1025 1
371 1068 1
372 1014 1
373 994 1
374 874 1
375 817 1
376 791 1
377 821 1
378 869 1
379 820 1
380 816 1
381 735 1
382 748 1
383 809 1
384 752 1
385 793 1
386 839 1
387 802 1
388 830 1
389 832 1
390 827 1
391 828 1
392 795 1
393 796 1
394 831 1
395 865 1
396 860 1
397 860 1
398 861 1
399 786 1
400 873 1
401 823 1
402 842 1
403 798 1
404 821 1
405 841 1
406 812 1
407 839 1
408 800 1
409 837 1
410 876 1
411 796 1
412 849 1
413 795 1
414 847 1
415 846 1
416 826 1
417 868 1
418 839 1
419 887 1
420 832 1
421 902 1
422 879 1
423 914 1
424 995 1
425 970 1
426 1087 1
427 1114 1
428 1047 1
429 1006 1
430 979 1
431 963 1
432 881 1
433 934 1
434 1117 1
435 1234 1
436 1539 1
437 1877 1
438 2197 1
439 2297 1
440 2274 1
441 1871 1
442 1468 1
443 1286 1
444 1041 1
445 1019 1
446 1035 1
447 1132 1
448 1347 1
449 1753 1
450 2415 1
451 2822 1
452 3148 1
453 3130 1
454 2735 1
455 1969 1
456 1546 1
457 1144 1
458 1025 1
459 934 1
460 868 1
461 940 1
462 956 1
463 1053 1
464 1049 1
465 1098 1
466 1118 1
467 1041 1
468 1013 1
469 937 1
470 928 1
471 929 1
472 894 1
473 993 1
474 1081 1
475 1120 1
476 1106 1
477 1101 1
478 1103 1
479 995 1
480 942 1
481 888 1
482 868 1
483 860 1
484 891 1
485 949 1
486 919 1
487 920 1
488 1104 1
489 1191 1
490 1212 1
491 1328 1
492 1421 1
493 1346 1
494 1385 1
495 1316 1
496 1205 1
497 1149 1
498 1128 1
499 1133 1
500 1116 1
501 1029 1
502 995 1
503 993 1
504 981 1
505 1014 1
506 1095 1
507 1195 1
508 1371 1
509 1614 1
510 1813 1
511 2004 1
512 2072 1
513 1957 1
514 1821 1
515 1528 1
516 1292 1
517 1137 1
518 1086 1
519 1057 1
520 996 1
521 986 1
522 944 1
523 1058 1
524 1185 1
525 1212 1
526 1326 1
527 1354 1
528 1472 1
529 1285 1
530 1175 1
531 1190 1
532 1120 1
533 1034 1
534 1006 1
535 971 1
536 972 1
537 962 1
538 1156 1
539 1396 1
540 1782 1
541 2092 1
542 2401 1
543 2593 1
544 2655 1
545 2421 1
546 2043 1
547 1795 1
548 1525 1
549 1336 1
550 1343 1
551 1418 1
552 1915 1
553 2454 1
554 3117 1
555 3574 1
556 3721 1
557 3353 1
558 2648 1
559 2038 1
560 1534 1
561 1161 1
562 1083 1
563 1021 1
564 986 1
565 929 1
566 957 1
567 906 1
568 938 1
569 1005 1
570 1035 1
571 1092 1
572 1241 1
573 1609 1
574 2319 1
575 3272 1
576 4295 1
577 5324 1
578 5693 1
579 5216 1
580 4273 1
581 3122 1
582 2023 1
583 1477 1
584 1136 1
585 962 1
586 911 1
587 928 1
588 823 1
589 929 1
590 926 1
591 846 1
592 855 1
593 853 1
594 834 1
595 845 1
596 904 1
597 816 1
598 836 1
599 910 1
600 829 1
601 880 1
602 840 1
603 878 1
604 833 1
605 854 1
606 850 1
607 867 1
608 828 1
609 789 1
610 853 1
611 811 1
612 805 1
613 848 1
614 881 1
615 865 1
616 866 1
617 932 1
618 872 1
619 906 1
620 840 1
621 929 1
622 900 1
623 841 1
624 851 1
625 849 1
626 875 1
627 862 1
628 869 1
629 837 1
630 866 1
631 828 1
632 898 1
633 834 1
634 875 1
635 885 1
636 879 1
637 866 1
638 898 1
639 868 1
640 896 1
641 932 1
642 919 1
643 908 1
644 1021 1
645 1172 1
646 1347 1
647 1520 1
648 1595 1
649 1869 1
650 1962 1
651 2152 1
652 2354 1
653 2422 1
654 2431 1
655 2274 1
656 1868 1
657 1495 1
658 1262 1
659 1166 1
660 1039 1
661 1078 1
662 1036 1
663 1066 1
664 1000 1
665 981 1
666 908 1
667 871 1
668 990 1
669 1075 1
670 1235 1
671 1361 1
672 1430 1
673 1502 1
674 1376 1
675 1246 1
676 1243 1
677 1076 1
678 1074 1
679 889 1
680 893 1
681 917 1
682 781 1
683 769 1
684 747 1
685 719 1
686 703 1
687 692 1
688 699 1
689 731 1
690 751 1
691 724 1
692 738 1
693 707 1
694 740 1
695 674 1
696 733 1
697 724 1
698 704 1
699 698 1
700 674 1
701 733 1
702 735 1
703 715 1
704 720 1
705 715 1
706 676 1
707 742 1
708 754 1
709 729 1
710 713 1
711 684 1
712 704 1
713 732 1
714 719 1
715 710 1
716 704 1
717 677 1
718 716 1
719 730 1
720 757 1
721 716 1
722 705 1
723 712 1
724 723 1
725 688 1
726 768 1
727 680 1
728 692 1
729 768 1
730 684 1
731 736 1
732 680 1
733 719 1
734 751 1
735 741 1
736 723 1
737 676 1
738 723 1
739 715 1
740 707 1
741 731 1
742 713 1
743 697 1
744 695 1
745 727 1
746 676 1
747 713 1
748 734 1
749 687 1
750 700 1
751 701 1
752 709 1
753 687 1
754 743 1
755 703 1
756 711 1
757 723 1
758 725 1
759 678 1
760 734 1
761 753 1
762 697 1
763 688 1
764 714 1
765 696 1
766 696 1
767 663 1
768 708 1
769 707 1
770 728 1
771 726 1
772 734 1
773 708 1
774 716 1
775 706 1
776 728 1
777 687 1
778 676 1
779 683 1
780 731 1
781 724 1
782 689 1
783 713 1
784 709 1
785 682 1
786 733 1
787 699 1
788 704 1
789 702 1
790 685 1
791 717 1
792 704 1
793 718 1
794 724 1
795 710 1
796 691 1
797 759 1
798 713 1
799 742 1
800 707 1
801 712 1
802 712 1
803 669 1
804 686 1
805 748 1
806 658 1
807 720 1
808 735 1
809 723 1
810 725 1
811 782 1
812 663 1
813 724 1
814 695 1
815 661 1
816 724 1
817 666 1
818 794 1
819 688 1
820 692 1
821 721 1
822 745 1
823 719 1
824 709 1
825 682 1
826 709 1
827 714 1
828 755 1
829 701 1
830 751 1
831 748 1
832 706 1
833 724 1
834 732 1
835 739 1
836 759 1
837 726 1
838 744 1
839 812 1
840 730 1
841 763 1
842 767 1
843 858 1
844 1039 1
845 1045 1
846 1062 1
847 992 1
848 945 1
849 899 1
850 807 1
851 781 1
852 756 1
853 738 1
854 698 1
855 744 1
856 666 1
857 738 1
858 703 1
859 766 1
860 714 1
861 773 1
862 729 1
863 709 1
864 715 1
865 704 1
866 709 1
867 731 1
868 745 1
869 704 1
870 707 1
871 712 1
872 765 1
873 761 1
874 773 1
875 722 1
876 726 1
877 788 1
878 773 1
879 748 1
880 761 1
881 727 1
882 779 1
883 732 1
884 720 1
885 739 1
886 745 1
887 763 1
888 759 1
889 768 1
890 702 1
891 776 1
892 700 1
893 724 1
894 725 1
895 728 1
896 747 1
897 775 1
898 776 1
899 772 1
900 761 1
901 826 1
902 787 1
903 784 1
904 710 1
905 870 1
906 867 1
907 858 1
908 839 1
909 829 1
910 749 1
911 769 1
912 750 1
913 764 1
914 721 1
915 718 1
916 769 1
917 748 1
918 745 1
919 726 1
920 709 1
921 743 1
922 696 1
923 695 1
924 720 1
925 704 1
926 709 1
927 737 1
928 703 1
929 755 1
930 769 1
931 742 1
932 729 1
933 725 1
934 685 1
935 713 1
936 747 1
937 694 1
938 724 1
939 689 1
940 706 1
941 701 1
942 704 1
943 714 1
944 659 1
945 708 1
946 699 1
947 727 1
948 704 1
949 684 1
950 704 1
951 668 1
952 763 1
953 716 1
954 714 1
955 705 1
956 740 1
957 724 1
958 709 1
959 823 1
960 783 1
961 839 1
962 844 1
963 763 1
964 717 1
965 692 1
966 692 1
967 683 1
968 683 1
969 755 1
970 711 1
971 688 1
972 684 1
973 672 1
974 654 1
975 686 1
976 697 1
977 686 1
978 679 1
979 688 1
980 710 1
981 685 1
982 672 1
983 646 1
984 676 1
985 732 1
986 684 1
987 698 1
988 695 1
989 677 1
990 666 1
991 689 1
992 690 1
993 689 1
994 642 1
995 661 1
996 638 1
997 681 1
998 643 1
999 656 1
1000 688 1
1001 659 1
1002 646 1
1003 653 1
1004 626 1
1005 693 1
1006 652 1
1007 690 1
1008 652 1
1009 667 1
1010 692 1
1011 701 1
1012 698 1
1013 651 1
1014 688 1
1015 690 1
1016 687 1
1017 670 1
1018 644 1
1019 658 1
1020 644 1
1021 652 1
1022 686 1
1023 695 1
1024 654 1
1025 601 1
1026 621 1
1027 667 1
1028 626 1
1029 686 1
1030 682 1
1031 665 1
1032 660 1
1033 639 1
1034 673 1
1035 698 1
1036 683 1
1037 669 1
1038 651 1
1039 628 1
1040 673 1
1041 643 1
1042 683 1
1043 650 1
1044 658 1
1045 659 1
1046 627 1
1047 668 1
1048 712 1
1049 634 1
1050 643 1
1051 615 1
1052 699 1
1053 641 1
1054 679 1
1055 670 1
1056 657 1
1057 688 1
1058 666 1
1059 670 1
1060 668 1
1061 719 1
1062 641 1
1063 641 1
1064 614 1
1065 643 1
1066 704 1
1067 639 1
1068 665 1
1069 686 1
1070 654 1
1071 658 1
1072 628 1
1073 660 1
1074 700 1
1075 684 1
1076 692 1
1077 670 1
1078 641 1
1079 684 1
1080 666 1
1081 650 1
1082 675 1
1083 680 1
1084 686 1
1085 663 1
1086 705 1
1087 906 1
1088 1068 1
1089 1461 1
1090 1934 1
1091 2716 1
1092 3230 1
1093 3699 1
1094 3825 1
1095 3634 1
1096 3212 1
1097 2640 1
1098 1784 1
1099 1350 1
1100 957 1
1101 837 1
1102 686 1
1103 689 1
1104 646 1
1105 638 1
1106 648 1
1107 644 1
1108 653 1
1109 646 1
1110 639 1
1111 642 1
1112 667 1
1113 653 1
1114 626 1
1115 633 1
1116 632 1
1117 678 1
1118 673 1
1119 648 1
1120 624 1
1121 624 1
1122 624 1
1123 631 1
1124 608 1
1125 648 1
1126 615 1
1127 647 1
1128 646 1
1129 636 1
1130 652 1
1131 649 1
1132 584 1
1133 645 1
1134 571 1
1135 626 1
1136 605 1
1137 653 1
1138 619 1
1139 627 1
1140 631 1
1141 675 1
1142 635 1
1143 636 1
1144 637 1
1145 677 1
1146 681 1
1147 599 1
1148 619 1
1149 678 1
1150 664 1
1151 634 1
1152 666 1
1153 648 1
1154 647 1
1155 621 1
1156 667 1
1157 669 1
1158 590 1
1159 616 1
1160 581 1
1161 662 1
1162 621 1
1163 619 1
1164 655 1
1165 630 1
1166 630 1
1167 581 1
1168 592 1
1169 647 1
1170 596 1
1171 654 1
1172 610 1
1173 593 1
1174 609 1
1175 666 1
1176 626 1
1177 644 1
1178 596 1
1179 599 1
1180 594 1
1181 624 1
1182 646 1
1183 601 1
1184 625 1
1185 607 1
1186 650 1
1187 621 1
1188 613 1
1189 630 1
1190 625 1
1191 617 1
1192 601 1
1193 645 1
1194 625 1
1195 631 1
1196 564 1
1197 601 1
1198 558 1
1199 619 1
1200 609 1
1201 638 1
1202 594 1
1203 602 1
1204 616 1
1205 635 1
1206 678 1
1207 716 1
1208 667 1
1209 682 1
1210 656 1
1211 621 1
1212 563 1
1213 577 1
1214 536 1
1215 542 1
1216 532 1
1217 550 1
1218 539 1
1219 598 1
1220 548 1
1221 519 1
1222 510 1
1223 530 1
1224 555 1
1225 519 1
1226 527 1
1227 517 1
1228 543 1
1229 587 1
1230 587 1
1231 494 1
1232 520 1
1233 532 1
1234 528 1
1235 516 1
1236 532 1
1237 551 1
1238 509 1
1239 521 1
1240 556 1
1241 528 1
1242 507 1
1243 509 1
1244 533 1
1245 534 1
1246 513 1
1247 503 1
1248 519 1
1249 533 1
1250 519 1
1251 507 1
1252 475 1
1253 513 1
1254 538 1
1255 524 1
1256 514 1
1257 518 1
1258 513 1
1259 529 1
1260 514 1
1261 476 1
1262 556 1
1263 507 1
1264 485 1
1265 536 1
1266 529 1
1267 520 1
1268 509 1
1269 505 1
1270 531 1
1271 484 1
1272 460 1
1273 501 1
1274 536 1
1275 485 1
1276 536 1
1277 460 1
1278 512 1
1279 445 1
1280 488 1
1281 448 1
1282 516 1
1283 500 1
1284 486 1
1285 514 1
1286 521 1
1287 489 1
1288 457 1
1289 485 1
1290 463 1
1291 437 1
1292 468 1
1293 465 1
1294 487 1
1295 477 1
1296 503 1
1297 490 1
1298 441 1
1299 471 1
1300 485 1
1301 480 1
1302 505 1
1303 517 1
1304 515 1
1305 436 1
1306 491 1
1307 456 1
1308 494 1
1309 456 1
1310 519 1
1311 486 1
1312 442 1
1313 495 1
1314 426 1
1315 498 1
1316 475 1
1317 450 1
1318 442 1
1319 430 1
1320 473 1
1321 482 1
1322 419 1
1323 484 1
1324 455 1
1325 468 1
1326 487 1
1327 429 1
1328 453 1
1329 483 1
1330 483 1
1331 491 1
1332 481 1
1333 444 1
1334 500 1
1335 455 1
1336 487 1
1337 485 1
1338 462 1
1339 482 1
1340 440 1
1341 481 1
1342 473 1
1343 469 1
1344 465 1
1345 466 1
1346 465 1
1347 480 1
1348 460 1
1349 458 1
1350 487 1
1351 464 1
1352 485 1
1353 461 1
1354 452 1
1355 433 1
1356 457 1
1357 467 1
1358 454 1
1359 473 1
1360 448 1
1361 444 1
1362 477 1
1363 428 1
1364 490 1
1365 432 1
1366 453 1
1367 426 1
1368 457 1
1369 481 1
1370 472 1
1371 424 1
1372 433 1
1373 436 1
1374 443 1
1375 430 1
1376 463 1
1377 431 1
1378 473 1
1379 431 1
1380 487 1
1381 460 1
1382 491 1
1383 458 1
1384 542 1
1385 590 1
1386 672 1
1387 764 1
1388 781 1
1389 743 1
1390 720 1
1391 640 1
1392 532 1
1393 496 1
1394 467 1
1395 454 1
1396 430 1
1397 472 1
1398 437 1
1399 432 1
1400 444 1
1401 522 1
1402 521 1
1403 551 1
1404 547 1
1405 552 1
1406 526 1
1407 534 1
1408 469 1
1409 459 1
1410 500 1
1411 453 1
1412 431 1
1413 464 1
1414 455 1
1415 474 1
1416 513 1
1417 592 1
1418 836 1
1419 1296 1
1420 2132 1
1421 2899 1
1422 4002 1
1423 4710 1
1424 4781 1
1425 4175 1
1426 3259 1
1427 2320 1
1428 1554 1
1429 922 1
1430 635 1
1431 501 1
1432 465 1
1433 466 1
1434 423 1
1435 408 1
1436 395 1
1437 410 1
1438 425 1
1439 443 1
1440 421 1
1441 412 1
1442 413 1
1443 390 1
1444 413 1
1445 435 1
1446 418 1
1447 392 1
1448 389 1
1449 417 1
1450 417 1
1451 389 1
1452 397 1
1453 386 1
1454 378 1
1455 436 1
1456 398 1
1457 364 1
1458 389 1
1459 394 1
1460 446 1
1461 415 1
1462 397 1
1463 378 1
1464 395 1
1465 400 1
1466 393 1
1467 380 1
1468 409 1
1469 408 1
1470 390 1
1471 392 1
1472 398 1
1473 437 1
1474 402 1
1475 382 1
1476 380 1
1477 417 1
1478 393 1
1479 379 1
1480 419 1
1481 404 1
1482 358 1
1483 369 1
1484 378 1
1485 407 1
1486 390 1
1487 388 1
1488 386 1
1489 366 1
1490 370 1
1491 375 1
1492 424 1
1493 417 1
1494 409 1
1495 399 1
1496 379 1
1497 382 1
1498 426 1
1499 396 1
1500 438 1
1501 398 1
1502 405 1
1503 457 1
1504 433 1
1505 459 1
1506 479 1
1507 551 1
1508 544 1
1509 571 1
1510 486 1
1511 441 1
1512 434 1
1513 387 1
1514 375 1
1515 369 1
1516 420 1
1517 429 1
1518 437 1
1519 485 1
1520 508 1
1521 625 1
1522 628 1
1523 666 1
1524 682 1
1525 593 1
1526 497 1
1527 470 1
1528 404 1
1529 377 1
1530 384 1
1531 400 1
1532 362 1
1533 346 1
1534 358 1
1535 393 1
1536 365 1
1537 363 1
1538 422 1
1539 338 1
1540 361 1
1541 355 1
1542 376 1
1543 388 1
1544 406 1
1545 371 1
1546 352 1
1547 380 1
1548 363 1
1549 396 1
1550 376 1
1551 388 1
1552 354 1
1553 369 1
1554 380 1
1555 336 1
1556 359 1
1557 348 1
1558 387 1
1559 337 1
1560 392 1
1561 359 1
1562 343 1
1563 418 1
1564 331 1
1565 350 1
1566 373 1
1567 372 1
1568 341 1
1569 371 1
1570 351 1
1571 363 1
1572 324 1
1573 352 1
1574 376 1
1575 358 1
1576 353 1
1577 362 1
1578 348 1
1579 403 1
1580 401 1
1581 470 1
1582 575 1
1583 664 1
1584 640 1
1585 687 1
1586 715 1
1587 654 1
1588 621 1
1589 509 1
1590 446 1
1591 474 1
1592 448 1
1593 535 1
1594 586 1
1595 595 1
1596 631 1
1597 609 1
1598 547 1
1599 480 1
1600 450 1
1601 388 1
1602 378 1
1603 351 1
1604 355 1
1605 330 1
1606 366 1
1607 362 1
1608 388 1
1609 405 1
1610 397 1
1611 397 1
1612 425 1
1613 442 1
1614 497 1
1615 496 1
1616 539 1
1617 495 1
1618 517 1
1619 505 1
1620 446 1
1621 378 1
1622 377 1
1623 392 1
1624 348 1
1625 372 1
1626 348 1
1627 349 1
1628 360 1
1629 363 1
1630 354 1
1631 383 1
1632 369 1
1633 343 1
1634 387 1
1635 343 1
1636 325 1
1637 355 1
1638 352 1
1639 353 1
1640 334 1
1641 354 1
1642 330 1
1643 364 1
1644 335 1
1645 347 1
1646 339 1
1647 328 1
1648 358 1
1649 352 1
1650 371 1
1651 349 1
1652 355 1
1653 369 1
1654 359 1
1655 392 1
1656 381 1
1657 377 1
1658 352 1
1659 325 1
1660 360 1
1661 337 1
1662 343 1
1663 349 1
1664 347 1
1665 372 1
1666 340 1
1667 345 1
1668 355 1
1669 386 1
1670 414 1
1671 364 1
1672 349 1
1673 357 1
1674 375 1
1675 360 1
1676 326 1
1677 357 1
1678 325 1
1679 362 1
1680 355 1
1681 415 1
1682 346 1
1683 373 1
1684 354 1
1685 347 1
1686 390 1
1687 359 1
1688 360 1
1689 372 1
1690 337 1
1691 364 1
1692 342 1
1693 339 1
1694 350 1
1695 365 1
1696 374 1
1697 300 1
1698 330 1
1699 363 1
1700 342 1
1701 339 1
1702 316 1
1703 368 1
1704 376 1
1705 296 1
1706 349 1
1707 327 1
1708 346 1
1709 350 1
1710 380 1
1711 327 1
1712 323 1
1713 347 1
1714 329 1
1715 364 1
1716 308 1
1717 347 1
1718 326 1
1719 348 1
1720 335 1
1721 356 1
1722 350 1
1723 333 1
1724 371 1
1725 370 1
1726 351 1
1727 359 1
1728 409 1
1729 489 1
1730 694 1
1731 1170 1
1732 2059 1
1733 3513 1
1734 5342 1
1735 7302 1
1736 9257 1
1737 9811 1
1738 9408 1
1739 7835 1
1740 5599 1
1741 3650 1
1742 2230 1
1743 1288 1
1744 754 1
1745 475 1
1746 419 1
1747 363 1
1748 353 1
1749 363 1
1750 368 1
1751 337 1
1752 334 1
1753 373 1
1754 335 1
1755 324 1
1756 309 1
1757 334 1
1758 354 1
1759 335 1
1760 340 1
1761 343 1
1762 389 1
1763 432 1
1764 405 1
1765 423 1
1766 441 1
1767 395 1
1768 397 1
1769 389 1
1770 296 1
1771 314 1
1772 302 1
1773 287 1
1774 272 1
1775 269 1
1776 320 1
1777 325 1
1778 342 1
1779 344 1
1780 388 1
1781 366 1
1782 345 1
1783 342 1
1784 329 1
1785 318 1
1786 322 1
1787 311 1
1788 343 1
1789 323 1
1790 305 1
1791 348 1
1792 326 1
1793 324 1
1794 336 1
1795 310 1
1796 324 1
1797 318 1
1798 316 1
1799 325 1
1800 308 1
1801 299 1
1802 296 1
1803 290 1
1804 315 1
1805 292 1
1806 322 1
1807 307 1
1808 303 1
1809 282 1
1810 303 1
1811 315 1
1812 300 1
1813 307 1
1814 275 1
1815 313 1
1816 337 1
1817 309 1
1818 293 1
1819 297 1
1820 292 1
1821 285 1
1822 290 1
1823 293 1
1824 280 1
1825 276 1
1826 262 1
1827 288 1
1828 322 1
1829 292 1
1830 293 1
1831 304 1
1832 259 1
1833 320 1
1834 305 1
1835 280 1
1836 316 1
1837 300 1
1838 313 1
1839 305 1
1840 297 1
1841 293 1
1842 280 1
1843 302 1
1844 310 1
1845 320 1
1846 337 1
1847 343 1
1848 318 1
1849 323 1
1850 313 1
1851 344 1
1852 302 1
1853 301 1
1854 313 1
1855 279 1
1856 340 1
1857 317 1
1858 298 1
1859 257 1
1860 257 1
1861 273 1
1862 292 1
1863 285 1
1864 279 1
1865 310 1
1866 273 1
1867 270 1
1868 326 1
1869 306 1
1870 312 1
1871 262 1
1872 285 1
1873 293 1
1874 282 1
1875 288 1
1876 269 1
1877 297 1
1878 290 1
1879 281 1
1880 314 1
1881 299 1
1882 303 1
1883 280 1
1884 290 1
1885 321 1
1886 294 1
1887 263 1
1888 294 1
1889 302 1
1890 257 1
1891 286 1
1892 275 1
1893 308 1
1894 262 1
1895 292 1
1896 292 1
1897 286 1
1898 266 1
1899 299 1
1900 299 1
1901 306 1
1902 308 1
1903 327 1
1904 347 1
1905 329 1
1906 394 1
1907 343 1
1908 369 1
1909 312 1
1910 289 1
1911 304 1
1912 264 1
1913 264 1
1914 271 1
1915 266 1
1916 280 1
1917 292 1
1918 282 1
1919 273 1
1920 298 1
1921 286 1
1922 257 1
1923 258 1
1924 294 1
1925 282 1
1926 294 1
1927 305 1
1928 294 1
1929 274 1
1930 278 1
1931 292 1
1932 278 1
1933 287 1
1934 316 1
1935 341 1
1936 303 1
1937 307 1
1938 337 1
1939 329 1
1940 358 1
1941 364 1
1942 363 1
1943 377 1
1944 368 1
1945 312 1
1946 295 1
1947 299 1
1948 278 1
1949 281 1
1950 289 1
1951 297 1
1952 287 1
1953 287 1
1954 309 1
1955 300 1
1956 266 1
1957 311 1
1958 284 1
1959 281 1
1960 316 1
1961 322 1
1962 310 1
1963 315 1
1964 304 1
1965 296 1
1966 357 1
1967 319 1
1968 289 1
1969 282 1
1970 321 1
1971 280 1
1972 283 1
1973 292 1
1974 305 1
1975 282 1
1976 285 1
1977 288 1
1978 285 1
1979 277 1
1980 294 1
1981 276 1
1982 263 1
1983 307 1
1984 272 1
1985 274 1
1986 288 1
1987 328 1
1988 327 1
1989 313 1
1990 344 1
1991 360 1
1992 358 1
1993 349 1
1994 324 1
1995 321 1
1996 275 1
1997 309 1
1998 304 1
1999 298 1
2000 297 1
2001 283 1
2002 280 1
2003 285 1
2004 268 1
2005 301 1
2006 287 1
2007 266 1
2008 283 1
2009 295 1
2010 287 1
2011 284 1
2012 310 1
2013 281 1
2014 299 1
2015 294 1
2016 310 1
2017 309 1
2018 246 1
2019 283 1
2020 298 1
2021 283 1
2022 287 1
2023 278 1
2024 251 1
2025 293 1
2026 316 1
2027 286 1
2028 303 1
2029 312 1
2030 287 1
2031 280 1
2032 299 1
2033 263 1
2034 259 1
2035 308 1
2036 250 1
2037 279 1
2038 257 1
2039 255 1
2040 282 1
2041 299 1
2042 275 1
2043 304 1
2044 282 1
2045 252 1
2046 292 1
2047 291 1
2048 304 1
2049 293 1
2050 305 1
2051 301 1
2052 320 1
2053 282 1
2054 358 1
2055 338 1
2056 316 1
2057 321 1
2058 359 1
2059 314 1
2060 359 1
2061 454 1
2062 570 1
2063 875 1
2064 1376 1
2065 2371 1
2066 4124 1
2067 6612 1
2068 9576 1
2069 12714 1
2070 15202 1
2071 15903 1
2072 15161 1
2073 12440 1
2074 9340 1
2075 6093 1
2076 3563 1
2077 1959 1
2078 1055 1
2079 627 1
2080 427 1
2081 334 1
2082 284 1
2083 319 1
2084 286 1
2085 262 1
2086 272 1
2087 293 1
2088 279 1
2089 272 1
2090 264 1
2091 263 1
2092 269 1
2093 288 1
2094 291 1
2095 270 1
2096 261 1
2097 248 1
2098 260 1
2099 236 1
2100 212 1
2101 245 1
2102 269 1
2103 230 1
2104 222 1
2105 244 1
2106 243 1
2107 237 1
2108 223 1
2109 232 1
2110 235 1
2111 227 1
2112 250 1
2113 239 1
2114 262 1
2115 242 1
2116 238 1
2117 239 1
2118 226 1
2119 275 1
2120 231 1
2121 234 1
2122 234 1
2123 230 1
2124 232 1
2125 209 1
2126 238 1
2127 205 1
2128 196 1
2129 220 1
2130 259 1
2131 255 1
2132 231 1
2133 214 1
2134 251 1
2135 252 1
2136 196 1
2137 254 1
2138 236 1
2139 230 1
2140 230 1
2141 229 1
2142 249 1
2143 225 1
2144 239 1
2145 219 1
2146 243 1
2147 234 1
2148 240 1
2149 249 1
2150 234 1
2151 222 1
2152 213 1
2153 222 1
2154 246 1
2155 257 1
2156 225 1
2157 224 1
2158 256 1
2159 229 1
2160 234 1
2161 234 1
2162 225 1
2163 258 1
2164 242 1
2165 225 1
2166 237 1
2167 207 1
2168 222 1
2169 218 1
2170 242 1
2171 253 1
2172 197 1
2173 234 1
2174 224 1
2175 237 1
2176 245 1
2177 225 1
2178 241 1
2179 233 1
2180 255 1
2181 227 1
2182 240 1
2183 230 1
2184 231 1
2185 251 1
2186 257 1
2187 251 1
2188 237 1
2189 230 1
2190 262 1
2191 209 1
2192 225 1
2193 214 1
2194 253 1
2195 239 1
2196 255 1
2197 233 1
2198 235 1
2199 228 1
2200 232 1
2201 228 1
2202 223 1
2203 219 1
2204 235 1
2205 224 1
2206 243 1
2207 235 1
2208 208 1
2209 230 1
2210 231 1
2211 256 1
2212 230 1
2213 245 1
2214 234 1
2215 230 1
2216 234 1
2217 236 1
2218 242 1
2219 233 1
2220 230 1
2221 207 1
2222 244 1
2223 250 1
2224 240 1
2225 231 1
2226 236 1
2227 202 1
2228 241 1
2229 227 1
2230 237 1
2231 228 1
2232 253 1
2233 228 1
2234 270 1
2235 207 1
2236 229 1
2237 233 1
2238 236 1
2239 238 1
2240 216 1
2241 230 1
2242 219 1
2243 243 1
2244 227 1
2245 231 1
2246 232 1
2247 254 1
2248 243 1
2249 229 1
2250 232 1
2251 245 1
2252 220 1
2253 224 1
2254 229 1
2255 236 1
2256 229 1
2257 226 1
2258 184 1
2259 230 1
2260 284 1
2261 225 1
2262 222 1
2263 238 1
2264 252 1
2265 240 1
2266 232 1
2267 257 1
2268 251 1
2269 250 1
2270 272 1
2271 276 1
2272 273 1
2273 288 1
2274 316 1
2275 347 1
2276 322 1
2277 329 1
2278 288 1
2279 277 1
2280 325 1
2281 245 1
2282 219 1
2283 274 1
2284 285 1
2285 306 1
2286 330 1
2287 350 1
2288 383 1
2289 400 1
2290 349 1
2291 298 1
2292 306 1
2293 280 1
2294 257 1
2295 259 1
2296 249 1
2297 245 1
2298 240 1
2299 237 1
2300 222 1
2301 224 1
2302 252 1
2303 255 1
2304 249 1
2305 252 1
2306 221 1
2307 227 1
2308 230 1
2309 222 1
2310 249 1
2311 245 1
2312 241 1
2313 231 1
2314 248 1
2315 233 1
2316 245 1
2317 227 1
2318 248 1
2319 235 1
2320 236 1
2321 236 1
2322 247 1
2323 248 1
2324 238 1
2325 240 1
2326 239 1
2327 252 1
2328 268 1
2329 228 1
2330 244 1
2331 253 1
2332 225 1
2333 261 1
2334 252 1
2335 255 1
2336 248 1
2337 259 1
2338 231 1
2339 251 1
2340 237 1
2341 255 1
2342 249 1
2343 263 1
2344 272 1
2345 255 1
2346 238 1
2347 258 1
2348 244 1
2349 248 1
2350 236 1
2351 237 1
2352 214 1
2353 244 1
2354 244 1
2355 265 1
2356 247 1
2357 233 1
2358 243 1
2359 294 1
2360 292 1
2361 277 1
2362 323 1
2363 330 1
2364 326 1
2365 363 1
2366 352 1
2367 332 1
2368 296 1
2369 258 1
2370 287 1
2371 242 1
2372 279 1
2373 236 1
2374 253 1
2375 254 1
2376 256 1
2377 285 1
2378 271 1
2379 275 1
2380 295 1
2381 280 1
2382 281 1
2383 299 1
2384 317 1
2385 303 1
2386 341 1
2387 306 1
2388 269 1
2389 304 1
2390 292 1
2391 295 1
2392 277 1
2393 250 1
2394 265 1
2395 272 1
2396 241 1
2397 243 1
2398 233 1
2399 252 1
2400 230 1
2401 241 1
2402 240 1
2403 261 1
2404 244 1
2405 259 1
2406 243 1
2407 253 1
2408 259 1
2409 245 1
2410 236 1
2411 247 1
2412 250 1
2413 258 1
2414 235 1
2415 258 1
2416 258 1
2417 254 1
2418 247 1
2419 282 1
2420 235 1
2421 250 1
2422 239 1
2423 236 1
2424 247 1
2425 272 1
2426 256 1
2427 231 1
2428 254 1
2429 259 1
2430 255 1
2431 269 1
2432 281 1
2433 240 1
2434 214 1
2435 260 1
2436 235 1
2437 252 1
2438 241 1
2439 245 1
2440 253 1
2441 234 1
2442 266 1
2443 283 1
2444 267 1
2445 242 1
2446 272 1
2447 242 1
2448 247 1
2449 239 1
2450 230 1
2451 256 1
2452 239 1
2453 236 1
2454 231 1
2455 270 1
2456 255 1
2457 254 1
2458 240 1
2459 239 1
2460 249 1
2461 243 1
2462 249 1
2463 274 1
2464 235 1
2465 231 1
2466 282 1
2467 263 1
2468 245 1
2469 253 1
2470 227 1
2471 267 1
2472 284 1
2473 266 1
2474 255 1
2475 239 1
2476 233 1
2477 269 1
2478 283 1
2479 255 1
2480 239 1
2481 236 1
2482 223 1
2483 269 1
2484 244 1
2485 240 1
2486 268 1
2487 242 1
2488 243 1
2489 241 1
2490 256 1
2491 246 1
2492 251 1
2493 252 1
2494 242 1
2495 233 1
2496 276 1
2497 258 1
2498 230 1
2499 245 1
2500 249 1
2501 246 1
2502 228 1
2503 241 1
2504 253 1
2505 248 1
2506 247 1
2507 269 1
2508 249 1
2509 258 1
2510 270 1
2511 263 1
2512 265 1
2513 293 1
2514 245 1
2515 261 1
2516 254 1
2517 261 1
2518 263 1
2519 273 1
2520 211 1
2521 216 1
2522 239 1
2523 230 1
2524 241 1
2525 244 1
2526 234 1
2527 214 1
2528 218 1
2529 228 1
2530 209 1
2531 208 1
2532 207 1
2533 207 1
2534 191 1
2535 247 1
2536 217 1
2537 229 1
2538 215 1
2539 193 1
2540 211 1
2541 193 1
2542 194 1
2543 214 1
2544 214 1
2545 199 1
2546 196 1
2547 201 1
2548 172 1
2549 173 1
2550 220 1
2551 197 1
2552 171 1
2553 203 1
2554 198 1
2555 201 1
2556 188 1
2557 203 1
2558 202 1
2559 201 1
2560 173 1
2561 191 1
2562 194 1
2563 174 1
2564 201 1
2565 205 1
2566 198 1
2567 191 1
2568 187 1
2569 197 1
2570 179 1
2571 176 1
2572 168 1
2573 176 1
2574 209 1
2575 193 1
2576 212 1
2577 184 1
2578 181 1
2579 171 1
2580 176 1
2581 197 1
2582 190 1
2583 207 1
2584 187 1
2585 173 1
2586 177 1
2587 175 1
2588 175 1
2589 177 1
2590 179 1
2591 188 1
2592 204 1
2593 176 1
2594 169 1
2595 172 1
2596 183 1
2597 152 1
2598 204 1
2599 189 1
2600 192 1
2601 166 1
2602 179 1
2603 185 1
2604 162 1
2605 182 1
2606 191 1
2607 184 1
2608 177 1
2609 173 1
2610 173 1
2611 183 1
2612 202 1
2613 199 1
2614 185 1
2615 187 1
2616 167 1
2617 168 1
2618 170 1
2619 200 1
2620 184 1
2621 178 1
2622 199 1
2623 190 1
2624 162 1
2625 200 1
2626 153 1
2627 166 1
2628 156 1
2629 179 1
2630 151 1
2631 155 1
2632 169 1
2633 179 1
2634 153 1
2635 179 1
2636 176 1
2637 145 1
2638 157 1
2639 161 1
2640 171 1
2641 152 1
2642 152 1
2643 168 1
2644 165 1
2645 173 1
2646 173 1
2647 163 1
2648 177 1
2649 176 1
2650 161 1
2651 173 1
2652 170 1
2653 158 1
2654 169 1
2655 170 1
2656 157 1
2657 145 1
2658 160 1
2659 186 1
2660 142 1
2661 162 1
2662 189 1
2663 151 1
2664 161 1
2665 152 1
2666 162 1
2667 147 1
2668 163 1
2669 181 1
2670 144 1
2671 196 1
2672 171 1
2673 191 1
2674 204 1
2675 229 1
2676 230 1
2677 255 1
2678 218 1
2679 226 1
2680 180 1
2681 187 1
2682 157 1
2683 177 1
2684 187 1
2685 182 1
2686 167 1
2687 169 1
2688 169 1
2689 153 1
2690 190 1
2691 170 1
2692 166 1
2693 157 1
2694 162 1
2695 165 1
2696 173 1
2697 160 1
2698 162 1
2699 153 1
2700 159 1
2701 175 1
2702 190 1
2703 146 1
2704 179 1
2705 163 1
2706 155 1
2707 175 1
2708 174 1
2709 155 1
2710 163 1
2711 161 1
2712 153 1
2713 188 1
2714 179 1
2715 199 1
2716 207 1
2717 202 1
2718 230 1
2719 200 1
2720 225 1
2721 200 1
2722 190 1
2723 196 1
2724 175 1
2725 177 1
2726 171 1
2727 145 1
2728 157 1
2729 144 1
2730 153 1
2731 132 1
2732 175 1
2733 143 1
2734 163 1
2735 163 1
2736 155 1
2737 172 1
2738 165 1
2739 147 1
2740 154 1
2741 150 1
2742 164 1
2743 154 1
2744 139 1
2745 154 1
2746 147 1
2747 158 1
2748 128 1
2749 146 1
2750 151 1
2751 153 1
2752 173 1
2753 142 1
2754 157 1
2755 157 1
2756 156 1
2757 148 1
2758 144 1
2759 146 1
2760 169 1
2761 174 1
2762 162 1
2763 158 1
2764 194 1
2765 177 1
2766 195 1
2767 180 1
2768 173 1
2769 163 1
2770 160 1
2771 142 1
2772 162 1
2773 158 1
2774 169 1
2775 158 1
2776 152 1
2777 127 1
2778 150 1
2779 145 1
2780 152 1
2781 166 1
2782 151 1
2783 159 1
2784 151 1
2785 136 1
2786 145 1
2787 151 1
2788 171 1
2789 150 1
2790 160 1
2791 161 1
2792 176 1
2793 185 1
2794 164 1
2795 164 1
2796 149 1
2797 166 1
2798 160 1
2799 142 1
2800 138 1
2801 126 1
2802 144 1
2803 150 1
2804 155 1
2805 146 1
2806 136 1
2807 158 1
2808 121 1
2809 162 1
2810 162 1
2811 139 1
2812 142 1
2813 134 1
2814 140 1
2815 162 1
2816 156 1
2817 152 1
2818 127 1
2819 142 1
2820 138 1
2821 133 1
2822 148 1
2823 163 1
2824 170 1
2825 205 1
2826 221 1
2827 257 1
2828 260 1
2829 253 1
2830 194 1
2831 187 1
2832 169 1
2833 169 1
2834 157 1
2835 163 1
2836 141 1
2837 149 1
2838 139 1
2839 132 1
2840 155 1
2841 129 1
2842 158 1
2843 140 1
2844 127 1
2845 130 1
2846 133 1
2847 157 1
2848 145 1
2849 142 1
2850 140 1
2851 160 1
2852 136 1
2853 132 1
2854 149 1
2855 149 1
2856 157 1
2857 154 1
2858 126 1
2859 161 1
2860 149 1
2861 167 1
2862 180 1
2863 198 1
2864 209 1
2865 220 1
2866 255 1
2867 230 1
2868 225 1
2869 222 1
2870 207 1
2871 185 1
2872 167 1
2873 171 1
2874 136 1
2875 148 1
2876 138 1
2877 136 1
2878 151 1
2879 153 1
2880 136 1
2881 126 1
2882 141 1
2883 133 1
2884 133 1
2885 131 1
2886 128 1
2887 124 1
2888 126 1
2889 126 1
2890 135 1
2891 140 1
2892 140 1
2893 120 1
2894 161 1
2895 122 1
2896 135 1
2897 122 1
2898 104 1
2899 133 1
2900 127 1
2901 138 1
2902 148 1
2903 152 1
2904 122 1
2905 126 1
2906 130 1
2907 116 1
2908 109 1
2909 131 1
2910 131 1
2911 141 1
2912 127 1
2913 126 1
2914 127 1
2915 126 1
2916 120 1
2917 123 1
2918 129 1
2919 127 1
2920 117 1
2921 118 1
2922 113 1
2923 121 1
2924 128 1
2925 111 1
2926 124 1
2927 132 1
2928 114 1
2929 120 1
2930 121 1
2931 130 1
2932 125 1
2933 124 1
2934 117 1
2935 121 1
2936 149 1
2937 119 1
2938 122 1
2939 132 1
2940 136 1
2941 138 1
2942 108 1
2943 120 1
2944 137 1
2945 124 1
2946 138 1
2947 134 1
2948 123 1
2949 135 1
2950 128 1
2951 130 1
2952 129 1
2953 133 1
2954 125 1
2955 119 1
2956 134 1
2957 123 1
2958 112 1
2959 122 1
2960 112 1
2961 114 1
2962 123 1
2963 114 1
2964 143 1
2965 121 1
2966 109 1
2967 121 1
2968 108 1
2969 113 1
2970 118 1
2971 140 1
2972 126 1
2973 110 1
2974 119 1
2975 142 1
2976 123 1
2977 135 1
2978 125 1
2979 100 1
2980 116 1
2981 98 1
2982 124 1
2983 107 1
2984 129 1
2985 110 1
2986 130 1
2987 103 1
2988 130 1
2989 119 1
2990 120 1
2991 113 1
2992 156 1
2993 127 1
2994 126 1
2995 134 1
2996 157 1
2997 166 1
2998 178 1
2999 180 1
3000 149 1
3001 195 1
3002 172 1
3003 206 1
3004 164 1
3005 190 1
3006 166 1
3007 162 1
3008 190 1
3009 159 1
3010 172 1
3011 174 1
3012 147 1
3013 172 1
3014 150 1
3015 138 1
3016 161 1
3017 149 1
3018 133 1
3019 139 1
3020 131 1
3021 149 1
3022 113 1
3023 126 1
3024 129 1
3025 124 1
3026 121 1
3027 110 1
3028 101 1
3029 120 1
3030 142 1
3031 137 1
3032 127 1
3033 128 1
3034 120 1
3035 110 1
3036 121 1
3037 108 1
3038 124 1
3039 125 1
3040 110 1
3041 114 1
3042 122 1
3043 113 1
3044 128 1
3045 105 1
3046 113 1
3047 140 1
3048 113 1
3049 116 1
3050 140 1
3051 124 1
3052 112 1
3053 106 1
3054 106 1
3055 124 1
3056 129 1
3057 123 1
3058 116 1
3059 120 1
3060 102 1
3061 127 1
3062 108 1
3063 128 1
3064 129 1
3065 102 1
3066 124 1
3067 112 1
3068 115 1
3069 115 1
3070 114 1
3071 116 1
3072 127 1
3073 111 1
3074 118 1
3075 120 1
3076 111 1
3077 128 1
3078 106 1
3079 105 1
3080 112 1
3081 121 1
3082 107 1
3083 99 1
3084 133 1
3085 108 1
3086 110 1
3087 127 1
3088 121 1
3089 115 1
3090 114 1
3091 110 1
3092 121 1
3093 134 1
3094 131 1
3095 119 1
3096 104 1
3097 105 1
3098 113 1
3099 106 1
3100 121 1
3101 112 1
3102 110 1
3103 102 1
3104 114 1
3105 124 1
3106 122 1
3107 110 1
3108 118 1
3109 101 1
3110 126 1
3111 123 1
3112 102 1
3113 118 1
3114 115 1
3115 116 1
3116 109 1
3117 119 1
3118 116 1
3119 113 1
3120 139 1
3121 101 1
3122 102 1
3123 127 1
3124 93 1
3125 131 1
3126 120 1
3127 127 1
3128 116 1
3129 103 1
3130 137 1
3131 124 1
3132 152 1
3133 104 1
3134 124 1
3135 128 1
3136 113 1
3137 130 1
3138 121 1
3139 151 1
3140 194 1
3141 195 1
3142 158 1
3143 159 1
3144 150 1
3145 147 1
3146 112 1
3147 118 1
3148 126 1
3149 110 1
3150 114 1
3151 106 1
3152 123 1
3153 129 1
3154 126 1
3155 99 1
3156 134 1
3157 122 1
3158 134 1
3159 120 1
3160 125 1
3161 124 1
3162 117 1
3163 124 1
3164 124 1
3165 118 1
3166 119 1
3167 116 1
3168 117 1
3169 114 1
3170 121 1
3171 110 1
3172 121 1
3173 108 1
3174 108 1
3175 107 1
3176 135 1
3177 116 1
3178 111 1
3179 101 1
3180 117 1
3181 102 1
3182 95 1
3183 105 1
3184 130 1
3185 103 1
3186 101 1
3187 134 1
3188 117 1
3189 123 1
3190 119 1
3191 114 1
3192 98 1
3193 158 1
3194 128 1
3195 118 1
3196 147 1
3197 137 1
3198 140 1
3199 125 1
3200 145 1
3201 142 1
3202 137 1
3203 150 1
3204 126 1
3205 133 1
3206 116 1
3207 107 1
3208 127 1
3209 106 1
3210 106 1
3211 107 1
3212 104 1
3213 124 1
3214 113 1
3215 132 1
3216 106 1
3217 116 1
3218 131 1
3219 144 1
3220 121 1
3221 123 1
3222 110 1
3223 119 1
3224 126 1
3225 128 1
3226 114 1
3227 110 1
3228 115 1
3229 118 1
3230 104 1
3231 95 1
3232 132 1
3233 122 1
3234 105 1
3235 122 1
3236 113 1
3237 127 1
3238 125 1
3239 111 1
3240 129 1
3241 120 1
3242 105 1
3243 97 1
3244 115 1
3245 116 1
3246 96 1
3247 126 1
3248 127 1
3249 131 1
3250 102 1
3251 93 1
3252 118 1
3253 120 1
3254 110 1
3255 99 1
3256 98 1
3257 114 1
3258 119 1
3259 109 1
3260 120 1
3261 106 1
3262 93 1
3263 116 1
3264 108 1
3265 102 1
3266 109 1
3267 122 1
3268 128 1
3269 115 1
3270 110 1
3271 102 1
3272 107 1
3273 107 1
3274 122 1
3275 101 1
3276 112 1
3277 115 1
3278 115 1
3279 112 1
3280 120 1
3281 112 1
3282 133 1
3283 104 1
3284 105 1
3285 115 1
3286 95 1
3287 115 1
3288 91 1
3289 103 1
3290 128 1
3291 120 1
3292 106 1
3293 113 1
3294 96 1
3295 124 1
3296 98 1
3297 90 1
3298 103 1
3299 114 1
3300 102 1
3301 116 1
3302 110 1
3303 120 1
3304 123 1
3305 116 1
3306 110 1
3307 104 1
3308 117 1
3309 117 1
3310 104 1
3311 105 1
3312 117 1
3313 100 1
3314 98 1
3315 114 1
3316 115 1
3317 106 1
3318 120 1
3319 116 1
3320 102 1
3321 125 1
3322 109 1
3323 111 1
3324 116 1
3325 109 1
3326 118 1
3327 103 1
3328 112 1
3329 116 1
3330 112 1
3331 107 1
3332 107 1
3333 111 1
3334 111 1
3335 110 1
3336 117 1
3337 113 1
3338 106 1
3339 119 1
3340 108 1
3341 111 1
3342 114 1
3343 109 1
3344 106 1
3345 96 1
3346 112 1
3347 126 1
3348 114 1
3349 135 1
3350 131 1
3351 105 1
3352 121 1
3353 110 1
3354 97 1
3355 88 1
3356 116 1
3357 83 1
3358 120 1
3359 118 1
3360 104 1
3361 112 1
3362 113 1
3363 107 1
3364 114 1
3365 105 1
3366 126 1
3367 114 1
3368 113 1
3369 137 1
3370 118 1
3371 128 1
3372 120 1
3373 115 1
3374 129 1
3375 123 1
3376 127 1
3377 120 1
3378 103 1
3379 105 1
3380 119 1
3381 99 1
3382 119 1
3383 107 1
3384 101 1
3385 110 1
3386 113 1
3387 109 1
3388 110 1
3389 104 1
3390 129 1
3391 107 1
3392 114 1
3393 109 1
3394 120 1
3395 106 1
3396 112 1
3397 102 1
3398 113 1
3399 112 1
3400 108 1
3401 117 1
3402 120 1
3403 92 1
3404 113 1
3405 106 1
3406 99 1
3407 129 1
3408 119 1
3409 112 1
3410 152 1
3411 165 1
3412 165 1
3413 142 1
3414 199 1
3415 195 1
3416 166 1
3417 179 1
3418 135 1
3419 147 1
3420 167 1
3421 112 1
3422 118 1
3423 120 1
3424 106 1
3425 100 1
3426 102 1
3427 137 1
3428 101 1
3429 116 1
3430 129 1
3431 149 1
3432 138 1
3433 149 1
3434 135 1
3435 137 1
3436 134 1
3437 115 1
3438 109 1
3439 101 1
3440 95 1
3441 107 1
3442 124 1
3443 116 1
3444 95 1
3445 119 1
3446 116 1
3447 110 1
3448 81 1
3449 107 1
3450 111 1
3451 120 1
3452 102 1
3453 106 1
3454 102 1
3455 106 1
3456 83 1
3457 90 1
3458 105 1
3459 105 1
3460 109 1
3461 121 1
3462 124 1
3463 107 1
3464 102 1
3465 111 1
3466 117 1
3467 93 1
3468 93 1
3469 114 1
3470 104 1
3471 108 1
3472 94 1
3473 106 1
3474 110 1
3475 85 1
3476 96 1
3477 92 1
3478 106 1
3479 97 1
3480 104 1
3481 95 1
3482 88 1
3483 114 1
3484 104 1
3485 101 1
3486 113 1
3487 116 1
3488 98 1
3489 116 1
3490 113 1
3491 91 1
3492 99 1
3493 94 1
3494 88 1
3495 98 1
3496 94 1
3497 84 1
3498 106 1
3499 94 1
3500 122 1
3501 110 1
3502 100 1
3503 89 1
3504 96 1
3505 100 1
3506 110 1
3507 76 1
3508 116 1
3509 100 1
3510 100 1
3511 111 1
3512 97 1
3513 93 1
3514 91 1
3515 107 1
3516 104 1
3517 98 1
3518 100 1
3519 80 1
3520 123 1
3521 91 1
3522 96 1
3523 95 1
3524 100 1
3525 94 1
3526 90 1
3527 111 1
3528 99 1
3529 87 1
3530 99 1
3531 90 1
3532 112 1
3533 93 1
3534 104 1
3535 110 1
3536 96 1
3537 94 1
3538 103 1
3539 98 1
3540 97 1
3541 99 1
3542 107 1
3543 97 1
3544 92 1
3545 102 1
3546 118 1
3547 85 1
3548 100 1
3549 107 1
3550 86 1
3551 86 1
3552 81 1
3553 100 1
3554 103 1
3555 112 1
3556 100 1
3557 127 1
3558 130 1
3559 111 1
3560 86 1
3561 127 1
3562 112 1
3563 132 1
3564 103 1
3565 104 1
3566 107 1
3567 104 1
3568 105 1
3569 117 1
3570 121 1
3571 137 1
3572 138 1
3573 144 1
3574 151 1
3575 201 1
3576 277 1
3577 451 1
3578 754 1
3579 1193 1
3580 1901 1
3581 2826 1
3582 4212 1
3583 5768 1
3584 7104 1
3585 8504 1
3586 8963 1
3587 8811 1
3588 7926 1
3589 6568 1
3590 5112 1
3591 3545 1
3592 2353 1
3593 1462 1
3594 830 1
3595 490 1
3596 304 1
3597 219 1
3598 152 1
3599 154 1
3600 118 1
3601 149 1
3602 128 1
3603 127 1
3604 131 1
3605 122 1
3606 115 1
3607 124 1
3608 137 1
3609 130 1
3610 114 1
3611 105 1
3612 95 1
3613 115 1
3614 105 1
3615 89 1
3616 99 1
3617 109 1
3618 93 1
3619 93 1
3620 90 1
3621 103 1
3622 105 1
3623 96 1
3624 93 1
3625 105 1
3626 99 1
3627 111 1
3628 86 1
3629 95 1
3630 121 1
3631 94 1
3632 89 1
3633 83 1
3634 100 1
3635 85 1
3636 88 1
3637 82 1
3638 95 1
3639 81 1
3640 70 1
3641 94 1
3642 85 1
3643 88 1
3644 88 1
3645 73 1
3646 93 1
3647 86 1
3648 92 1
3649 104 1
3650 74 1
3651 96 1
3652 92 1
3653 69 1
3654 66 1
3655 86 1
3656 75 1
3657 75 1
3658 86 1
3659 87 1
3660 97 1
3661 87 1
3662 93 1
3663 86 1
3664 85 1
3665 88 1
3666 84 1
3667 85 1
3668 75 1
3669 85 1
3670 90 1
3671 80 1
3672 87 1
3673 94 1
3674 86 1
3675 93 1
3676 84 1
3677 90 1
3678 80 1
3679 83 1
3680 84 1
3681 75 1
3682 77 1
3683 77 1
3684 87 1
3685 82 1
3686 84 1
3687 106 1
3688 95 1
3689 72 1
3690 91 1
3691 90 1
3692 76 1
3693 75 1
3694 71 1
3695 79 1
3696 79 1
3697 86 1
3698 80 1
3699 72 1
3700 81 1
3701 71 1
3702 102 1
3703 80 1
3704 90 1
3705 66 1
3706 73 1
3707 93 1
3708 84 1
3709 79 1
3710 79 1
3711 88 1
3712 74 1
3713 83 1
3714 102 1
3715 99 1
3716 78 1
3717 84 1
3718 84 1
3719 91 1
3720 88 1
3721 95 1
3722 77 1
3723 97 1
3724 93 1
3725 93 1
3726 83 1
3727 104 1
3728 111 1
3729 80 1
3730 88 1
3731 100 1
3732 96 1
3733 92 1
3734 90 1
3735 81 1
3736 101 1
3737 87 1
3738 93 1
3739 78 1
3740 61 1
3741 104 1
3742 94 1
3743 91 1
3744 83 1
3745 74 1
3746 77 1
3747 87 1
3748 97 1
3749 94 1
3750 81 1
3751 83 1
3752 91 1
3753 82 1
3754 84 1
3755 72 1
3756 78 1
3757 84 1
3758 88 1
3759 99 1
3760 92 1
3761 71 1
3762 82 1
3763 87 1
3764 82 1
3765 86 1
3766 82 1
3767 89 1
3768 80 1
3769 84 1
3770 66 1
3771 78 1
3772 108 1
3773 86 1
3774 73 1
3775 85 1
3776 90 1
3777 68 1
3778 79 1
3779 78 1
3780 84 1
3781 88 1
3782 87 1
3783 84 1
3784 82 1
3785 92 1
3786 76 1
3787 84 1
3788 77 1
3789 73 1
3790 83 1
3791 80 1
3792 92 1
3793 90 1
3794 95 1
3795 71 1
3796 65 1
3797 69 1
3798 83 1
3799 76 1
3800 88 1
3801 82 1
3802 73 1
3803 71 1
3804 88 1
3805 82 1
3806 81 1
3807 84 1
3808 82 1
3809 70 1
3810 88 1
3811 74 1
3812 74 1
3813 66 1
3814 91 1
3815 74 1
3816 89 1
3817 82 1
3818 93 1
3819 86 1
3820 93 1
3821 87 1
3822 81 1
3823 88 1
3824 96 1
3825 69 1
3826 80 1
3827 89 1
3828 77 1
3829 66 1
3830 66 1
3831 92 1
3832 71 1
3833 56 1
3834 76 1
3835 83 1
3836 75 1
3837 84 1
3838 79 1
3839 81 1
3840 94 1
3841 88 1
3842 68 1
3843 79 1
3844 83 1
3845 70 1
3846 68 1
3847 78 1
3848 66 1
3849 106 1
3850 99 1
3851 85 1
3852 83 1
3853 78 1
3854 85 1
3855 69 1
3856 78 1
3857 86 1
3858 62 1
3859 81 1
3860 84 1
3861 79 1
3862 68 1
3863 89 1
3864 96 1
3865 65 1
3866 81 1
3867 80 1
3868 89 1
3869 77 1
3870 89 1
3871 82 1
3872 76 1
3873 80 1
3874 89 1
3875 82 1
3876 75 1
3877 76 1
3878 82 1
3879 84 1
3880 78 1
3881 67 1
3882 76 1
3883 76 1
3884 69 1
3885 81 1
3886 93 1
3887 96 1
3888 81 1
3889 89 1
3890 84 1
3891 77 1
3892 85 1
3893 92 1
3894 99 1
3895 88 1
3896 84 1
3897 87 1
3898 75 1
3899 90 1
3900 70 1
3901 85 1
3902 89 1
3903 79 1
3904 78 1
3905 74 1
3906 83 1
3907 81 1
3908 96 1
3909 97 1
3910 124 1
3911 133 1
3912 188 1
3913 215 1
3914 249 1
3915 282 1
3916 303 1
3917 317 1
3918 286 1
3919 298 1
3920 238 1
3921 182 1
3922 165 1
3923 139 1
3924 115 1
3925 73 1
3926 84 1
3927 87 1
3928 88 1
3929 83 1
3930 75 1
3931 85 1
3932 82 1
3933 93 1
3934 79 1
3935 84 1
3936 85 1
3937 81 1
3938 68 1
3939 72 1
3940 80 1
3941 78 1
3942 75 1
3943 74 1
3944 76 1
3945 68 1
3946 74 1
3947 91 1
3948 81 1
3949 63 1
3950 69 1
3951 72 1
3952 63 1
3953 88 1
3954 69 1
3955 74 1
3956 73 1
3957 60 1
3958 75 1
3959 73 1
3960 75 1
3961 77 1
3962 71 1
3963 74 1
3964 71 1
3965 81 1
3966 68 1
3967 76 1
3968 66 1
3969 79 1
3970 74 1
3971 78 1
3972 78 1
3973 74 1
3974 72 1
3975 66 1
3976 99 1
3977 78 1
3978 79 1
3979 81 1
3980 80 1
3981 99 1
3982 78 1
3983 56 1
3984 80 1
3985 77 1
3986 89 1
3987 67 1
3988 77 1
3989 64 1
3990 82 1
3991 77 1
3992 96 1
3993 84 1
3994 65 1
3995 79 1
3996 82 1
3997 83 1
3998 80 1
3999 84 1
4000 79 1
4001 72 1
4002 79 1
4003 76 1
4004 78 1
4005 80 1
4006 68 1
4007 87 1
4008 88 1
4009 67 1
4010 72 1
4011 74 1
4012 68 1
4013 83 1
4014 77 1
4015 92 1
4016 74 1
4017 69 1
4018 75 1
4019 120 1
4020 80 1
4021 102 1
4022 104 1
4023 87 1
4024 93 1
4025 82 1
4026 75 1
4027 85 1
4028 86 1
4029 88 1
4030 86 1
4031 80 1
4032 73 1
4033 66 1
4034 67 1
4035 67 1
4036 82 1
4037 65 1
4038 79 1
4039 93 1
4040 78 1
4041 80 1
4042 69 1
4043 92 1
4044 77 1
4045 80 1
4046 76 1
4047 86 1
4048 86 1
4049 82 1
4050 88 1
4051 79 1
4052 63 1
4053 66 1
4054 75 1
4055 84 1
4056 59 1
4057 100 1
4058 88 1
4059 80 1
4060 74 1
4061 70 1
4062 73 1
4063 80 1
4064 84 1
4065 62 1
4066 75 1
4067 86 1
4068 74 1
4069 90 1
4070 71 1
4071 75 1
4072 81 1
4073 84 1
4074 84 1
4075 82 1
4076 72 1
4077 64 1
4078 89 1
4079 82 1
4080 92 1
4081 74 1
4082 82 1
4083 87 1
4084 62 1
4085 79 1
4086 98 1
4087 78 1
4088 72 1
4089 72 1
4090 67 1
4091 77 1
4092 85 1
4093 88 1
4094 86 1
4095 80 1
4096 92 1
4097 60 1
4098 77 1
4099 80 1
4100 83 1
4101 82 1
4102 95 1
4103 87 1
4104 87 1
4105 69 1
4106 88 1
4107 87 1
4108 66 1
4109 74 1
4110 67 1
4111 82 1
4112 80 1
4113 85 1
4114 103 1
4115 91 1
4116 76 1
4117 56 1
4118 77 1
4119 84 1
4120 74 1
4121 92 1
4122 72 1
4123 75 1
4124 73 1
4125 86 1
4126 73 1
4127 75 1
4128 84 1
4129 89 1
4130 86 1
4131 79 1
4132 99 1
4133 96 1
4134 108 1
4135 135 1
4136 125 1
4137 124 1
4138 144 1
4139 158 1
4140 136 1
4141 121 1
4142 132 1
4143 111 1
4144 108 1
4145 101 1
4146 83 1
4147 103 1
4148 104 1
4149 76 1
4150 98 1
4151 89 1
4152 82 1
4153 80 1
4154 77 1
4155 71 1
4156 88 1
4157 82 1
4158 58 1
4159 82 1
4160 92 1
4161 88 1
4162 71 1
4163 100 1
4164 80 1
4165 104 1
4166 88 1
4167 69 1
4168 100 1
4169 90 1
4170 91 1
4171 95 1
4172 98 1
4173 67 1
4174 67 1
4175 85 1
4176 74 1
4177 73 1
4178 78 1
4179 69 1
4180 83 1
4181 88 1
4182 101 1
4183 76 1
4184 85 1
4185 92 1
4186 84 1
4187 74 1
4188 69 1
4189 78 1
4190 66 1
4191 73 1
4192 78 1
4193 90 1
4194 80 1
4195 74 1
4196 66 1
4197 71 1
4198 86 1
4199 81 1
4200 66 1
4201 69 1
4202 71 1
4203 53 1
4204 80 1
4205 68 1
4206 78 1
4207 90 1
4208 74 1
4209 72 1
4210 50 1
4211 76 1
4212 80 1
4213 97 1
4214 72 1
4215 99 1
4216 70 1
4217 68 1
4218 72 1
4219 70 1
4220 85 1
4221 65 1
4222 68 1
4223 92 1
4224 76 1
4225 83 1
4226 84 1
4227 69 1
4228 91 1
4229 79 1
4230 96 1
4231 85 1
4232 107 1
4233 83 1
4234 119 1
4235 109 1
4236 124 1
4237 125 1
4238 140 1
4239 127 1
4240 110 1
4241 102 1
4242 99 1
4243 99 1
4244 81 1
4245 68 1
4246 90 1
4247 64 1
4248 78 1
4249 77 1
4250 75 1
4251 84 1
4252 80 1
4253 76 1
4254 67 1
4255 74 1
4256 74 1
4257 89 1
4258 75 1
4259 77 1
4260 70 1
4261 68 1
4262 82 1
4263 68 1
4264 94 1
4265 80 1
4266 83 1
4267 83 1
4268 66 1
4269 81 1
4270 76 1
4271 74 1
4272 75 1
4273 90 1
4274 75 1
4275 86 1
4276 100 1
4277 80 1
4278 78 1
4279 82 1
4280 89 1
4281 87 1
4282 72 1
4283 79 1
4284 92 1
4285 94 1
4286 77 1
4287 90 1
4288 77 1
4289 80 1
4290 69 1
4291 75 1
4292 66 1
4293 66 1
4294 78 1
4295 87 1
4296 65 1
4297 58 1
4298 72 1
4299 88 1
4300 60 1
4301 81 1
4302 74 1
4303 74 1
4304 91 1
4305 64 1
4306 73 1
4307 69 1
4308 63 1
4309 71 1
4310 73 1
4311 74 1
4312 63 1
4313 81 1
4314 70 1
4315 77 1
4316 77 1
4317 53 1
4318 75 1
4319 86 1
4320 95 1
4321 96 1
4322 83 1
4323 72 1
4324 83 1
4325 64 1
4326 79 1
4327 86 1
4328 68 1
4329 79 1
4330 71 1
4331 77 1
4332 77 1
4333 84 1
4334 71 1
4335 69 1
4336 75 1
4337 65 1
4338 75 1
4339 59 1
4340 71 1
4341 70 1
4342 71 1
4343 88 1
4344 67 1
4345 80 1
4346 75 1
4347 77 1
4348 59 1
4349 82 1
4350 72 1
4351 64 1
4352 67 1
4353 70 1
4354 85 1
4355 87 1
4356 78 1
4357 83 1
4358 92 1
4359 106 1
4360 92 1
4361 76 1
4362 75 1
4363 90 1
4364 85 1
4365 96 1
4366 90 1
4367 113 1
4368 142 1
4369 120 1
4370 146 1
4371 142 1
4372 130 1
4373 122 1
4374 115 1
4375 101 1
4376 94 1
4377 105 1
4378 80 1
4379 71 1
4380 86 1
4381 57 1
4382 67 1
4383 76 1
4384 74 1
4385 68 1
4386 87 1
4387 72 1
4388 83 1
4389 62 1
4390 74 1
4391 76 1
4392 81 1
4393 88 1
4394 68 1
4395 72 1
4396 54 1
4397 79 1
4398 67 1
4399 56 1
4400 74 1
4401 80 1
4402 63 1
4403 82 1
4404 92 1
4405 73 1
4406 68 1
4407 82 1
4408 66 1
4409 71 1
4410 74 1
4411 77 1
4412 63 1
4413 62 1
4414 69 1
4415 69 1
4416 86 1
4417 80 1
4418 80 1
4419 76 1
4420 73 1
4421 96 1
4422 73 1
4423 82 1
4424 82 1
4425 79 1
4426 77 1
4427 100 1
4428 86 1
4429 82 1
4430 82 1
4431 85 1
4432 95 1
4433 81 1
4434 97 1
4435 87 1
4436 78 1
4437 76 1
4438 56 1
4439 82 1
4440 69 1
4441 70 1
4442 80 1
4443 63 1
4444 72 1
4445 70 1
4446 61 1
4447 83 1
4448 76 1
4449 77 1
4450 72 1
4451 59 1
4452 65 1
4453 69 1
4454 80 1
4455 62 1
4456 74 1
4457 71 1
4458 57 1
4459 59 1
4460 62 1
4461 78 1
4462 88 1
4463 74 1
4464 79 1
4465 71 1
4466 71 1
4467 66 1
4468 71 1
4469 76 1
4470 74 1
4471 77 1
4472 76 1
4473 82 1
4474 85 1
4475 89 1
4476 86 1
4477 54 1
4478 81 1
4479 73 1
4480 80 1
4481 81 1
4482 64 1
4483 66 1
4484 75 1
4485 83 1
4486 95 1
4487 71 1
4488 71 1
4489 82 1
4490 73 1
4491 89 1
4492 71 1
4493 65 1
4494 61 1
4495 74 1
4496 79 1
4497 75 1
4498 73 1
4499 73 1
4500 70 1
4501 65 1
4502 74 1
4503 82 1
4504 102 1
4505 105 1
4506 108 1
4507 98 1
4508 134 1
4509 135 1
4510 128 1
4511 155 1
4512 175 1
4513 135 1
4514 188 1
4515 199 1
4516 271 1
4517 303 1
4518 393 1
4519 481 1
4520 624 1
4521 702 1
4522 716 1
4523 750 1
4524 728 1
4525 675 1
4526 535 1
4527 435 1
4528 330 1
4529 248 1
4530 175 1
4531 124 1
4532 102 1
4533 105 1
4534 98 1
4535 78 1
4536 90 1
4537 88 1
4538 73 1
4539 69 1
4540 83 1
4541 71 1
4542 72 1
4543 58 1
4544 72 1
4545 70 1
4546 63 1
4547 81 1
4548 59 1
4549 69 1
4550 71 1
4551 76 1
4552 61 1
4553 69 1
4554 77 1
4555 67 1
4556 82 1
4557 62 1
4558 67 1
4559 69 1
4560 74 1
4561 66 1
4562 65 1
4563 83 1
4564 82 1
4565 62 1
4566 61 1
4567 69 1
4568 79 1
4569 70 1
4570 77 1
4571 67 1
4572 80 1
4573 77 1
4574 72 1
4575 66 1
4576 75 1
4577 70 1
4578 90 1
4579 68 1
4580 89 1
4581 81 1
4582 74 1
4583 73 1
4584 62 1
4585 60 1
4586 61 1
4587 61 1
4588 74 1
4589 64 1
4590 79 1
4591 62 1
4592 79 1
4593 63 1
4594 77 1
4595 66 1
4596 76 1
4597 85 1
4598 83 1
4599 66 1
4600 83 1
4601 80 1
4602 87 1
4603 77 1
4604 80 1
4605 80 1
4606 77 1
4607 78 1
4608 79 1
4609 58 1
4610 67 1
4611 73 1
4612 78 1
4613 80 1
4614 84 1
4615 73 1
4616 79 1
4617 79 1
4618 100 1
4619 114 1
4620 148 1
4621 156 1
4622 159 1
4623 197 1
4624 227 1
4625 239 1
4626 222 1
4627 241 1
4628 207 1
4629 242 1
4630 177 1
4631 157 1
4632 122 1
4633 103 1
4634 79 1
4635 94 1
4636 81 1
4637 98 1
4638 69 1
4639 71 1
4640 69 1
4641 64 1
4642 76 1
4643 63 1
4644 79 1
4645 71 1
4646 87 1
4647 67 1
4648 73 1
4649 76 1
4650 68 1
4651 71 1
4652 68 1
4653 61 1
4654 71 1
4655 76 1
4656 72 1
4657 61 1
4658 71 1
4659 83 1
4660 72 1
4661 64 1
4662 69 1
4663 57 1
4664 74 1
4665 77 1
4666 52 1
4667 80 1
4668 70 1
4669 87 1
4670 71 1
4671 73 1
4672 73 1
4673 82 1
4674 75 1
4675 81 1
4676 77 1
4677 69 1
4678 70 1
4679 76 1
4680 88 1
4681 69 1
4682 68 1
4683 65 1
4684 76 1
4685 69 1
4686 70 1
4687 67 1
4688 65 1
4689 71 1
4690 72 1
4691 75 1
4692 73 1
4693 86 1
4694 79 1
4695 80 1
4696 74 1
4697 69 1
4698 69 1
4699 76 1
4700 69 1
4701 65 1
4702 76 1
4703 77 1
4704 86 1
4705 63 1
4706 77 1
4707 67 1
4708 67 1
4709 78 1
4710 72 1
4711 73 1
4712 72 1
4713 57 1
4714 89 1
4715 73 1
4716 56 1
4717 63 1
4718 64 1
4719 66 1
4720 75 1
4721 68 1
4722 72 1
4723 72 1
4724 70 1
4725 71 1
4726 70 1
4727 60 1
4728 68 1
4729 78 1
4730 55 1
4731 64 1
4732 73 1
4733 66 1
4734 82 1
4735 63 1
4736 78 1
4737 105 1
4738 103 1
4739 127 1
4740 151 1
4741 167 1
4742 190 1
4743 212 1
4744 219 1
4745 231 1
4746 222 1
4747 232 1
4748 188 1
4749 158 1
4750 158 1
4751 120 1
4752 124 1
4753 91 1
4754 74 1
4755 58 1
4756 89 1
4757 78 1
4758 61 1
4759 65 1
4760 77 1
4761 70 1
4762 84 1
4763 76 1
4764 63 1
4765 75 1
4766 65 1
4767 78 1
4768 73 1
4769 67 1
4770 75 1
4771 72 1
4772 67 1
4773 65 1
4774 57 1
4775 69 1
4776 56 1
4777 76 1
4778 69 1
4779 62 1
4780 80 1
4781 61 1
4782 51 1
4783 75 1
4784 61 1
4785 85 1
4786 75 1
4787 65 1
4788 67 1
4789 74 1
4790 72 1
4791 76 1
4792 70 1
4793 70 1
4794 68 1
4795 75 1
4796 77 1
4797 86 1
4798 81 1
4799 74 1
4800 86 1
4801 75 1
4802 62 1
4803 68 1
4804 83 1
4805 85 1
4806 62 1
4807 68 1
4808 58 1
4809 75 1
4810 84 1
4811 79 1
4812 75 1
4813 70 1
4814 68 1
4815 61 1
4816 58 1
4817 70 1
4818 74 1
4819 60 1
4820 69 1
4821 52 1
4822 83 1
4823 77 1
4824 76 1
4825 79 1
4826 99 1
4827 95 1
4828 79 1
4829 81 1
4830 85 1
4831 98 1
4832 86 1
4833 106 1
4834 97 1
4835 90 1
4836 88 1
4837 77 1
4838 69 1
4839 64 1
4840 67 1
4841 79 1
4842 80 1
4843 75 1
4844 69 1
4845 66 1
4846 64 1
4847 78 1
4848 67 1
4849 65 1
4850 84 1
4851 72 1
4852 66 1
4853 87 1
4854 75 1
4855 88 1
4856 67 1
4857 85 1
4858 72 1
4859 81 1
4860 87 1
4861 101 1
4862 103 1
4863 91 1
4864 97 1
4865 87 1
4866 93 1
4867 69 1
4868 78 1
4869 63 1
4870 88 1
4871 81 1
4872 81 1
4873 77 1
4874 60 1
4875 71 1
4876 66 1
4877 65 1
4878 76 1
4879 59 1
4880 78 1
4881 73 1
4882 60 1
4883 71 1
4884 68 1
4885 73 1
4886 68 1
4887 77 1
4888 71 1
4889 73 1
4890 66 1
4891 85 1
4892 80 1
4893 97 1
4894 98 1
4895 102 1
4896 94 1
4897 104 1
4898 86 1
4899 95 1
4900 98 1
4901 81 1
4902 72 1
4903 89 1
4904 78 1
4905 76 1
4906 71 1
4907 72 1
4908 79 1
4909 70 1
4910 80 1
4911 79 1
4912 71 1
4913 64 1
4914 69 1
4915 62 1
4916 75 1
4917 66 1
4918 70 1
4919 61 1
4920 72 1
4921 68 1
4922 82 1
4923 66 1
4924 81 1
4925 73 1
4926 74 1
4927 81 1
4928 77 1
4929 64 1
4930 78 1
4931 79 1
4932 89 1
4933 109 1
4934 131 1
4935 147 1
4936 148 1
4937 171 1
4938 151 1
4939 159 1
4940 162 1
4941 146 1
4942 154 1
4943 113 1
4944 103 1
4945 110 1
4946 89 1
4947 80 1
4948 85 1
4949 81 1
4950 71 1
4951 70 1
4952 71 1
4953 64 1
4954 65 1
4955 86 1
4956 70 1
4957 65 1
4958 54 1
4959 74 1
4960 59 1
4961 82 1
4962 63 1
4963 69 1
4964 66 1
4965 76 1
4966 70 1
4967 70 1
4968 93 1
4969 73 1
4970 60 1
4971 94 1
4972 84 1
4973 70 1
4974 89 1
4975 72 1
4976 77 1
4977 77 1
4978 67 1
4979 84 1
4980 64 1
4981 76 1
4982 87 1
4983 86 1
4984 76 1
4985 80 1
4986 84 1
4987 93 1
4988 69 1
4989 77 1
4990 73 1
4991 74 1
4992 72 1
4993 75 1
4994 56 1
4995 71 1
4996 65 1
4997 67 1
4998 68 1
4999 78 1
5000 73 1
5001 81 1
5002 56 1
5003 62 1
5004 66 1
5005 66 1
5006 94 1
5007 77 1
5008 66 1
5009 84 1
5010 82 1
5011 55 1
5012 91 1
5013 80 1
5014 86 1
5015 80 1
5016 74 1
5017 81 1
5018 73 1
5019 77 1
5020 63 1
5021 70 1
5022 89 1
5023 60 1
5024 91 1
5025 75 1
5026 77 1
5027 70 1
5028 71 1
5029 59 1
5030 69 1
5031 76 1
5032 65 1
5033 75 1
5034 76 1
5035 67 1
5036 73 1
5037 82 1
5038 79 1
5039 84 1
5040 74 1
5041 58 1
5042 84 1
5043 65 1
5044 76 1
5045 73 1
5046 92 1
5047 74 1
5048 66 1
5049 70 1
5050 73 1
5051 66 1
5052 77 1
5053 63 1
5054 77 1
5055 68 1
5056 77 1
5057 76 1
5058 78 1
5059 57 1
5060 81 1
5061 87 1
5062 68 1
5063 78 1
5064 73 1
5065 86 1
5066 83 1
5067 68 1
5068 78 1
5069 79 1
5070 85 1
5071 84 1
5072 52 1
5073 74 1
5074 72 1
5075 77 1
5076 71 1
5077 79 1
5078 79 1
5079 78 1
5080 70 1
5081 77 1
5082 72 1
5083 80 1
5084 71 1
5085 77 1
5086 72 1
5087 70 1
5088 76 1
5089 77 1
5090 79 1
5091 64 1
5092 69 1
5093 69 1
5094 74 1
5095 65 1
5096 63 1
5097 73 1
5098 90 1
5099 65 1
5100 88 1
5101 80 1
5102 70 1
5103 61 1
5104 73 1
5105 70 1
5106 78 1
5107 76 1
5108 64 1
5109 80 1
5110 86 1
5111 69 1
5112 90 1
5113 79 1
5114 81 1
5115 77 1
5116 84 1
5117 89 1
5118 73 1
5119 75 1
5120 83 1
5121 61 1
5122 58 1
5123 74 1
5124 75 1
5125 61 1
5126 83 1
5127 74 1
5128 78 1
5129 83 1
5130 66 1
5131 74 1
5132 90 1
5133 78 1
5134 74 1
5135 67 1
5136 71 1
5137 80 1
5138 84 1
5139 86 1
5140 70 1
5141 72 1
5142 70 1
5143 71 1
5144 74 1
5145 68 1
5146 89 1
5147 67 1
5148 76 1
5149 75 1
5150 66 1
5151 81 1
5152 74 1
5153 60 1
5154 86 1
5155 89 1
5156 84 1
5157 73 1
5158 72 1
5159 84 1
5160 69 1
5161 68 1
5162 71 1
5163 96 1
5164 72 1
5165 88 1
5166 71 1
5167 73 1
5168 85 1
5169 74 1
5170 83 1
5171 71 1
5172 70 1
5173 67 1
5174 71 1
5175 69 1
5176 80 1
5177 81 1
5178 86 1
5179 66 1
5180 86 1
5181 90 1
5182 86 1
5183 83 1
5184 72 1
5185 77 1
5186 63 1
5187 70 1
5188 82 1
5189 90 1
5190 72 1
5191 75 1
5192 79 1
5193 77 1
5194 83 1
5195 65 1
5196 75 1
5197 82 1
5198 62 1
5199 83 1
5200 92 1
5201 84 1
5202 76 1
5203 74 1
5204 83 1
5205 71 1
5206 86 1
5207 84 1
5208 73 1
5209 74 1
5210 79 1
5211 70 1
5212 89 1
5213 68 1
5214 66 1
5215 69 1
5216 71 1
5217 76 1
5218 79 1
5219 84 1
5220 66 1
5221 72 1
5222 92 1
5223 63 1
5224 82 1
5225 72 1
5226 79 1
5227 65 1
5228 75 1
5229 72 1
5230 67 1
5231 77 1
5232 80 1
5233 66 1
5234 73 1
5235 80 1
5236 74 1
5237 73 1
5238 67 1
5239 74 1
5240 63 1
5241 86 1
5242 85 1
5243 64 1
5244 70 1
5245 75 1
5246 80 1
5247 68 1
5248 78 1
5249 88 1
5250 75 1
5251 78 1
5252 93 1
5253 82 1
5254 84 1
5255 88 1
5256 72 1
5257 78 1
5258 86 1
5259 83 1
5260 70 1
5261 72 1
5262 87 1
5263 70 1
5264 83 1
5265 78 1
5266 87 1
5267 79 1
5268 76 1
5269 70 1
5270 79 1
5271 58 1
5272 80 1
5273 65 1
5274 83 1
5275 80 1
5276 70 1
5277 84 1
5278 82 1
5279 75 1
5280 72 1
5281 82 1
5282 82 1
5283 66 1
5284 81 1
5285 77 1
5286 75 1
5287 82 1
5288 55 1
5289 93 1
5290 84 1
5291 68 1
5292 91 1
5293 76 1
5294 76 1
5295 67 1
5296 67 1
5297 63 1
5298 86 1
5299 73 1
5300 77 1
5301 87 1
5302 82 1
5303 71 1
5304 76 1
5305 85 1
5306 73 1
5307 88 1
5308 104 1
5309 77 1
5310 77 1
5311 78 1
5312 84 1
5313 77 1
5314 87 1
5315 97 1
5316 89 1
5317 80 1
5318 80 1
5319 79 1
5320 87 1
5321 84 1
5322 88 1
5323 65 1
5324 76 1
5325 94 1
5326 77 1
5327 76 1
5328 73 1
5329 76 1
5330 82 1
5331 77 1
5332 71 1
5333 62 1
5334 78 1
5335 92 1
5336 91 1
5337 73 1
5338 75 1
5339 70 1
5340 79 1
5341 81 1
5342 83 1
5343 68 1
5344 72 1
5345 79 1
5346 76 1
5347 77 1
5348 70 1
5349 83 1
5350 85 1
5351 80 1
5352 72 1
5353 68 1
5354 92 1
5355 64 1
5356 79 1
5357 72 1
5358 100 1
5359 102 1
5360 84 1
5361 74 1
5362 88 1
5363 86 1
5364 86 1
5365 90 1
5366 90 1
5367 80 1
5368 95 1
5369 74 1
5370 74 1
5371 74 1
5372 84 1
5373 72 1
5374 95 1
5375 69 1
5376 65 1
5377 58 1
5378 78 1
5379 56 1
5380 73 1
5381 77 1
5382 66 1
5383 75 1
5384 72 1
5385 68 1
5386 59 1
5387 61 1
5388 88 1
5389 66 1
5390 78 1
5391 63 1
5392 63 1
5393 68 1
5394 73 1
5395 76 1
5396 78 1
5397 74 1
5398 65 1
5399 71 1
5400 72 1
5401 76 1
5402 69 1
5403 52 1
5404 63 1
5405 78 1
5406 64 1
5407 73 1
5408 72 1
5409 63 1
5410 55 1
5411 65 1
5412 69 1
5413 66 1
5414 65 1
5415 71 1
5416 53 1
5417 67 1
5418 77 1
5419 62 1
5420 94 1
5421 60 1
5422 67 1
5423 70 1
5424 76 1
5425 82 1
5426 72 1
5427 71 1
5428 74 1
5429 69 1
5430 66 1
5431 66 1
5432 70 1
5433 73 1
5434 76 1
5435 67 1
5436 71 1
5437 72 1
5438 76 1
5439 53 1
5440 66 1
5441 77 1
5442 76 1
5443 66 1
5444 77 1
5445 58 1
5446 84 1
5447 68 1
5448 63 1
5449 51 1
5450 78 1
5451 72 1
5452 58 1
5453 66 1
5454 65 1
5455 71 1
5456 68 1
5457 61 1
5458 84 1
5459 52 1
5460 59 1
5461 70 1
5462 67 1
5463 72 1
5464 80 1
5465 71 1
5466 67 1
5467 71 1
5468 67 1
5469 68 1
5470 64 1
5471 62 1
5472 69 1
5473 71 1
5474 69 1
5475 63 1
5476 55 1
5477 68 1
5478 61 1
5479 64 1
5480 55 1
5481 79 1
5482 56 1
5483 75 1
5484 74 1
5485 79 1
5486 72 1
5487 83 1
5488 92 1
5489 117 1
5490 133 1
5491 154 1
5492 158 1
5493 227 1
5494 273 1
5495 316 1
5496 382 1
5497 415 1
5498 459 1
5499 428 1
5500 334 1
5501 339 1
5502 273 1
5503 225 1
5504 190 1
5505 163 1
5506 125 1
5507 81 1
5508 92 1
5509 62 1
5510 67 1
5511 53 1
5512 72 1
5513 69 1
5514 63 1
5515 74 1
5516 54 1
5517 68 1
5518 76 1
5519 74 1
5520 66 1
5521 66 1
5522 61 1
5523 68 1
5524 62 1
5525 58 1
5526 64 1
5527 78 1
5528 69 1
5529 74 1
5530 74 1
5531 66 1
5532 63 1
5533 61 1
5534 64 1
5535 57 1
5536 56 1
5537 69 1
5538 63 1
5539 48 1
5540 67 1
5541 64 1
5542 78 1
5543 61 1
5544 72 1
5545 72 1
5546 59 1
5547 71 1
5548 62 1
5549 58 1
5550 52 1
5551 74 1
5552 58 1
5553 71 1
5554 70 1
5555 68 1
5556 68 1
5557 56 1
5558 82 1
5559 71 1
5560 59 1
5561 63 1
5562 50 1
5563 75 1
5564 62 1
5565 63 1
5566 69 1
5567 54 1
5568 59 1
5569 64 1
5570 69 1
5571 64 1
5572 77 1
5573 60 1
5574 57 1
5575 62 1
5576 69 1
5577 60 1
5578 77 1
5579 55 1
5580 55 1
5581 62 1
5582 51 1
5583 80 1
5584 69 1
5585 70 1
5586 54 1
5587 57 1
5588 53 1
5589 74 1
5590 45 1
5591 68 1
5592 57 1
5593 75 1
5594 61 1
5595 58 1
5596 75 1
5597 59 1
5598 67 1
5599 64 1
5600 65 1
5601 64 1
5602 61 1
5603 66 1
5604 73 1
5605 72 1
5606 55 1
5607 53 1
5608 71 1
5609 63 1
5610 63 1
5611 53 1
5612 62 1
5613 68 1
5614 73 1
5615 58 1
5616 68 1
5617 53 1
5618 52 1
5619 51 1
5620 63 1
5621 59 1
5622 81 1
5623 63 1
5624 56 1
5625 66 1
5626 58 1
5627 48 1
5628 68 1
5629 61 1
5630 73 1
5631 62 1
5632 61 1
5633 64 1
5634 57 1
5635 61 1
5636 70 1
5637 70 1
5638 62 1
5639 75 1
5640 60 1
5641 60 1
5642 64 1
5643 60 1
5644 67 1
5645 66 1
5646 60 1
5647 51 1
5648 65 1
5649 75 1
5650 53 1
5651 60 1
5652 54 1
5653 68 1
5654 53 1
5655 59 1
5656 60 1
5657 75 1
5658 60 1
5659 57 1
5660 62 1
5661 54 1
5662 54 1
5663 57 1
5664 62 1
5665 62 1
5666 70 1
5667 68 1
5668 68 1
5669 69 1
5670 68 1
5671 93 1
5672 80 1
5673 117 1
5674 97 1
5675 114 1
5676 102 1
5677 101 1
5678 85 1
5679 96 1
5680 83 1
5681 87 1
5682 54 1
5683 67 1
5684 51 1
5685 72 1
5686 59 1
5687 67 1
5688 61 1
5689 60 1
5690 61 1
5691 52 1
5692 62 1
5693 63 1
5694 61 1
5695 41 1
5696 53 1
5697 67 1
5698 67 1
5699 59 1
5700 77 1
5701 77 1
5702 64 1
5703 67 1
5704 77 1
5705 71 1
5706 69 1
5707 77 1
5708 75 1
5709 60 1
5710 69 1
5711 62 1
5712 59 1
5713 63 1
5714 54 1
5715 58 1
5716 64 1
5717 58 1
5718 56 1
5719 52 1
5720 70 1
5721 61 1
5722 58 1
5723 41 1
5724 48 1
5725 53 1
5726 41 1
5727 67 1
5728 58 1
5729 56 1
5730 67 1
5731 48 1
5732 55 1
5733 66 1
5734 54 1
5735 50 1
5736 54 1
5737 55 1
5738 62 1
5739 61 1
5740 62 1
5741 65 1
5742 49 1
5743 66 1
5744 60 1
5745 67 1
5746 63 1
5747 60 1
5748 81 1
5749 59 1
5750 61 1
5751 45 1
5752 58 1
5753 69 1
5754 62 1
5755 65 1
5756 54 1
5757 65 1
5758 69 1
5759 52 1
5760 72 1
5761 64 1
5762 61 1
5763 52 1
5764 68 1
5765 62 1
5766 73 1
5767 55 1
5768 74 1
5769 66 1
5770 43 1
5771 64 1
5772 60 1
5773 63 1
5774 82 1
5775 55 1
5776 52 1
5777 58 1
5778 66 1
5779 65 1
5780 64 1
5781 60 1
5782 60 1
5783 57 1
5784 57 1
5785 61 1
5786 50 1
5787 54 1
5788 48 1
5789 64 1
5790 52 1
5791 62 1
5792 45 1
5793 59 1
5794 52 1
5795 58 1
5796 62 1
5797 67 1
5798 70 1
5799 47 1
5800 52 1
5801 63 1
5802 58 1
5803 62 1
5804 54 1
5805 48 1
5806 62 1
5807 64 1
5808 65 1
5809 58 1
5810 46 1
5811 53 1
5812 50 1
5813 59 1
5814 67 1
5815 67 1
5816 61 1
5817 60 1
5818 61 1
5819 55 1
5820 63 1
5821 53 1
5822 56 1
5823 56 1
5824 52 1
5825 62 1
5826 55 1
5827 54 1
5828 68 1
5829 48 1
5830 70 1
5831 56 1
5832 53 1
5833 46 1
5834 50 1
5835 61 1
5836 48 1
5837 53 1
5838 50 1
5839 44 1
5840 65 1
5841 57 1
5842 50 1
5843 56 1
5844 52 1
5845 51 1
5846 75 1
5847 47 1
5848 64 1
5849 43 1
5850 54 1
5851 71 1
5852 59 1
5853 59 1
5854 48 1
5855 67 1
5856 64 1
5857 61 1
5858 55 1
5859 52 1
5860 61 1
5861 66 1
5862 59 1
5863 42 1
5864 56 1
5865 63 1
5866 58 1
5867 55 1
5868 61 1
5869 66 1
5870 54 1
5871 60 1
5872 69 1
5873 68 1
5874 52 1
5875 51 1
5876 60 1
5877 62 1
5878 74 1
5879 66 1
5880 68 1
5881 69 1
5882 50 1
5883 74 1
5884 61 1
5885 79 1
5886 84 1
5887 109 1
5888 117 1
5889 113 1
5890 146 1
5891 154 1
5892 139 1
5893 149 1
5894 137 1
5895 141 1
5896 121 1
5897 109 1
5898 108 1
5899 79 1
5900 77 1
5901 83 1
5902 70 1
5903 63 1
5904 66 1
5905 73 1
5906 60 1
5907 54 1
5908 53 1
5909 71 1
5910 64 1
5911 52 1
5912 60 1
5913 47 1
5914 50 1
5915 41 1
5916 48 1
5917 59 1
5918 55 1
5919 49 1
5920 64 1
5921 58 1
5922 65 1
5923 58 1
5924 49 1
5925 64 1
5926 61 1
5927 54 1
5928 66 1
5929 50 1
5930 66 1
5931 54 1
5932 52 1
5933 52 1
5934 67 1
5935 58 1
5936 66 1
5937 52 1
5938 49 1
5939 56 1
5940 63 1
5941 67 1
5942 54 1
5943 46 1
5944 53 1
5945 52 1
5946 50 1
5947 64 1
5948 44 1
5949 42 1
5950 58 1
5951 54 1
5952 67 1
5953 48 1
5954 54 1
5955 51 1
5956 57 1
5957 63 1
5958 46 1
5959 54 1
5960 53 1
5961 68 1
5962 57 1
5963 51 1
5964 55 1
5965 51 1
5966 61 1
5967 52 1
5968 69 1
5969 48 1
5970 54 1
5971 57 1
5972 57 1
5973 58 1
5974 51 1
5975 56 1
5976 65 1
5977 43 1
5978 60 1
5979 43 1
5980 42 1
5981 50 1
5982 52 1
5983 47 1
5984 59 1
5985 55 1
5986 52 1
5987 58 1
5988 44 1
5989 53 1
5990 53 1
5991 55 1
5992 61 1
5993 57 1
5994 46 1
5995 67 1
5996 48 1
5997 59 1
5998 50 1
5999 56 1
6000 51 1
6001 57 1
6002 53 1
6003 66 1
6004 58 1
6005 56 1
6006 45 1
6007 61 1
6008 57 1
6009 58 1
6010 46 1
6011 58 1
6012 64 1
6013 47 1
6014 53 1
6015 59 1
6016 48 1
6017 42 1
6018 53 1
6019 52 1
6020 53 1
6021 51 1
6022 40 1
6023 42 1
6024 42 1
6025 64 1
6026 53 1
6027 53 1
6028 50 1
6029 61 1
6030 47 1
6031 51 1
6032 52 1
6033 49 1
6034 48 1
6035 43 1
6036 58 1
6037 45 1
6038 48 1
6039 60 1
6040 50 1
6041 61 1
6042 53 1
6043 51 1
6044 46 1
6045 44 1
6046 47 1
6047 60 1
6048 54 1
6049 55 1
6050 53 1
6051 44 1
6052 54 1
6053 60 1
6054 55 1
6055 59 1
6056 58 1
6057 63 1
6058 57 1
6059 68 1
6060 43 1
6061 60 1
6062 39 1
6063 49 1
6064 45 1
6065 62 1
6066 54 1
6067 59 1
6068 44 1
6069 65 1
6070 45 1
6071 46 1
6072 57 1
6073 67 1
6074 44 1
6075 60 1
6076 57 1
6077 58 1
6078 65 1
6079 57 1
6080 44 1
6081 63 1
6082 50 1
6083 57 1
6084 53 1
6085 55 1
6086 51 1
6087 53 1
6088 39 1
6089 44 1
6090 44 1
6091 43 1
6092 41 1
6093 51 1
6094 51 1
6095 57 1
6096 60 1
6097 47 1
6098 35 1
6099 39 1
6100 53 1
6101 40 1
6102 50 1
6103 59 1
6104 46 1
6105 53 1
6106 52 1
6107 60 1
6108 47 1
6109 55 1
6110 49 1
6111 59 1
6112 46 1
6113 52 1
6114 48 1
6115 48 1
6116 49 1
6117 43 1
6118 41 1
6119 59 1
6120 46 1
6121 63 1
6122 40 1
6123 44 1
6124 52 1
6125 67 1
6126 52 1
6127 43 1
6128 57 1
6129 54 1
6130 52 1
6131 53 1
6132 57 1
6133 63 1
6134 56 1
6135 56 1
6136 53 1
6137 39 1
6138 51 1
6139 40 1
6140 62 1
6141 66 1
6142 51 1
6143 52 1
6144 59 1
6145 53 1
6146 47 1
6147 37 1
6148 53 1
6149 53 1
6150 49 1
6151 61 1
6152 47 1
6153 51 1
6154 45 1
6155 46 1
6156 51 1
6157 47 1
6158 56 1
6159 57 1
6160 49 1
6161 39 1
6162 59 1
6163 53 1
6164 46 1
6165 74 1
6166 51 1
6167 58 1
6168 46 1
6169 52 1
6170 52 1
6171 57 1
6172 36 1
6173 39 1
6174 46 1
6175 48 1
6176 47 1
6177 53 1
6178 47 1
6179 51 1
6180 33 1
6181 52 1
6182 46 1
6183 49 1
6184 47 1
6185 52 1
6186 47 1
6187 62 1
6188 60 1
6189 75 1
6190 68 1
6191 80 1
6192 77 1
6193 80 1
6194 73 1
6195 86 1
6196 78 1
6197 75 1
6198 67 1
6199 48 1
6200 47 1
6201 49 1
6202 58 1
6203 50 1
6204 46 1
6205 37 1
6206 44 1
6207 49 1
6208 48 1
6209 47 1
6210 53 1
6211 56 1
6212 49 1
6213 43 1
6214 50 1
6215 45 1
6216 65 1
6217 44 1
6218 54 1
6219 65 1
6220 37 1
6221 39 1
6222 45 1
6223 46 1
6224 53 1
6225 46 1
6226 43 1
6227 42 1
6228 51 1
6229 58 1
6230 54 1
6231 55 1
6232 49 1
6233 49 1
6234 39 1
6235 55 1
6236 57 1
6237 51 1
6238 52 1
6239 42 1
6240 65 1
6241 49 1
6242 49 1
6243 58 1
6244 44 1
6245 46 1
6246 57 1
6247 55 1
6248 54 1
6249 51 1
6250 63 1
6251 48 1
6252 39 1
6253 50 1
6254 59 1
6255 47 1
6256 52 1
6257 43 1
6258 42 1
6259 58 1
6260 46 1
6261 55 1
6262 42 1
6263 54 1
6264 48 1
6265 49 1
6266 43 1
6267 54 1
6268 42 1
6269 47 1
6270 49 1
6271 55 1
6272 46 1
6273 49 1
6274 49 1
6275 44 1
6276 53 1
6277 58 1
6278 62 1
6279 49 1
6280 50 1
6281 40 1
6282 54 1
6283 51 1
6284 47 1
6285 39 1
6286 49 1
6287 44 1
6288 51 1
6289 42 1
6290 42 1
6291 59 1
6292 65 1
6293 61 1
6294 72 1
6295 63 1
6296 62 1
6297 71 1
6298 65 1
6299 79 1
6300 72 1
6301 67 1
6302 53 1
6303 56 1
6304 61 1
6305 69 1
6306 47 1
6307 33 1
6308 48 1
6309 54 1
6310 49 1
6311 51 1
6312 43 1
6313 49 1
6314 52 1
6315 61 1
6316 49 1
6317 46 1
6318 48 1
6319 53 1
6320 50 1
6321 45 1
6322 58 1
6323 38 1
6324 37 1
6325 51 1
6326 51 1
6327 39 1
6328 54 1
6329 48 1
6330 34 1
6331 42 1
6332 55 1
6333 32 1
6334 46 1
6335 35 1
6336 37 1
6337 38 1
6338 50 1
6339 38 1
6340 61 1
6341 49 1
6342 60 1
6343 56 1
6344 46 1
6345 48 1
6346 55 1
6347 36 1
6348 43 1
6349 43 1
6350 53 1
6351 39 1
6352 37 1
6353 47 1
6354 56 1
6355 53 1
6356 53 1
6357 61 1
6358 43 1
6359 50 1
6360 41 1
6361 49 1
6362 49 1
6363 47 1
6364 54 1
6365 49 1
6366 43 1
6367 50 1
6368 46 1
6369 59 1
6370 52 1
6371 51 1
6372 45 1
6373 58 1
6374 45 1
6375 42 1
6376 54 1
6377 50 1
6378 50 1
6379 46 1
6380 54 1
6381 50 1
6382 48 1
6383 45 1
6384 45 1
6385 47 1
6386 46 1
6387 48 1
6388 52 1
6389 45 1
6390 44 1
6391 48 1
6392 59 1
6393 53 1
6394 46 1
6395 50 1
6396 39 1
6397 49 1
6398 40 1
6399 46 1
6400 46 1
6401 53 1
6402 45 1
6403 54 1
6404 45 1
6405 48 1
6406 52 1
6407 40 1
6408 50 1
6409 45 1
6410 38 1
6411 36 1
6412 38 1
6413 39 1
6414 46 1
6415 41 1
6416 43 1
6417 48 1
6418 44 1
6419 56 1
6420 54 1
6421 53 1
6422 54 1
6423 54 1
6424 48 1
6425 51 1
6426 48 1
6427 47 1
6428 53 1
6429 48 1
6430 51 1
6431 55 1
6432 36 1
6433 43 1
6434 39 1
6435 47 1
6436 46 1
6437 45 1
6438 38 1
6439 47 1
6440 39 1
6441 33 1
6442 48 1
6443 49 1
6444 43 1
6445 42 1
6446 50 1
6447 48 1
6448 50 1
6449 47 1
6450 59 1
6451 53 1
6452 58 1
6453 55 1
6454 48 1
6455 59 1
6456 44 1
6457 38 1
6458 40 1
6459 43 1
6460 46 1
6461 57 1
6462 44 1
6463 54 1
6464 58 1
6465 38 1
6466 59 1
6467 55 1
6468 41 1
6469 57 1
6470 44 1
6471 48 1
6472 42 1
6473 47 1
6474 43 1
6475 54 1
6476 47 1
6477 57 1
6478 44 1
6479 38 1
6480 54 1
6481 41 1
6482 34 1
6483 45 1
6484 42 1
6485 50 1
6486 60 1
6487 38 1
6488 54 1
6489 61 1
6490 38 1
6491 34 1
6492 55 1
6493 60 1
6494 47 1
6495 64 1
6496 62 1
6497 50 1
6498 60 1
6499 53 1
6500 64 1
6501 68 1
6502 53 1
6503 54 1
6504 68 1
6505 54 1
6506 53 1
6507 57 1
6508 53 1
6509 59 1
6510 62 1
6511 40 1
6512 39 1
6513 46 1
6514 41 1
6515 41 1
6516 52 1
6517 55 1
6518 45 1
6519 31 1
6520 41 1
6521 41 1
6522 39 1
6523 45 1
6524 36 1
6525 46 1
6526 51 1
6527 55 1
6528 48 1
6529 47 1
6530 47 1
6531 57 1
6532 56 1
6533 43 1
6534 51 1
6535 42 1
6536 56 1
6537 47 1
6538 52 1
6539 50 1
6540 46 1
6541 53 1
6542 54 1
6543 47 1
6544 48 1
6545 43 1
6546 33 1
6547 45 1
6548 43 1
6549 44 1
6550 51 1
6551 57 1
6552 49 1
6553 51 1
6554 40 1
6555 57 1
6556 45 1
6557 51 1
6558 44 1
6559 54 1
6560 42 1
6561 53 1
6562 49 1
6563 54 1
6564 50 1
6565 59 1
6566 47 1
6567 44 1
6568 42 1
6569 48 1
6570 29 1
6571 48 1
6572 50 1
6573 51 1
6574 45 1
6575 47 1
6576 50 1
6577 43 1
6578 60 1
6579 64 1
6580 67 1
6581 93 1
6582 95 1
6583 137 1
6584 158 1
6585 220 1
6586 321 1
6587 397 1
6588 572 1
6589 688 1
6590 885 1
6591 1052 1
6592 1190 1
6593 1261 1
6594 1351 1
6595 1315 1
6596 1255 1
6597 1130 1
6598 1008 1
6599 817 1
6600 586 1
6601 470 1
6602 285 1
6603 213 1
6604 154 1
6605 114 1
6606 61 1
6607 70 1
6608 69 1
6609 46 1
6610 52 1
6611 57 1
6612 51 1
6613 53 1
6614 51 1
6615 38 1
6616 54 1
6617 55 1
6618 56 1
6619 52 1
6620 46 1
6621 62 1
6622 49 1
6623 45 1
6624 56 1
6625 52 1
6626 45 1
6627 51 1
6628 45 1
6629 48 1
6630 59 1
6631 43 1
6632 59 1
6633 36 1
6634 52 1
6635 46 1
6636 58 1
6637 48 1
6638 53 1
6639 68 1
6640 53 1
6641 49 1
6642 46 1
6643 43 1
6644 41 1
6645 33 1
6646 41 1
6647 42 1
6648 44 1
6649 42 1
6650 50 1
6651 51 1
6652 44 1
6653 46 1
6654 44 1
6655 49 1
6656 36 1
6657 56 1
6658 49 1
6659 36 1
6660 35 1
6661 42 1
6662 64 1
6663 43 1
6664 46 1
6665 48 1
6666 59 1
6667 52 1
6668 57 1
6669 49 1
6670 68 1
6671 76 1
6672 75 1
6673 54 1
6674 64 1
6675 65 1
6676 59 1
6677 64 1
6678 52 1
6679 59 1
6680 55 1
6681 50 1
6682 46 1
6683 41 1
6684 41 1
6685 45 1
6686 51 1
6687 50 1
6688 46 1
6689 52 1
6690 44 1
6691 47 1
6692 46 1
6693 43 1
6694 41 1
6695 46 1
6696 51 1
6697 50 1
6698 49 1
6699 47 1
6700 47 1
6701 48 1
6702 52 1
6703 46 1
6704 41 1
6705 45 1
6706 41 1
6707 43 1
6708 42 1
6709 40 1
6710 48 1
6711 45 1
6712 44 1
6713 42 1
6714 43 1
6715 45 1
6716 36 1
6717 40 1
6718 45 1
6719 46 1
6720 45 1
6721 36 1
6722 46 1
6723 39 1
6724 64 1
6725 48 1
6726 39 1
6727 48 1
6728 52 1
6729 41 1
6730 35 1
6731 43 1
6732 41 1
6733 47 1
6734 46 1
6735 46 1
6736 43 1
6737 46 1
6738 56 1
6739 42 1
6740 59 1
6741 38 1
6742 37 1
6743 45 1
6744 46 1
6745 44 1
6746 50 1
6747 55 1
6748 52 1
6749 54 1
6750 56 1
6751 60 1
6752 60 1
6753 53 1
6754 48 1
6755 46 1
6756 43 1
6757 37 1
6758 42 1
6759 51 1
6760 50 1
6761 39 1
6762 43 1
6763 41 1
6764 52 1
6765 37 1
6766 35 1
6767 62 1
6768 51 1
6769 50 1
6770 43 1
6771 52 1
6772 48 1
6773 47 1
6774 45 1
6775 45 1
6776 40 1
6777 51 1
6778 53 1
6779 52 1
6780 37 1
6781 40 1
6782 64 1
6783 45 1
6784 39 1
6785 53 1
6786 62 1
6787 50 1
6788 53 1
6789 64 1
6790 71 1
6791 74 1
6792 71 1
6793 87 1
6794 106 1
6795 132 1
6796 162 1
6797 160 1
6798 179 1
6799 181 1
6800 180 1
6801 175 1
6802 164 1
6803 168 1
6804 126 1
6805 117 1
6806 103 1
6807 80 1
6808 86 1
6809 69 1
6810 47 1
6811 53 1
6812 46 1
6813 53 1
6814 51 1
6815 54 1
6816 44 1
6817 42 1
6818 46 1
6819 46 1
6820 38 1
6821 58 1
6822 39 1
6823 40 1
6824 41 1
6825 53 1
6826 57 1
6827 49 1
6828 42 1
6829 55 1
6830 38 1
6831 40 1
6832 51 1
6833 42 1
6834 46 1
6835 52 1
6836 45 1
6837 40 1
6838 51 1
6839 43 1
6840 43 1
6841 45 1
6842 48 1
6843 50 1
6844 58 1
6845 49 1
6846 54 1
6847 34 1
6848 52 1
6849 48 1
6850 48 1
6851 40 1
6852 37 1
6853 44 1
6854 42 1
6855 36 1
6856 39 1
6857 33 1
6858 41 1
6859 55 1
6860 43 1
6861 38 1
6862 33 1
6863 52 1
6864 41 1
6865 39 1
6866 48 1
6867 48 1
6868 53 1
6869 49 1
6870 43 1
6871 44 1
6872 51 1
6873 40 1
6874 45 1
6875 48 1
6876 37 1
6877 33 1
6878 32 1
6879 41 1
6880 37 1
6881 50 1
6882 32 1
6883 40 1
6884 36 1
6885 48 1
6886 46 1
6887 42 1
6888 46 1
6889 47 1
6890 45 1
6891 37 1
6892 48 1
6893 54 1
6894 46 1
6895 43 1
6896 49 1
6897 52 1
6898 41 1
6899 32 1
6900 41 1
6901 50 1
6902 44 1
6903 64 1
6904 44 1
6905 46 1
6906 54 1
6907 44 1
6908 41 1
6909 51 1
6910 46 1
6911 49 1
6912 47 1
6913 48 1
6914 45 1
6915 39 1
6916 32 1
6917 37 1
6918 47 1
6919 29 1
6920 41 1
6921 57 1
6922 49 1
6923 48 1
6924 45 1
6925 46 1
6926 37 1
6927 49 1
6928 49 1
6929 36 1
6930 51 1
6931 36 1
6932 49 1
6933 39 1
6934 52 1
6935 45 1
6936 49 1
6937 35 1
6938 39 1
6939 50 1
6940 41 1
6941 47 1
6942 33 1
6943 50 1
6944 49 1
6945 37 1
6946 47 1
6947 51 1
6948 50 1
6949 42 1
6950 56 1
6951 42 1
6952 57 1
6953 55 1
6954 71 1
6955 55 1
6956 63 1
6957 67 1
6958 64 1
6959 63 1
6960 59 1
6961 68 1
6962 58 1
6963 55 1
6964 70 1
6965 45 1
6966 38 1
6967 51 1
6968 44 1
6969 42 1
6970 44 1
6971 38 1
6972 44 1
6973 40 1
6974 38 1
6975 38 1
6976 43 1
6977 33 1
6978 52 1
6979 38 1
6980 40 1
6981 35 1
6982 46 1
6983 41 1
6984 47 1
6985 45 1
6986 42 1
6987 43 1
6988 45 1
6989 38 1
6990 38 1
6991 36 1
6992 48 1
6993 44 1
6994 50 1
6995 37 1
6996 42 1
6997 33 1
6998 34 1
6999 46 1
7000 43 1
7001 38 1
7002 54 1
7003 40 1
7004 49 1
7005 33 1
7006 39 1
7007 44 1
7008 36 1
7009 50 1
7010 35 1
7011 44 1
7012 41 1
7013 44 1
7014 44 1
7015 38 1
7016 42 1
7017 45 1
7018 41 1
7019 45 1
7020 37 1
7021 42 1
7022 41 1
7023 41 1
7024 41 1
7025 37 1
7026 45 1
7027 48 1
7028 34 1
7029 48 1
7030 36 1
7031 32 1
7032 42 1
7033 51 1
7034 39 1
7035 48 1
7036 37 1
7037 42 1
7038 42 1
7039 34 1
7040 40 1
7041 54 1
7042 36 1
7043 47 1
7044 42 1
7045 42 1
7046 42 1
7047 41 1
7048 38 1
7049 43 1
7050 33 1
7051 42 1
7052 35 1
7053 36 1
7054 41 1
7055 46 1
7056 38 1
7057 45 1
7058 34 1
7059 40 1
7060 47 1
7061 51 1
7062 37 1
7063 42 1
7064 36 1
7065 34 1
7066 31 1
7067 35 1
7068 44 1
7069 39 1
7070 24 1
7071 48 1
7072 26 1
7073 45 1
7074 36 1
7075 48 1
7076 35 1
7077 41 1
7078 38 1
7079 42 1
7080 37 1
7081 40 1
7082 38 1
7083 50 1
7084 42 1
7085 40 1
7086 48 1
7087 34 1
7088 42 1
7089 41 1
7090 33 1
7091 36 1
7092 41 1
7093 39 1
7094 34 1
7095 42 1
7096 53 1
7097 37 1
7098 40 1
7099 41 1
7100 52 1
7101 50 1
7102 56 1
7103 63 1
7104 53 1
7105 76 1
7106 73 1
7107 69 1
7108 61 1
7109 73 1
7110 60 1
7111 77 1
7112 68 1
7113 58 1
7114 46 1
7115 50 1
7116 45 1
7117 43 1
7118 50 1
7119 36 1
7120 41 1
7121 48 1
7122 41 1
7123 33 1
7124 31 1
7125 32 1
7126 41 1
7127 34 1
7128 34 1
7129 34 1
7130 47 1
7131 36 1
7132 33 1
7133 38 1
7134 45 1
7135 39 1
7136 53 1
7137 42 1
7138 36 1
7139 38 1
7140 48 1
7141 46 1
7142 46 1
7143 53 1
7144 42 1
7145 39 1
7146 37 1
7147 45 1
7148 43 1
7149 40 1
7150 42 1
7151 45 1
7152 44 1
7153 41 1
7154 38 1
7155 36 1
7156 30 1
7157 44 1
7158 36 1
7159 33 1
7160 35 1
7161 41 1
7162 43 1
7163 37 1
7164 39 1
7165 45 1
7166 45 1
7167 44 1
7168 37 1
7169 40 1
7170 38 1
7171 54 1
7172 39 1
7173 33 1
7174 47 1
7175 38 1
7176 48 1
7177 46 1
7178 48 1
7179 41 1
7180 36 1
7181 50 1
7182 33 1
7183 41 1
7184 37 1
7185 47 1
7186 47 1
7187 47 1
7188 29 1
7189 38 1
7190 61 1
7191 57 1
7192 40 1
7193 37 1
7194 39 1
7195 44 1
7196 36 1
7197 35 1
7198 36 1
7199 39 1
7200 35 1
7201 40 1
7202 41 1
7203 35 1
7204 47 1
7205 43 1
7206 41 1
7207 32 1
7208 44 1
7209 38 1
7210 51 1
7211 41 1
7212 38 1
7213 42 1
7214 52 1
7215 46 1
7216 38 1
7217 38 1
7218 31 1
7219 30 1
7220 43 1
7221 35 1
7222 30 1
7223 37 1
7224 48 1
7225 42 1
7226 38 1
7227 42 1
7228 46 1
7229 47 1
7230 46 1
7231 30 1
7232 49 1
7233 40 1
7234 44 1
7235 35 1
7236 36 1
7237 43 1
7238 44 1
7239 34 1
7240 36 1
7241 34 1
7242 36 1
7243 46 1
7244 44 1
7245 46 1
7246 46 1
7247 39 1
7248 45 1
7249 46 1
7250 44 1
7251 49 1
7252 41 1
7253 36 1
7254 29 1
7255 39 1
7256 39 1
7257 35 1
7258 43 1
7259 48 1
7260 38 1
7261 33 1
7262 36 1
7263 40 1
7264 49 1
7265 36 1
7266 33 1
7267 36 1
7268 40 1
7269 35 1
7270 50 1
7271 44 1
7272 43 1
7273 49 1
7274 58 1
7275 56 1
7276 60 1
7277 93 1
7278 100 1
7279 137 1
7280 142 1
7281 170 1
7282 242 1
7283 288 1
7284 349 1
7285 415 1
7286 407 1
7287 479 1
7288 486 1
7289 462 1
7290 458 1
7291 378 1
7292 346 1
7293 300 1
7294 233 1
7295 185 1
7296 135 1
7297 88 1
7298 80 1
7299 64 1
7300 46 1
7301 54 1
7302 52 1
7303 47 1
7304 32 1
7305 32 1
7306 41 1
7307 30 1
7308 36 1
7309 32 1
7310 43 1
7311 36 1
7312 41 1
7313 30 1
7314 48 1
7315 28 1
7316 34 1
7317 37 1
7318 32 1
7319 40 1
7320 38 1
7321 35 1
7322 31 1
7323 49 1
7324 36 1
7325 48 1
7326 41 1
7327 44 1
7328 40 1
7329 33 1
7330 33 1
7331 43 1
7332 48 1
7333 35 1
7334 38 1
7335 41 1
7336 38 1
7337 28 1
7338 43 1
7339 43 1
7340 38 1
7341 45 1
7342 39 1
7343 38 1
7344 41 1
7345 42 1
7346 36 1
7347 43 1
7348 41 1
7349 45 1
7350 42 1
7351 31 1
7352 38 1
7353 36 1
7354 30 1
7355 29 1
7356 37 1
7357 48 1
7358 29 1
7359 33 1
7360 32 1
7361 38 1
7362 35 1
7363 47 1
7364 47 1
7365 41 1
7366 51 1
7367 49 1
7368 60 1
7369 42 1
7370 46 1
7371 47 1
7372 51 1
7373 49 1
7374 57 1
7375 56 1
7376 53 1
7377 53 1
7378 60 1
7379 54 1
7380 53 1
7381 51 1
7382 58 1
7383 46 1
7384 47 1
7385 44 1
7386 43 1
7387 42 1
7388 47 1
7389 47 1
7390 40 1
7391 39 1
7392 24 1
7393 34 1
7394 39 1
7395 34 1
7396 49 1
7397 45 1
7398 31 1
7399 51 1
7400 32 1
7401 39 1
7402 41 1
7403 35 1
7404 44 1
7405 45 1
7406 38 1
7407 41 1
7408 32 1
7409 36 1
7410 25 1
7411 39 1
7412 27 1
7413 43 1
7414 40 1
7415 49 1
7416 28 1
7417 37 1
7418 43 1
7419 43 1
7420 27 1
7421 33 1
7422 38 1
7423 51 1
7424 48 1
7425 39 1
7426 29 1
7427 31 1
7428 41 1
7429 34 1
7430 34 1
7431 35 1
7432 28 1
7433 30 1
7434 33 1
7435 31 1
7436 40 1
7437 51 1
7438 29 1
7439 35 1
7440 30 1
7441 34 1
7442 30 1
7443 32 1
7444 41 1
7445 38 1
7446 37 1
7447 39 1
7448 33 1
7449 32 1
7450 33 1
7451 36 1
7452 27 1
7453 34 1
7454 26 1
7455 27 1
7456 43 1
7457 44 1
7458 29 1
7459 39 1
7460 22 1
7461 32 1
7462 32 1
7463 33 1
7464 39 1
7465 35 1
7466 39 1
7467 34 1
7468 38 1
7469 41 1
7470 45 1
7471 38 1
7472 43 1
7473 35 1
7474 23 1
7475 37 1
7476 31 1
7477 36 1
7478 42 1
7479 37 1
7480 33 1
7481 34 1
7482 41 1
7483 50 1
7484 43 1
7485 37 1
7486 25 1
7487 41 1
7488 33 1
7489 38 1
7490 30 1
7491 24 1
7492 35 1
7493 23 1
7494 33 1
7495 33 1
7496 34 1
7497 36 1
7498 46 1
7499 50 1
7500 35 1
7501 43 1
7502 38 1
7503 28 1
7504 41 1
7505 33 1
7506 23 1
7507 43 1
7508 38 1
7509 32 1
7510 32 1
7511 29 1
7512 28 1
7513 35 1
7514 35 1
7515 27 1
7516 31 1
7517 38 1
7518 45 1
7519 25 1
7520 33 1
7521 33 1
7522 41 1
7523 32 1
7524 29 1
7525 48 1
7526 40 1
7527 36 1
7528 50 1
7529 38 1
7530 59 1
7531 58 1
7532 45 1
7533 77 1
7534 89 1
7535 103 1
7536 95 1
7537 103 1
7538 127 1
7539 139 1
7540 135 1
7541 141 1
7542 131 1
7543 132 1
7544 127 1
7545 93 1
7546 68 1
7547 65 1
7548 56 1
7549 39 1
7550 50 1
7551 39 1
7552 39 1
7553 48 1
7554 43 1
7555 39 1
7556 31 1
7557 39 1
7558 37 1
7559 34 1
7560 34 1
7561 34 1
7562 30 1
7563 36 1
7564 37 1
7565 37 1
7566 38 1
7567 39 1
7568 31 1
7569 32 1
7570 34 1
7571 37 1
7572 26 1
7573 37 1
7574 44 1
7575 28 1
7576 42 1
7577 42 1
7578 26 1
7579 40 1
7580 33 1
7581 29 1
7582 25 1
7583 41 1
7584 37 1
7585 40 1
7586 36 1
7587 29 1
7588 33 1
7589 32 1
7590 43 1
7591 32 1
7592 37 1
7593 28 1
7594 34 1
7595 44 1
7596 48 1
7597 33 1
7598 39 1
7599 24 1
7600 33 1
7601 34 1
7602 25 1
7603 37 1
7604 23 1
7605 31 1
7606 41 1
7607 34 1
7608 41 1
7609 32 1
7610 41 1
7611 36 1
7612 34 1
7613 39 1
7614 33 1
7615 36 1
7616 39 1
7617 32 1
7618 40 1
7619 25 1
7620 27 1
7621 26 1
7622 31 1
7623 25 1
7624 30 1
7625 31 1
7626 33 1
7627 33 1
7628 42 1
7629 34 1
7630 33 1
7631 33 1
7632 28 1
7633 30 1
7634 27 1
7635 26 1
7636 30 1
7637 36 1
7638 39 1
7639 32 1
7640 30 1
7641 24 1
7642 29 1
7643 30 1
7644 30 1
7645 31 1
7646 23 1
7647 24 1
7648 29 1
7649 26 1
7650 30 1
7651 33 1
7652 34 1
7653 28 1
7654 27 1
7655 38 1
7656 31 1
7657 28 1
7658 34 1
7659 32 1
7660 41 1
7661 31 1
7662 32 1
7663 30 1
7664 40 1
7665 32 1
7666 34 1
7667 33 1
7668 39 1
7669 45 1
7670 36 1
7671 46 1
7672 29 1
7673 40 1
7674 47 1
7675 31 1
7676 44 1
7677 35 1
7678 36 1
7679 34 1
7680 38 1
7681 29 1
7682 48 1
7683 39 1
7684 35 1
7685 29 1
7686 45 1
7687 25 1
7688 26 1
7689 34 1
7690 41 1
7691 42 1
7692 28 1
7693 41 1
7694 36 1
7695 35 1
7696 41 1
7697 30 1
7698 34 1
7699 41 1
7700 38 1
7701 34 1
7702 37 1
7703 27 1
7704 35 1
7705 32 1
7706 36 1
7707 37 1
7708 42 1
7709 33 1
7710 30 1
7711 36 1
7712 24 1
7713 29 1
7714 30 1
7715 37 1
7716 36 1
7717 39 1
7718 35 1
7719 32 1
7720 28 1
7721 40 1
7722 26 1
7723 33 1
7724 37 1
7725 38 1
7726 33 1
7727 33 1
7728 33 1
7729 26 1
7730 34 1
7731 30 1
7732 29 1
7733 44 1
7734 38 1
7735 26 1
7736 44 1
7737 36 1
7738 32 1
7739 34 1
7740 35 1
7741 38 1
7742 35 1
7743 39 1
7744 29 1
7745 32 1
7746 38 1
7747 32 1
7748 43 1
7749 33 1
7750 39 1
7751 42 1
7752 37 1
7753 33 1
7754 46 1
7755 44 1
7756 33 1
7757 37 1
7758 25 1
7759 37 1
7760 28 1
7761 46 1
7762 27 1
7763 49 1
7764 28 1
7765 30 1
7766 39 1
7767 32 1
7768 35 1
7769 51 1
7770 34 1
7771 34 1
7772 31 1
7773 30 1
7774 36 1
7775 41 1
7776 36 1
7777 44 1
7778 46 1
7779 27 1
7780 37 1
7781 36 1
7782 30 1
7783 26 1
7784 41 1
7785 34 1
7786 31 1
7787 38 1
7788 29 1
7789 43 1
7790 28 1
7791 30 1
7792 27 1
7793 33 1
7794 37 1
7795 32 1
7796 38 1
7797 27 1
7798 34 1
7799 32 1
7800 30 1
7801 30 1
7802 31 1
7803 34 1
7804 34 1
7805 36 1
7806 41 1
7807 29 1
7808 37 1
7809 35 1
7810 39 1
7811 29 1
7812 28 1
7813 23 1
7814 35 1
7815 32 1
7816 35 1
7817 39 1
7818 46 1
7819 46 1
7820 33 1
7821 28 1
7822 27 1
7823 43 1
7824 42 1
7825 51 1
7826 33 1
7827 25 1
7828 38 1
7829 32 1
7830 29 1
7831 39 1
7832 32 1
7833 31 1
7834 32 1
7835 36 1
7836 31 1
7837 19 1
7838 45 1
7839 23 1
7840 28 1
7841 33 1
7842 41 1
7843 28 1
7844 35 1
7845 35 1
7846 36 1
7847 38 1
7848 44 1
7849 36 1
7850 35 1
7851 31 1
7852 32 1
7853 26 1
7854 29 1
7855 29 1
7856 40 1
7857 28 1
7858 42 1
7859 34 1
7860 34 1
7861 46 1
7862 35 1
7863 32 1
7864 29 1
7865 33 1
7866 32 1
7867 46 1
7868 22 1
7869 35 1
7870 25 1
7871 31 1
7872 31 1
7873 29 1
7874 29 1
7875 37 1
7876 43 1
7877 28 1
7878 28 1
7879 29 1
7880 33 1
7881 40 1
7882 28 1
7883 42 1
7884 33 1
7885 29 1
7886 32 1
7887 28 1
7888 33 1
7889 43 1
7890 27 1
7891 45 1
7892 30 1
7893 33 1
7894 33 1
7895 33 1
7896 35 1
7897 45 1
7898 32 1
7899 42 1
7900 39 1
7901 41 1
7902 39 1
7903 29 1
7904 26 1
7905 30 1
7906 35 1
7907 36 1
7908 23 1
7909 28 1
7910 29 1
7911 32 1
7912 26 1
7913 38 1
7914 27 1
7915 34 1
7916 36 1
7917 32 1
7918 38 1
7919 42 1
7920 38 1
7921 31 1
7922 36 1
7923 33 1
7924 33 1
7925 33 1
7926 29 1
7927 38 1
7928 26 1
7929 41 1
7930 37 1
7931 29 1
7932 35 1
7933 34 1
7934 28 1
7935 36 1
7936 29 1
7937 29 1
7938 36 1
7939 35 1
7940 37 1
7941 27 1
7942 40 1
7943 29 1
7944 29 1
7945 25 1
7946 37 1
7947 33 1
7948 41 1
7949 35 1
7950 29 1
7951 31 1
7952 48 1
7953 38 1
7954 25 1
7955 36 1
7956 27 1
7957 33 1
7958 32 1
7959 31 1
7960 44 1
7961 40 1
7962 30 1
7963 40 1
7964 33 1
7965 38 1
7966 32 1
7967 32 1
7968 37 1
7969 35 1
7970 31 1
7971 29 1
7972 38 1
7973 34 1
7974 23 1
7975 37 1
7976 25 1
7977 43 1
7978 37 1
7979 22 1
7980 29 1
7981 44 1
7982 38 1
7983 25 1
7984 38 1
7985 32 1
7986 25 1
7987 31 1
7988 38 1
7989 33 1
7990 30 1
7991 32 1
7992 27 1
7993 32 1
7994 25 1
7995 32 1
7996 27 1
7997 40 1
7998 35 1
7999 42 1
8000 31 1
8001 27 1
8002 23 1
8003 28 1
8004 41 1
8005 28 1
8006 25 1
8007 30 1
8008 31 1
8009 25 1
8010 26 1
8011 33 1
8012 26 1
8013 41 1
8014 31 1
8015 51 1
8016 36 1
8017 33 1
8018 41 1
8019 38 1
8020 36 1
8021 33 1
8022 42 1
8023 51 1
8024 33 1
8025 30 1
8026 35 1
8027 32 1
8028 30 1
8029 39 1
8030 42 1
8031 26 1
8032 31 1
8033 33 1
8034 40 1
8035 31 1
8036 26 1
8037 26 1
8038 32 1
8039 24 1
8040 39 1
8041 28 1
8042 20 1
8043 38 1
8044 31 1
8045 31 1
8046 37 1
8047 35 1
8048 34 1
8049 37 1
8050 34 1
8051 31 1
8052 38 1
8053 33 1
8054 33 1
8055 37 1
8056 25 1
8057 27 1
8058 47 1
8059 43 1
8060 28 1
8061 42 1
8062 32 1
8063 32 1
8064 0 1
8065 0 1
8066 0 1
8067 0 1
8068 0 1
8069 0 1
8070 0 1
8071 0 1
8072 0 1
8073 0 1
8074 0 0
8075 0 0
8076 0 0
8077 0 0
8078 0 0
8079 0 0
8080 0 0
8081 0 0
8082 0 0
8083 0 0
8084 0 0
8085 0 0
8086 0 0
8087 0 0
8088 0 0
8089 0 0
8090 0 0
8091 0 0
8092 0 0
8093 0 0
8094 0 0
8095 0 0
8096 0 0
8097 0 0
8098 0 0
8099 0 0
8100 0 0
8101 0 0
8102 0 0
8103 0 0
8104 0 0
8105 0 0
8106 0 0
8107 0 0
8108 0 0
8109 0 0
8110 0 0
8111 0 0
8112 0 0
8113 0 0
8114 0 0
8115 0 0
8116 0 0
8117 0 0
8118 0 0
8119 0 0
8120 0 0
8121 0 0
8122 0 0
8123 0 0
8124 0 0
8125 0 0
8126 0 0
8127 0 0
8128 0 0
8129 0 0
8130 0 0
8131 0 0
8132 0 0
8133 0 0
8134 0 0
8135 0 0
8136 0 0
8137 0 0
8138 0 0
8139 0 0
8140 0 0
8141 0 0
8142 0 0
8143 0 0
8144 0 0
8145 0 0
8146 0 0
8147 0 0
8148 0 0
8149 0 0
8150 0 0
8151 0 0
8152 0 0
8153 0 0
8154 0 0
8155 0 0
8156 0 0
8157 0 0
8158 0 0
8159 0 0
8160 0 0
8161 0 0
8162 0 0
8163 0 0
8164 0 0
8165 0 0
8166 0 0
8167 0 0
8168 0 0
8169 0 0
8170 0 0
8171 0 0
8172 0 0
8173 0 0
8174 0 0
8175 0 0
8176 0 0
8177 0 0
8178 0 0
8179 0 0
8180 0 0
8181 0 0
8182 0 0
8183 0 0
8184 0 0
8185 0 0
8186 0 0
8187 0 0
8188 0 0
8189 0 0
8190 0 0
8191 0 0
