0.365032
0.370034
0.375115
0.380275
0.385517
0.390842
0.396251
0.401747
0.40733
0.413002
0.418766
0.424621
0.430572
0.436618
0.442762
0.449006
0.455352
0.461801
0.468355
0.475017
0.481788
0.48867
0.495666
0.502778
0.510007
0.517357
0.524828
0.532425
0.540148
0.548001
0.555985
0.564104
0.57236
0.580755
0.589293
0.597975
0.606805
0.615786
0.62492
0.634211
0.643661
0.653273
0.663052
0.672999
0.683119
0.693414
0.703888
0.714546
0.725389
0.736423
0.747651
0.759076
0.770703
0.782536
0.79458
0.806838
0.819314
0.832015
0.844943
0.858105
0.871504
0.885147
0.899037
0.913182
0.927586
0.942254
0.957194
0.972411
0.987911
1.0037
1.01979
1.03618
1.05288
1.0699
1.08724
1.10492
1.12294
1.14131
1.16005
1.17915
1.19863
1.2185
1.23876
1.25944
1.28054
1.30208
1.32405
1.34649
1.3694
1.3928
1.41669
1.44111
1.46605
1.49155
1.51761
1.54425
1.5715
1.59938
1.6279
1.65709
1.68697
1.71756
1.7489
1.78101
1.81391
1.84764
1.88222
1.9177
1.9541
1.99147
2.02983
2.06923
2.10971
2.15132
2.1941
2.2381
2.28337
2.32997
2.37794
2.42736
2.47828
2.53078
2.58491
2.64074
2.69837
2.75786
2.8193
2.88278
2.94839
3.01622
3.08638
3.15898
3.23412
3.31192
3.39251
3.47601
3.56256
3.65229
3.74537
3.84193
3.94214
4.04617
4.15419
4.2664
4.38297
4.50412
4.63006
4.76099
4.89716
5.0388
5.18615
5.33948
5.49905
5.66516
5.83808
6.01813
6.20562
6.40087
6.60425
6.81608
7.03676
7.26665
7.50616
7.7557
8.01569
8.28658
8.56883
8.8629
9.1693
9.48853
9.82111
10.1676
10.5285
10.9045
11.2961
11.7039
12.1286
12.5708
13.0312
13.5106
14.0095
14.5287
15.069
15.6312
16.216
16.8242
17.4567
18.1143
18.7979
19.5084
20.2467
21.0137
21.8104
22.6376
23.4965
24.388
25.3132
26.273
27.2686
28.301
29.3712
30.4805
31.6299
32.8205
34.0536
35.3302
36.6515
38.0188
39.4331
40.8958
42.4079
43.9708
45.5856
47.2536
48.9759
50.7538
52.5886
54.4814
56.4334
58.4459
60.5201
62.6571
64.8581
67.1244
69.4569
71.857
74.3256
76.8639
79.4729
82.1538
84.9074
87.7347
90.6368
93.6145
96.6687
99.8002
103.01
106.298
109.666
113.114
116.643
120.254
123.946
127.72
131.576
135.516
139.538
143.644
147.833
152.105
156.46
160.898
165.419
170.022
174.707
179.474
184.321
189.249
194.255
199.341
204.503
209.742
215.056
220.444
225.905
231.436
237.037
242.706
248.44
254.238
260.099
266.019
271.996
278.029
284.114
290.25
296.434
302.662
308.932
315.241
321.586
327.964
334.371
340.805
347.261
353.737
360.228
366.731
373.243
379.759
386.276
392.789
399.295
405.789
412.267
418.726
425.16
431.567
437.94
444.277
450.572
456.821
463.02
469.164
475.25
481.272
487.226
493.107
498.912
504.637
510.275
515.824
521.28
526.637
531.891
537.04
542.078
547.001
551.807
556.49
561.048
565.476
569.771
573.93
577.95
581.826
585.557
589.138
592.568
595.844
598.962
601.921
604.719
607.352
609.82
612.12
614.25
616.21
617.998
619.612
621.051
622.316
623.404
624.315
625.05
625.608
625.988
626.192
626.218
626.069
625.744
625.244
624.571
623.725
622.708
621.521
620.166
618.645
616.959
615.112
613.104
610.938
608.617
606.144
603.521
600.751
597.838
594.784
591.593
588.268
584.812
581.229
577.524
573.699
569.758
565.705
561.545
557.282
552.918
548.46
543.91
539.273
534.553
529.755
524.883
519.942
514.935
509.867
504.742
499.566
494.341
489.073
483.766
478.424
473.051
467.651
462.23
456.79
451.336
445.872
440.402
434.93
429.459
423.994
418.538
413.095
407.668
402.261
396.877
391.52
386.191
380.896
375.636
370.415
365.234
360.098
355.009
349.969
344.98
340.045
335.165
330.344
325.583
320.883
316.247
311.677
307.173
302.737
298.371
294.075
289.852
285.701
281.624
277.622
273.695
269.844
266.07
262.373
258.753
255.211
251.747
248.361
245.052
241.822
238.67
235.595
232.598
229.678
226.834
224.067
221.375
218.758
216.216
213.748
211.352
209.029
206.777
204.596
202.484
200.441
198.465
196.557
194.713
192.934
191.219
189.566
187.973
186.441
184.967
183.551
182.191
180.886
179.635
178.437
177.289
176.192
175.144
174.143
173.188
172.278
171.413
170.589
169.807
169.065
168.361
167.696
167.066
166.472
165.912
165.385
164.889
164.424
163.989
163.582
163.202
162.848
162.52
162.216
161.935
161.676
161.438
161.221
161.023
160.843
160.681
160.535
160.406
160.291
160.19
160.103
160.029
159.967
159.915
159.875
159.844
159.822
159.809
159.803
159.806
159.814
159.829
159.85
159.876
159.906
159.94
159.978
160.02
160.064
160.11
160.158
160.208
160.259
160.311
160.363
160.415
160.468
160.519
160.57
160.62
160.669
160.716
160.761
160.804
160.845
160.884
160.919
160.952
160.982
161.009
161.033
161.052
161.069
161.081
161.09
161.095
161.095
161.092
161.084
161.071
161.055
161.033
161.007
160.977
160.941
160.901
160.856
160.807
160.752
160.692
160.628
160.558
160.483
160.404
160.319
160.23
160.135
160.035
159.93
159.821
159.706
159.586
159.461
159.331
159.197
159.057
158.912
158.763
158.609
158.449
158.285
158.117
157.943
157.765
157.583
157.396
157.204
157.007
156.807
156.602
156.392
156.178
155.96
155.738
155.511
155.281
155.046
154.808
154.566
154.319
154.069
153.815
153.558
153.297
153.032
152.764
152.493
152.218
151.939
151.658
151.374
151.086
150.795
150.501
150.205
149.906
149.603
149.299
148.991
148.681
148.369
148.054
147.737
147.417
147.096
146.772
146.446
146.119
145.789
145.457
145.124
144.789
144.452
144.114
143.775
143.434
143.091
142.747
142.403
142.057
141.709
141.361
141.012
140.663
140.312
139.961
139.609
139.256
138.903
138.55
138.196
137.842
137.487
137.133
136.778
136.423
136.069
135.714
135.36
135.005
134.652
134.298
133.945
133.592
133.24
132.889
132.538
132.188
131.838
131.49
131.142
130.796
130.45
130.106
129.762
129.42
129.079
128.74
128.402
128.065
127.729
127.395
127.063
126.733
126.404
126.076
125.751
125.427
125.106
124.786
124.468
124.152
123.838
123.526
123.217
122.91
122.604
122.302
122.001
121.703
121.407
121.114
120.823
120.534
120.249
119.965
119.685
119.407
119.132
118.859
118.589
118.322
118.058
117.797
117.538
117.283
117.03
116.781
116.534
116.29
116.05
115.812
115.578
115.346
115.118
114.893
114.671
114.453
114.237
114.025
113.816
113.61
113.408
113.209
113.013
112.82
112.631
112.445
112.263
112.084
111.908
111.736
111.567
111.402
111.24
111.081
110.926
110.775
110.626
110.482
110.34
110.203
110.068
109.937
109.81
109.686
109.566
109.449
109.335
109.225
109.119
109.016
108.916
108.82
108.727
108.638
108.552
108.47
108.391
108.316
108.244
108.175
108.11
108.048
107.99
107.935
107.883
107.835
107.79
107.749
107.71
107.675
107.644
107.616
107.591
107.569
107.55
107.535
107.523
107.514
107.509
107.506
107.507
107.511
107.518
107.528
107.541
107.557
107.577
107.599
107.624
107.653
107.684
107.719
107.756
107.796
107.839
107.885
107.934
107.986
108.04
108.098
108.158
108.22
108.286
108.354
108.425
108.499
108.575
108.654
108.736
108.82
108.906
108.995
109.087
109.181
109.278
109.377
109.478
109.582
109.688
109.797
109.907
110.021
110.136
110.253
110.373
110.495
110.619
110.746
110.874
111.005
111.137
111.272
111.408
111.547
111.687
111.83
111.974
112.121
112.269
112.419
112.57
112.724
112.879
113.036
113.195
113.356
113.518
113.682
113.847
114.014
114.183
114.353
114.524
114.697
114.872
115.048
115.225
115.404
115.584
115.766
115.949
116.133
116.318
116.505
116.693
116.882
117.072
117.264
117.456
117.65
117.845
118.04
118.237
118.435
118.634
118.834
119.035
119.236
119.439
119.642
119.847
120.052
120.258
120.465
120.672
120.881
121.09
121.3
121.51
121.721
121.933
122.146
122.359
122.572
122.786
123.001
123.216
123.432
123.649
123.865
124.082
124.3
124.518
124.737
124.955
125.175
125.394
125.614
125.834
126.054
126.275
126.496
126.717
126.939
127.16
127.382
127.604
127.826
128.048
128.27
128.493
128.715
128.938
129.16
129.383
129.606
129.828
130.051
130.274
130.496
130.719
130.941
131.163
131.386
131.608
131.83
132.051
132.273
132.495
132.716
132.937
133.158
133.378
133.599
133.819
134.039
134.258
134.478
134.697
134.915
135.134
135.352
135.569
135.787
136.004
136.22
136.436
136.652
136.867
137.082
137.296
137.51
137.724
137.937
138.149
138.361
138.572
138.783
138.994
139.204
139.413
139.622
139.83
140.037
140.244
140.451
140.657
140.862
141.066
141.27
141.473
141.676
141.878
142.079
142.28
142.48
142.679
142.877
143.075
143.272
143.468
143.664
143.859
144.053
144.246
144.439
144.63
144.821
145.012
145.201
145.39
145.577
145.764
145.95
146.136
146.32
146.504
146.687
146.869
147.05
147.23
147.409
147.588
147.765
147.942
148.117
148.292
148.466
148.639
148.811
148.983
149.153
149.322
149.49
149.658
149.824
149.99
150.154
150.318
150.481
150.642
150.803
150.962
151.121
151.279
151.435
151.591
151.746
151.899
152.052
152.204
152.354
152.504
152.653
152.8
152.947
153.092
153.236
153.38
153.522
153.663
153.803
153.943
154.081
154.218
154.353
154.488
154.622
154.755
154.886
155.017
155.146
155.275
155.402
155.528
155.653
155.777
155.9
156.022
156.142
156.262
156.38
156.498
156.614
156.729
156.843
156.956
157.067
157.178
157.287
157.396
157.503
157.609
157.714
157.818
157.92
158.022
158.122
158.222
158.32
158.417
158.513
158.607
158.701
158.793
158.884
158.974
159.063
159.151
159.238
159.323
159.408
159.491
159.573
159.654
159.733
159.812
159.889
159.966
160.041
160.115
160.187
160.259
160.329
160.399
160.467
160.534
160.6
160.664
160.728
160.79
160.852
160.912
160.97
161.028
161.085
161.14
161.195
161.248
161.3
161.35
161.4
161.449
161.496
161.542
161.587
161.631
161.674
161.715
161.756
161.795
161.833
161.871
161.906
161.941
161.975
162.007
162.039
162.069
162.098
162.126
162.153
162.178
162.203
162.226
162.249
162.27
162.29
162.309
162.327
162.343
162.359
162.373
162.387
162.399
162.41
162.42
162.429
162.437
162.444
162.449
162.454
162.457
162.46
162.461
162.461
162.46
162.458
162.455
162.451
162.446
162.439
162.432
162.424
162.414
162.403
162.392
162.379
162.365
162.351
162.335
162.318
162.3
162.281
162.261
162.24
162.218
162.195
162.171
162.146
162.12
162.092
162.064
162.035
162.005
161.974
161.941
161.908
161.874
161.839
161.803
161.766
161.728
161.688
161.648
161.607
161.565
161.522
161.478
161.434
161.388
161.341
161.293
161.245
161.195
161.144
161.093
161.041
160.987
160.933
160.878
160.822
160.765
160.707
160.648
160.589
160.528
160.467
160.404
160.341
160.277
160.212
160.146
160.08
160.012
159.944
159.875
159.805
159.734
159.662
159.589
159.516
159.442
159.367
159.291
159.214
159.137
159.059
158.98
158.9
158.819
158.738
158.656
158.573
158.489
158.405
158.319
158.233
158.147
158.059
157.971
157.882
157.792
157.702
157.611
157.519
157.426
157.333
157.239
157.144
157.049
156.953
156.856
156.759
156.661
156.562
156.462
156.362
156.262
156.16
156.058
155.956
155.852
155.748
155.644
155.539
155.433
155.327
155.22
155.112
155.004
154.895
154.786
154.676
154.565
154.454
154.343
154.23
154.118
154.004
153.891
153.776
153.661
153.546
153.43
153.313
153.197
153.079
152.961
152.843
152.724
152.604
152.484
152.364
152.243
152.122
152
151.878
151.755
151.632
151.508
151.384
151.26
151.135
151.009
150.884
150.758
150.631
150.504
150.377
150.249
150.121
149.993
149.864
149.735
149.605
149.475
149.345
149.214
149.083
148.952
148.821
148.689
148.556
148.424
148.291
148.158
148.024
147.891
147.757
147.622
147.488
147.353
147.218
147.082
146.946
146.81
146.674
146.538
146.401
146.264
146.127
145.99
145.852
145.715
145.577
145.438
145.3
145.161
145.023
144.884
144.745
144.605
144.466
144.326
144.187
144.047
143.907
143.766
143.626
143.485
143.345
143.204
143.063
142.922
142.781
142.64
142.499
142.357
142.216
142.074
141.933
141.791
141.649
141.507
141.366
141.224
141.082
140.94
140.797
140.655
140.513
140.371
140.229
140.086
139.944
139.802
139.66
139.517
139.375
139.233
139.091
138.948
138.806
138.664
138.522
138.38
138.238
138.096
137.954
137.812
137.67
137.528
137.386
137.244
137.103
136.961
136.82
136.678
136.537
136.396
136.255
136.114
135.973
135.832
135.691
135.551
135.41
135.27
135.13
134.99
134.85
134.71
134.57
134.431
134.291
134.152
134.013
133.874
133.736
133.597
133.459
133.32
133.182
133.045
132.907
132.77
132.632
132.495
132.358
132.222
132.085
131.949
131.813
131.677
131.542
131.406
131.271
131.136
131.002
130.867
130.733
130.599
130.466
130.332
130.199
130.066
129.933
129.801
129.669
129.537
129.405
129.274
129.143
129.012
128.882
128.752
128.622
128.492
128.363
128.234
128.105
127.977
127.849
127.721
127.593
127.466
127.339
127.213
127.087
126.961
126.835
126.71
126.585
126.46
126.336
126.212
126.089
125.966
125.843
125.72
125.598
125.476
125.355
125.233
125.113
124.992
124.872
124.753
124.633
124.514
124.396
124.277
124.16
124.042
123.925
123.808
123.692
123.576
123.46
123.345
123.23
123.116
123.002
122.888
122.775
122.662
122.55
122.438
122.326
122.215
122.104
121.993
121.883
121.774
121.665
121.556
121.447
121.339
121.232
121.125
121.018
120.911
120.805
120.7
120.595
120.49
120.386
120.282
120.179
120.076
119.973
119.871
119.769
119.668
119.567
119.467
119.367
119.267
119.168
119.069
118.971
118.873
118.776
118.679
118.582
118.486
118.39
118.295
118.2
118.106
118.012
117.918
117.825
117.733
117.64
117.549
117.457
117.366
117.276
117.186
117.096
117.007
116.919
116.83
116.743
116.655
116.568
116.482
116.396
116.31
116.225
116.14
116.056
115.972
115.889
115.806
115.723
115.641
115.56
115.478
115.398
115.317
115.237
115.158
115.079
115
114.922
114.844
114.767
114.69
114.614
114.538
114.462
114.387
114.313
114.238
114.165
114.091
114.018
113.946
113.874
113.802
113.731
113.66
113.589
113.519
113.45
113.381
113.312
113.244
113.176
113.108
113.041
112.975
112.909
112.843
112.778
112.713
112.648
112.584
112.52
112.457
112.394
112.331
112.269
112.208
112.146
112.086
112.025
111.965
111.905
111.846
111.787
111.729
111.671
111.613
111.556
111.499
111.442
111.386
111.33
111.275
111.22
111.165
111.111
111.057
111.004
110.951
110.898
110.845
110.794
110.742
110.691
110.64
110.589
110.539
110.489
110.44
110.391
110.342
110.294
110.246
110.198
110.151
110.104
110.057
110.011
109.965
109.919
109.874
109.829
109.785
109.74
109.696
109.653
109.61
109.567
109.524
109.482
109.44
109.398
109.357
109.316
109.275
109.235
109.195
109.155
109.116
109.076
109.038
108.999
108.961
108.923
108.885
108.848
108.811
108.774
108.738
108.701
108.665
108.63
108.594
108.559
108.524
108.49
108.456
108.422
108.388
108.354
108.321
108.288
108.255
108.223
108.191
108.159
108.127
108.096
108.064
108.033
108.003
107.972
107.942
107.912
107.882
107.853
107.823
107.794
107.765
107.736
107.708
107.68
107.652
107.624
107.596
107.569
107.542
107.515
107.488
107.461
107.435
107.409
107.383
107.357
107.331
107.306
107.28
107.255
107.23
107.206
107.181
107.157
107.132
107.108
107.084
107.061
107.037
107.014
106.99
106.967
106.944
106.922
106.899
106.876
106.854
106.832
106.81
106.788
106.766
106.744
106.722
106.701
106.68
106.658
106.637
106.616
106.595
106.575
106.554
106.534
106.513
106.493
106.473
106.452
106.432
106.412
106.393
106.373
106.353
106.334
106.314
106.295
106.275
106.256
106.237
106.218
106.199
106.18
106.161
106.142
106.123
106.104
106.086
106.067
106.048
106.03
106.011
105.993
105.975
105.956
105.938
105.92
105.901
105.883
105.865
105.847
105.829
105.811
105.793
105.775
105.757
105.739
105.721
105.703
105.685
105.667
105.649
105.631
105.613
105.595
105.577
105.559
105.541
105.523
105.505
105.487
105.469
105.451
105.433
105.415
105.397
105.379
105.361
105.342
105.324
105.306
105.288
105.269
105.251
105.233
105.214
105.196
105.177
105.159
105.14
105.122
105.103
105.084
105.066
105.047
105.028
105.009
104.99
104.971
104.952
104.932
104.913
104.894
104.874
104.855
104.835
104.816
104.796
104.776
104.756
104.736
104.716
104.696
104.676
104.656
104.635
104.615
104.594
104.574
104.553
104.532
104.511
104.49
104.469
104.448
104.426
104.405
104.383
104.362
104.34
104.318
104.296
104.274
104.252
104.229
104.207
104.184
104.162
104.139
104.116
104.093
104.07
104.046
104.023
103.999
103.976
103.952
103.928
103.904
103.88
103.855
103.831
103.806
103.782
103.757
103.732
103.707
103.682
103.656
103.631
103.605
103.579
103.553
103.527
103.501
103.474
103.448
103.421
103.394
103.367
103.34
103.313
103.286
103.258
103.231
103.203
103.175
103.147
103.118
103.09
103.061
103.033
103.004
102.975
102.945
102.916
102.887
102.857
102.827
102.797
102.767
102.737
102.707
102.676
102.645
102.615
102.584
102.552
102.521
102.49
102.458
102.426
102.394
102.362
102.33
102.298
102.265
102.233
102.2
102.167
102.134
102.101
102.067
102.034
102
101.966
101.932
101.898
101.864
101.83
101.795
101.76
101.726
101.691
101.656
101.62
101.585
101.55
101.514
101.478
101.442
101.406
101.37
101.334
101.297
101.261
101.224
101.187
101.151
101.114
101.076
101.039
101.002
100.964
100.927
100.889
100.851
100.813
100.775
100.737
100.699
100.66
100.622
100.583
100.544
100.506
100.467
100.428
100.389
100.35
100.31
100.271
100.232
100.192
100.153
100.113
100.073
100.033
99.9934
99.9535
99.9135
99.8734
99.8333
99.7931
99.7528
99.7125
99.6721
99.6317
99.5913
99.5508
99.5102
99.4696
99.429
99.3883
99.3476
99.3069
99.2661
99.2253
99.1845
99.1437
99.1028
99.062
99.0211
98.9802
98.9393
98.8985
98.8576
98.8167
98.7758
98.7349
98.6941
98.6532
98.6124
98.5716
98.5309
98.4901
98.4494
98.4087
98.3681
98.3275
98.2869
98.2464
98.2059
98.1655
98.1252
98.0849
98.0447
98.0045
97.9644
97.9244
97.8845
97.8446
97.8048
97.7651
97.7255
97.686
97.6466
97.6073
97.5681
97.5291
97.4901
97.4512
97.4125
97.3739
97.3354
97.297
97.2588
97.2207
97.1828
97.145
97.1073
97.0698
97.0325
96.9953
96.9582
96.9214
96.8847
96.8482
96.8118
96.7757
96.7397
96.7039
96.6683
96.6329
96.5977
96.5627
96.5279
96.4933
96.4589
96.4247
96.3908
96.3571
96.3236
96.2903
96.2573
96.2245
96.1919
96.1596
96.1275
96.0957
96.0642
96.0328
96.0018
95.971
95.9405
95.9102
95.8803
95.8505
95.8211
95.792
95.7631
95.7345
95.7062
95.6783
95.6506
95.6232
95.5961
95.5693
95.5428
95.5166
95.4907
95.4652
95.44
95.415
95.3905
95.3662
95.3422
95.3186
95.2953
95.2724
95.2498
95.2275
95.2056
95.184
95.1627
95.1418
95.1213
95.101
95.0812
95.0617
95.0425
95.0237
95.0053
94.9872
94.9694
94.952
94.935
94.9184
94.9021
94.8862
94.8706
94.8554
94.8406
94.8261
94.812
94.7982
94.7849
94.7719
94.7592
94.747
94.7351
94.7235
94.7124
94.7015
94.6911
94.681
94.6713
94.662
94.653
94.6444
94.6361
94.6282
94.6207
94.6135
94.6067
94.6002
94.5941
94.5884
94.583
94.5779
94.5732
94.5688
94.5648
94.5611
94.5578
94.5547
94.5521
94.5497
94.5477
94.546
94.5446
94.5436
94.5428
94.5424
94.5423
94.5425
94.543
94.5437
94.5448
94.5462
94.5478
94.5498
94.552
94.5545
94.5573
94.5603
94.5636
94.5671
94.5709
94.5749
94.5792
94.5837
94.5885
94.5935
94.5986
94.604
94.6096
94.6155
94.6215
94.6277
94.634
94.6406
94.6473
94.6542
94.6613
94.6685
94.6758
94.6833
94.6909
94.6986
94.7065
94.7145
94.7225
94.7307
94.7389
94.7473
94.7557
94.7641
94.7726
94.7812
94.7898
94.7985
94.8071
94.8158
94.8245
94.8332
94.8418
94.8505
94.8591
94.8677
94.8763
94.8847
94.8932
94.9015
94.9098
94.918
94.9261
94.934
94.9419
94.9496
94.9572
94.9646
94.9719
94.979
94.9859
94.9927
94.9992
95.0056
95.0117
95.0176
95.0233
95.0287
95.0338
95.0387
95.0433
95.0477
95.0517
95.0554
95.0588
95.0619
95.0646
95.067
95.069
95.0706
95.0719
95.0728
95.0732
95.0733
95.0729
95.0721
95.0709
95.0691
95.067
95.0643
95.0612
95.0576
95.0534
95.0488
95.0436
95.0378
95.0316
95.0247
95.0173
95.0093
95.0007
94.9915
94.9818
94.9713
94.9603
94.9486
94.9362
94.9232
94.9095
94.8952
94.8801
94.8644
94.8479
94.8307
94.8128
94.7941
94.7747
94.7545
94.7336
94.7118
94.6893
94.666
94.6419
94.617
94.5912
94.5646
94.5372
94.5089
94.4798
94.4498
94.4189
94.3871
94.3544
94.3209
94.2864
94.251
94.2147
94.1775
94.1393
94.1002
94.0601
94.0191
93.9771
93.9341
93.8902
93.8452
93.7993
93.7524
93.7044
93.6555
93.6055
93.5545
93.5025
93.4495
93.3954
93.3402
93.284
93.2268
93.1685
93.1091
93.0486
92.9871
92.9245
92.8609
92.7961
92.7302
92.6633
92.5953
92.5261
92.4559
92.3845
92.3121
92.2385
92.1638
92.088
92.0111
91.9331
91.8539
91.7737
91.6923
91.6097
91.5261
91.4413
91.3554
91.2684
91.1802
91.0909
91.0005
90.909
90.8163
90.7225
90.6276
90.5315
90.4343
90.336
90.2366
90.136
90.0344
89.9316
89.8277
89.7227
89.6166
89.5093
89.401
89.2916
89.181
89.0694
88.9567
88.8429
88.728
88.612
88.495
88.3768
88.2576
88.1374
88.0161
87.8937
87.7703
87.6458
87.5203
87.3938
87.2663
87.1377
87.0081
86.8775
86.7459
86.6133
86.4797
86.3452
86.2096
86.0731
85.9356
85.7972
85.6579
85.5176
85.3763
85.2342
85.0911
84.9471
84.8022
84.6565
84.5098
84.3623
84.2139
84.0647
83.9146
83.7637
83.612
83.4594
83.3061
83.1519
82.9969
82.8412
82.6847
82.5275
82.3695
82.2107
82.0512
81.8911
81.7302
81.5686
81.4063
81.2434
81.0797
80.9155
80.7506
80.585
80.4189
80.2521
80.0847
79.9168
79.7483
79.5792
79.4095
79.2394
79.0687
78.8974
78.7257
78.5535
78.3808
78.2076
78.034
77.8599
77.6854
77.5105
77.3351
77.1594
76.9833
76.8068
76.6299
76.4527
76.2752
76.0973
75.9191
75.7407
75.5619
75.3829
75.2036
75.024
74.8442
74.6642
74.4839
74.3035
74.1229
73.9421
73.7611
73.58
73.3987
73.2173
73.0358
72.8541
72.6724
72.4906
72.3087
72.1268
71.9448
71.7628
71.5808
71.3987
71.2167
71.0346
70.8526
70.6707
70.4887
70.3068
70.125
69.9433
69.7617
69.5802
69.3987
69.2174
69.0363
68.8553
68.6744
68.4937
68.3132
68.1329
67.9528
67.7729
67.5932
67.4137
67.2345
67.0556
66.8769
66.6984
66.5203
66.3424
66.1649
65.9876
65.8107
65.6341
65.4578
65.2819
65.1063
64.9311
64.7563
64.5819
64.4078
64.2342
64.0609
63.8881
63.7157
63.5438
63.3722
63.2012
63.0305
62.8604
62.6907
62.5215
62.3528
62.1846
62.0169
61.8497
61.683
61.5168
61.3512
61.1861
61.0215
60.8575
60.6941
60.5312
60.3689
60.2071
60.046
59.8854
59.7254
59.566
59.4072
59.249
59.0915
58.9345
58.7782
58.6225
58.4674
58.313
58.1592
58.0061
57.8536
57.7017
57.5505
57.4
57.2502
57.101
56.9525
56.8046
56.6575
56.511
56.3652
56.2201
56.0757
55.932
55.789
55.6467
55.5051
55.3642
55.224
55.0845
54.9458
54.8077
54.6704
54.5338
54.3979
54.2627
54.1283
53.9945
53.8615
53.7293
53.5977
53.4669
53.3368
53.2075
53.0788
52.9509
52.8238
52.6974
52.5717
52.4467
52.3225
52.199
52.0763
51.9543
51.833
51.7124
51.5926
51.4735
51.3552
51.2376
51.1207
51.0046
50.8892
50.7745
50.6605
50.5473
50.4348
50.323
50.212
50.1016
49.992
49.8832
49.775
49.6676
49.5608
49.4548
49.3495
49.245
49.1411
49.0379
48.9355
48.8337
48.7327
48.6323
48.5327
48.4337
48.3355
48.2379
48.141
48.0448
47.9493
47.8545
47.7604
47.6669
47.5741
47.482
47.3906
47.2998
47.2097
47.1202
47.0314
46.9433
46.8558
46.769
46.6828
46.5972
46.5123
46.4281
46.3445
46.2615
46.1791
46.0974
46.0162
45.9357
45.8559
45.7766
45.698
45.6199
45.5425
45.4656
45.3894
45.3137
45.2387
45.1642
45.0903
45.017
44.9443
44.8721
44.8006
44.7295
44.6591
44.5892
44.5199
44.4511
44.3829
44.3152
44.248
44.1814
44.1154
44.0498
43.9848
43.9204
43.8564
43.793
43.7301
43.6677
43.6058
43.5444
43.4835
43.4231
43.3632
43.3038
43.2449
43.1864
43.1285
43.071
43.014
42.9575
42.9014
42.8458
42.7907
42.736
42.6818
42.628
42.5747
42.5218
42.4693
42.4173
42.3658
42.3146
42.2639
42.2136
42.1637
42.1143
42.0653
42.0166
41.9684
41.9206
41.8732
41.8262
41.7795
41.7333
41.6875
41.642
41.5969
41.5523
41.5079
41.464
41.4204
41.3772
41.3344
41.2919
41.2498
41.208
41.1666
41.1255
41.0848
41.0444
41.0044
40.9647
40.9254
40.8863
40.8476
40.8093
40.7712
40.7335
40.6961
40.659
40.6223
40.5858
40.5496
40.5138
40.4782
40.443
40.4081
40.3734
40.339
40.305
40.2712
40.2377
40.2045
40.1716
40.1389
40.1065
40.0744
40.0426
40.0111
39.9798
39.9487
39.918
39.8875
39.8572
39.8272
39.7975
39.768
39.7387
39.7097
39.681
39.6525
39.6242
39.5962
39.5684
39.5409
39.5135
39.4864
39.4596
39.4329
39.4065
39.3803
39.3544
39.3286
39.3031
39.2778
39.2527
39.2278
39.2031
39.1786
39.1543
39.1303
39.1064
39.0827
39.0593
39.036
39.0129
38.9901
38.9674
38.9449
38.9226
38.9005
38.8786
38.8568
38.8353
38.8139
38.7927
38.7717
38.7508
38.7302
38.7097
38.6894
38.6692
38.6493
38.6294
38.6098
38.5903
38.571
38.5519
38.5329
38.5141
38.4954
38.4769
38.4586
38.4404
38.4223
38.4044
38.3867
38.3691
38.3517
38.3344
38.3173
38.3003
38.2834
38.2667
38.2501
38.2337
38.2174
38.2013
38.1853
38.1694
38.1537
38.1381
38.1226
38.1072
38.092
38.077
38.062
38.0472
38.0325
38.0179
38.0035
37.9892
37.975
37.9609
37.947
37.9331
37.9194
37.9058
37.8923
37.879
37.8657
37.8526
37.8396
37.8267
37.8139
37.8012
37.7887
37.7762
37.7638
37.7516
37.7395
37.7274
37.7155
37.7037
37.692
37.6803
37.6688
37.6574
37.6461
37.6349
37.6238
37.6127
37.6018
37.591
37.5803
37.5696
37.5591
37.5487
37.5383
37.528
37.5179
37.5078
37.4978
37.4879
37.4781
37.4683
37.4587
37.4492
37.4397
37.4303
37.421
37.4118
37.4027
37.3936
37.3846
37.3757
37.3669
37.3582
37.3496
37.341
37.3325
37.3241
37.3157
37.3075
37.2993
37.2911
37.2831
37.2751
37.2672
37.2594
37.2517
37.244
37.2364
37.2288
37.2213
37.2139
37.2066
37.1993
37.1921
37.185
37.1779
37.1709
37.1639
37.157
37.1502
37.1435
37.1368
37.1301
37.1236
37.117
37.1106
37.1042
37.0979
37.0916
37.0854
37.0792
37.0731
37.067
37.061
37.0551
37.0492
37.0434
37.0376
37.0319
37.0262
37.0206
37.015
37.0095
37.004
36.9986
36.9932
36.9879
36.9826
36.9774
36.9722
36.9671
36.962
36.957
36.952
36.947
36.9421
36.9372
36.9324
36.9277
36.9229
36.9182
36.9136
36.909
36.9044
36.8999
36.8954
36.8909
36.8865
36.8821
36.8778
36.8735
36.8692
36.865
36.8608
36.8567
36.8525
36.8484
36.8444
36.8404
36.8364
36.8324
36.8285
36.8246
36.8208
36.8169
36.8131
36.8094
36.8056
36.8019
36.7982
36.7946
36.791
36.7874
36.7838
36.7803
36.7768
36.7733
36.7698
36.7664
36.7629
36.7596
36.7562
36.7528
36.7495
36.7462
36.7429
36.7397
36.7365
36.7332
36.7301
36.7269
36.7237
36.7206
36.7175
36.7144
36.7113
36.7083
36.7052
36.7022
36.6992
36.6962
36.6932
36.6903
36.6873
36.6844
36.6815
36.6786
36.6757
36.6728
36.6699
36.6671
36.6643
36.6614
36.6586
36.6558
36.653
36.6502
36.6475
36.6447
36.642
36.6392
36.6365
36.6337
36.631
36.6283
36.6256
36.6229
36.6202
36.6175
36.6149
36.6122
36.6095
36.6069
36.6042
36.6015
36.5989
36.5962
36.5936
36.591
36.5883
36.5857
36.583
36.5804
36.5778
36.5751
36.5725
36.5699
36.5673
36.5646
36.562
36.5594
36.5567
36.5541
36.5515
36.5488
36.5462
36.5435
36.5409
36.5382
36.5356
36.5329
36.5303
36.5276
36.5249
36.5223
36.5196
36.5169
36.5142
36.5115
36.5088
36.5061
36.5034
36.5006
36.4979
36.4952
36.4924
36.4897
36.4869
36.4841
36.4813
36.4785
36.4757
36.4729
36.4701
36.4673
36.4644
36.4616
36.4587
36.4558
36.4529
36.45
36.4471
36.4442
36.4412
36.4383
36.4353
36.4323
36.4294
36.4264
36.4233
36.4203
36.4172
36.4142
36.4111
36.408
36.4049
36.4018
36.3986
36.3955
36.3923
36.3891
36.3859
36.3827
36.3794
36.3762
36.3729
36.3696
36.3663
36.363
36.3596
36.3563
36.3529
36.3495
36.3461
36.3426
36.3391
36.3357
36.3322
36.3286
36.3251
36.3215
36.318
36.3144
36.3107
36.3071
36.3034
36.2997
36.296
36.2923
36.2885
36.2847
36.2809
36.2771
36.2733
36.2694
36.2655
36.2616
36.2577
36.2537
36.2497
36.2457
36.2417
36.2376
36.2335
36.2294
36.2253
36.2211
36.217
36.2128
36.2085
36.2043
36.2
36.1957
36.1914
36.187
36.1826
36.1782
36.1738
36.1693
36.1648
36.1603
36.1557
36.1512
36.1466
36.142
36.1373
36.1326
36.1279
36.1232
36.1184
36.1136
36.1088
36.104
36.0991
36.0942
36.0893
36.0843
36.0793
36.0743
36.0693
36.0642
36.0591
36.054
36.0488
36.0436
36.0384
36.0332
36.0279
36.0226
36.0172
36.0119
36.0065
36.0011
35.9956
35.9901
35.9846
35.9791
35.9735
35.9679
35.9622
35.9566
35.9509
35.9452
35.9394
35.9336
35.9278
35.9219
35.9161
35.9101
35.9042
35.8982
35.8922
35.8862
35.8801
35.874
35.8679
35.8617
35.8556
35.8493
35.8431
35.8368
35.8305
35.8241
35.8178
35.8113
35.8049
35.7984
35.7919
35.7854
35.7788
35.7722
35.7656
35.7589
35.7522
35.7455
35.7387
35.732
35.7251
35.7183
35.7114
35.7045
35.6975
35.6905
35.6835
35.6765
35.6694
35.6623
35.6552
35.648
35.6408
35.6335
35.6263
35.619
35.6116
35.6043
35.5969
35.5895
35.582
35.5745
35.567
35.5594
35.5518
35.5442
35.5366
35.5289
35.5212
35.5134
35.5057
35.4978
35.49
35.4821
35.4742
35.4663
35.4583
35.4503
35.4423
35.4342
35.4262
35.418
35.4099
35.4017
35.3935
35.3852
35.3769
35.3686
35.3603
35.3519
35.3435
35.3351
35.3266
35.3181
35.3096
35.301
35.2925
35.2838
35.2752
35.2665
35.2578
35.2491
35.2403
35.2315
35.2227
35.2138
35.2049
35.196
35.187
35.1781
35.169
35.16
35.1509
35.1418
35.1327
35.1236
35.1144
35.1051
35.0959
35.0866
35.0773
35.068
35.0586
35.0492
35.0398
35.0304
35.0209
35.0114
35.0019
34.9923
34.9827
34.9731
34.9635
34.9538
34.9441
34.9343
34.9246
34.9148
34.905
34.8952
34.8853
34.8754
34.8655
34.8555
34.8456
34.8356
34.8255
34.8155
34.8054
34.7953
34.7852
34.775
34.7648
34.7546
34.7444
34.7341
34.7238
34.7135
34.7032
34.6928
34.6824
34.672
34.6616
34.6511
34.6406
34.6301
34.6196
34.609
34.5985
34.5878
34.5772
34.5666
34.5559
34.5452
34.5345
34.5237
34.5129
34.5021
34.4913
34.4805
34.4696
34.4587
34.4478
34.4369
34.426
34.415
34.404
34.393
34.3819
34.3709
34.3598
34.3487
34.3376
34.3264
34.3153
34.3041
34.2929
34.2817
34.2704
34.2592
34.2479
34.2366
34.2253
34.2139
34.2026
34.1912
34.1798
34.1684
34.1569
34.1455
34.134
34.1225
34.111
34.0995
34.088
34.0764
34.0648
34.0532
34.0416
34.03
34.0183
34.0067
33.995
33.9833
33.9716
33.9599
33.9482
33.9364
33.9246
33.9128
33.901
33.8892
33.8774
33.8656
33.8537
33.8418
33.8299
33.818
33.8061
33.7942
33.7823
33.7703
33.7583
33.7464
33.7344
33.7224
33.7104
33.6983
33.6863
33.6742
33.6622
33.6501
33.638
33.6259
33.6138
33.6017
33.5896
33.5774
33.5653
33.5531
33.541
33.5288
33.5166
33.5044
33.4922
33.48
33.4678
33.4555
33.4433
33.431
33.4188
33.4065
33.3942
33.382
33.3697
33.3574
33.3451
33.3328
33.3205
33.3082
33.2958
33.2835
33.2712
33.2588
33.2465
33.2341
33.2218
33.2094
33.1971
33.1847
33.1723
33.1599
33.1476
33.1352
33.1228
33.1104
33.098
33.0856
33.0732
33.0608
33.0484
33.036
33.0236
33.0112
32.9988
32.9864
32.974
32.9615
32.9491
32.9367
32.9243
32.9119
32.8995
32.8871
32.8746
32.8622
32.8498
32.8374
32.825
32.8126
32.8002
32.7878
32.7754
32.763
32.7506
32.7382
32.7258
32.7134
32.701
32.6886
32.6762
32.6639
32.6515
32.6391
32.6268
32.6144
32.6021
32.5897
32.5774
32.565
32.5527
32.5404
32.5281
32.5157
32.5034
32.4911
32.4788
32.4666
32.4543
32.442
32.4297
32.4175
32.4052
32.393
32.3808
32.3685
32.3563
32.3441
32.3319
32.3197
32.3076
32.2954
32.2832
32.2711
32.2589
32.2468
32.2347
32.2226
32.2105
32.1984
32.1863
32.1743
32.1622
32.1502
32.1382
32.1262
32.1142
32.1022
32.0902
32.0783
32.0663
32.0544
32.0425
32.0306
32.0187
32.0068
31.9949
31.9831
31.9713
31.9594
31.9477
31.9359
31.9241
31.9123
31.9006
31.8889
31.8772
31.8655
31.8538
31.8422
31.8306
31.8189
31.8073
31.7958
31.7842
31.7726
31.7611
31.7496
31.7381
31.7267
31.7152
31.7038
31.6924
31.681
31.6696
31.6583
31.6469
31.6356
31.6243
31.6131
31.6018
31.5906
31.5794
31.5682
31.557
31.5459
31.5348
31.5237
31.5126
31.5016
31.4905
31.4795
31.4686
31.4576
31.4467
31.4358
31.4249
31.414
31.4032
31.3924
31.3816
31.3708
31.3601
31.3494
31.3387
31.3281
31.3174
31.3068
31.2962
31.2857
31.2752
31.2647
31.2542
31.2437
31.2333
31.2229
31.2126
31.2022
31.1919
31.1816
31.1714
31.1612
31.151
31.1408
31.1307
31.1205
31.1105
31.1004
31.0904
31.0804
31.0704
31.0605
31.0506
31.0407
31.0309
31.0211
31.0113
31.0016
30.9919
30.9822
30.9725
30.9629
30.9533
30.9438
30.9342
30.9248
30.9153
30.9059
30.8965
30.8871
30.8778
30.8685
30.8592
30.85
30.8408
30.8317
30.8225
30.8134
30.8044
30.7954
30.7864
30.7774
30.7685
30.7596
30.7508
30.742
30.7332
30.7245
30.7158
30.7071
30.6985
30.6899
30.6813
30.6728
30.6643
30.6559
30.6475
30.6391
30.6307
30.6224
30.6142
30.606
30.5978
30.5896
30.5815
30.5734
30.5654
30.5574
30.5495
30.5415
30.5337
30.5258
30.518
30.5103
30.5026
30.4949
30.4872
30.4796
30.4721
30.4645
30.4571
30.4496
30.4422
30.4349
30.4275
30.4203
30.413
30.4058
30.3987
30.3916
30.3845
30.3775
30.3705
30.3635
30.3566
30.3498
30.3429
30.3362
30.3294
30.3227
30.3161
30.3095
30.3029
30.2964
30.2899
30.2835
30.2771
30.2707
30.2644
30.2581
30.2519
30.2457
30.2396
30.2335
30.2275
30.2215
30.2155
30.2096
30.2037
30.1979
30.1921
30.1864
30.1807
30.1751
30.1695
30.1639
30.1584
30.153
30.1475
30.1422
30.1368
30.1316
30.1263
30.1211
30.116
30.1109
30.1058
30.1008
30.0959
30.091
30.0861
30.0813
30.0765
30.0718
30.0671
30.0624
30.0579
30.0533
30.0488
30.0444
30.04
30.0356
30.0313
30.0271
30.0229
30.0187
30.0146
30.0105
30.0065
30.0025
29.9986
29.9947
29.9909
29.9871
29.9834
29.9797
29.976
29.9725
29.9689
29.9654
29.962
29.9586
29.9552
29.9519
29.9487
29.9455
29.9423
29.9392
29.9362
29.9332
29.9302
29.9273
29.9244
29.9216
29.9189
29.9162
29.9135
29.9109
29.9083
29.9058
29.9033
29.9009
29.8985
29.8962
29.8939
29.8917
29.8896
29.8874
29.8854
29.8833
29.8814
29.8794
29.8776
29.8757
29.874
29.8723
29.8706
29.869
29.8674
29.8658
29.8644
29.8629
29.8616
29.8602
29.859
29.8577
29.8566
29.8554
29.8544
29.8533
29.8524
29.8514
29.8506
29.8497
29.849
29.8482
29.8475
29.8469
29.8463
29.8458
29.8453
29.8449
29.8445
29.8442
29.8439
29.8437
29.8435
29.8434
29.8433
29.8433
29.8433
29.8434
29.8435
29.8437
29.8439
29.8442
29.8445
29.8449
29.8453
29.8458
29.8463
29.8469
29.8475
29.8482
29.8489
29.8497
29.8505
29.8514
29.8523
29.8532
29.8543
29.8553
29.8564
29.8576
29.8588
29.8601
29.8614
29.8628
29.8642
29.8657
29.8672
29.8687
29.8704
29.872
29.8737
29.8755
29.8773
29.8792
29.8811
29.883
29.885
29.8871
29.8892
29.8913
29.8935
29.8958
29.8981
29.9004
29.9028
29.9053
29.9078
29.9103
29.9129
29.9155
29.9182
29.921
29.9237
29.9266
29.9295
29.9324
29.9354
29.9384
29.9414
29.9446
29.9477
29.9509
29.9542
29.9575
29.9609
29.9643
29.9677
29.9712
29.9748
29.9784
29.982
29.9857
29.9894
29.9932
29.997
30.0009
30.0048
30.0088
30.0128
30.0168
30.0209
30.0251
30.0293
30.0335
30.0378
30.0421
30.0465
30.051
30.0554
30.0599
30.0645
30.0691
30.0738
30.0785
30.0832
30.088
30.0928
30.0977
30.1026
30.1076
30.1126
30.1176
30.1227
30.1279
30.1331
30.1383
30.1436
30.1489
30.1542
30.1596
30.1651
30.1706
30.1761
30.1817
30.1873
30.193
30.1987
30.2044
30.2102
30.2161
30.2219
30.2278
30.2338
30.2398
30.2459
30.2519
30.2581
30.2642
30.2704
30.2767
30.283
30.2893
30.2957
30.3021
30.3086
30.3151
30.3216
30.3282
30.3348
30.3414
30.3481
30.3549
30.3616
30.3685
30.3753
30.3822
30.3891
30.3961
30.4031
30.4102
30.4172
30.4244
30.4315
30.4387
30.446
30.4533
30.4606
30.4679
30.4753
30.4827
30.4902
30.4977
30.5052
30.5128
30.5204
30.5281
30.5358
30.5435
30.5512
30.559
30.5668
30.5747
30.5826
30.5905
30.5985
30.6065
30.6145
30.6226
30.6307
30.6389
30.647
30.6552
30.6635
30.6718
30.6801
30.6884
30.6968
30.7052
30.7136
30.7221
30.7306
30.7392
30.7477
30.7563
30.765
30.7736
30.7823
30.7911
30.7998
30.8086
30.8174
30.8263
30.8352
30.8441
30.853
30.862
30.871
30.88
30.8891
30.8982
30.9073
30.9164
30.9256
30.9348
30.9441
30.9533
30.9626
30.9719
30.9813
30.9907
31.0001
31.0095
31.0189
31.0284
31.0379
31.0475
31.057
31.0666
31.0762
31.0859
31.0955
31.1052
31.1149
31.1247
31.1344
31.1442
31.154
31.1639
31.1737
31.1836
31.1935
31.2034
31.2134
31.2234
31.2334
31.2434
31.2534
31.2635
31.2736
31.2837
31.2938
31.304
31.3142
31.3244
31.3346
31.3448
31.3551
31.3653
31.3756
31.386
31.3963
31.4066
31.417
31.4274
31.4378
31.4483
31.4587
31.4692
31.4797
31.4902
31.5007
31.5112
31.5218
31.5323
31.5429
31.5535
31.5642
31.5748
31.5855
31.5961
31.6068
31.6175
31.6282
31.639
31.6497
31.6605
31.6712
31.682
31.6928
31.7036
31.7145
31.7253
31.7362
31.747
31.7579
31.7688
31.7797
31.7906
31.8015
31.8125
31.8234
31.8344
31.8454
31.8563
31.8673
31.8783
31.8894
31.9004
31.9114
31.9224
31.9335
31.9446
31.9556
31.9667
31.9778
31.9889
32
32.0111
32.0222
32.0333
32.0444
32.0556
32.0667
32.0779
32.089
32.1002
32.1114
32.1225
32.1337
32.1449
32.1561
32.1673
32.1784
32.1896
32.2008
32.212
32.2233
32.2345
32.2457
32.2569
32.2681
32.2793
32.2906
32.3018
32.313
32.3242
32.3355
32.3467
32.3579
32.3692
32.3804
32.3916
32.4028
32.4141
32.4253
32.4365
32.4478
32.459
32.4702
32.4814
32.4926
32.5039
32.5151
32.5263
32.5375
32.5487
32.5599
32.5711
32.5823
32.5935
32.6047
32.6159
32.627
32.6382
32.6494
32.6605
32.6717
32.6828
32.694
32.7051
32.7162
32.7274
32.7385
32.7496
32.7607
32.7718
32.7829
32.7939
32.805
32.8161
32.8271
32.8382
32.8492
32.8602
32.8712
32.8822
32.8932
32.9042
32.9152
32.9261
32.9371
32.948
32.9589
32.9698
32.9808
32.9916
33.0025
33.0134
33.0242
33.0351
33.0459
33.0567
33.0675
33.0783
33.089
33.0998
33.1105
33.1213
33.132
33.1427
33.1533
33.164
33.1746
33.1853
33.1959
33.2065
33.2171
33.2276
33.2382
33.2487
33.2592
33.2697
33.2801
33.2906
33.301
33.3114
33.3218
33.3322
33.3426
33.3529
33.3632
33.3735
33.3838
33.394
33.4043
33.4145
33.4247
33.4348
33.445
33.4551
33.4652
33.4753
33.4854
33.4954
33.5054
33.5154
33.5253
33.5353
33.5452
33.5551
33.565
33.5748
33.5846
33.5944
33.6042
33.6139
33.6236
33.6333
33.643
33.6526
33.6622
33.6718
33.6814
33.6909
33.7004
33.7099
33.7193
33.7287
33.7381
33.7475
33.7568
33.7661
33.7754
33.7846
33.7938
33.803
33.8122
33.8213
33.8304
33.8394
33.8485
33.8575
33.8664
33.8754
33.8843
33.8932
33.902
33.9108
33.9196
33.9283
33.937
33.9457
33.9544
33.963
33.9715
33.9801
33.9886
33.9971
34.0055
34.0139
34.0223
34.0306
34.0389
34.0472
34.0554
34.0636
34.0718
34.0799
34.088
34.096
34.1041
34.112
34.12
34.1279
34.1357
34.1436
34.1513
34.1591
34.1668
34.1745
34.1821
34.1897
34.1973
34.2048
34.2122
34.2197
34.2271
34.2344
34.2418
34.249
34.2563
34.2635
34.2706
34.2777
34.2848
34.2918
34.2988
34.3058
34.3127
34.3195
34.3264
34.3331
34.3399
34.3466
34.3532
34.3598
34.3664
34.3729
34.3794
34.3858
34.3922
34.3986
34.4049
34.4111
34.4173
34.4235
34.4296
34.4357
34.4417
34.4477
34.4536
34.4595
34.4654
34.4712
34.4769
34.4826
34.4883
34.4939
34.4995
34.505
34.5105
34.5159
34.5213
34.5266
34.5319
34.5371
34.5423
34.5475
34.5525
34.5576
34.5626
34.5675
34.5724
34.5773
34.5821
34.5868
34.5915
34.5961
34.6007
34.6053
34.6098
34.6142
34.6186
34.623
34.6273
34.6315
34.6357
34.6398
34.6439
34.6479
34.6519
34.6559
34.6597
34.6636
34.6674
34.6711
34.6748
34.6784
34.6819
34.6855
34.6889
34.6923
34.6957
34.699
34.7022
34.7054
34.7086
34.7116
34.7147
34.7177
34.7206
34.7235
34.7263
34.729
34.7317
34.7344
34.737
34.7395
34.742
34.7444
34.7468
34.7491
34.7514
34.7536
34.7558
34.7579
34.7599
34.7619
34.7638
34.7657
34.7675
34.7693
34.771
34.7726
34.7742
34.7757
34.7772
34.7786
34.78
34.7813
34.7825
34.7837
34.7849
34.7859
34.7869
34.7879
34.7888
34.7896
34.7904
34.7912
34.7918
34.7924
34.793
34.7935
34.7939
34.7943
34.7946
34.7948
34.795
34.7952
34.7953
34.7953
34.7952
34.7951
34.795
34.7948
34.7945
34.7942
34.7938
34.7933
34.7928
34.7922
34.7916
34.7909
34.7901
34.7893
34.7884
34.7875
34.7865
34.7854
34.7843
34.7831
34.7819
34.7806
34.7792
34.7778
34.7763
34.7748
34.7732
34.7715
34.7698
34.768
34.7661
34.7642
34.7622
34.7602
34.7581
34.756
34.7537
34.7515
34.7491
34.7467
34.7443
34.7417
34.7391
34.7365
34.7338
34.731
34.7282
34.7253
34.7223
34.7193
34.7162
34.7131
34.7099
34.7066
34.7033
34.6999
34.6964
34.6929
34.6893
34.6857
34.682
34.6782
34.6744
34.6705
34.6665
34.6625
34.6584
34.6543
34.6501
34.6458
34.6415
34.6371
34.6326
34.6281
34.6236
34.6189
34.6142
34.6094
34.6046
34.5997
34.5948
34.5898
34.5847
34.5795
34.5743
34.5691
34.5638
34.5584
34.5529
34.5474
34.5418
34.5362
34.5305
34.5247
34.5189
34.513
34.507
34.501
34.4949
34.4888
34.4826
34.4763
34.47
34.4636
34.4572
34.4507
34.4441
34.4375
34.4308
34.424
34.4172
34.4103
34.4033
34.3963
34.3892
34.3821
34.3749
34.3677
34.3603
34.353
34.3455
34.338
34.3304
34.3228
34.3151
34.3074
34.2995
34.2917
34.2837
34.2757
34.2677
34.2595
34.2514
34.2431
34.2348
34.2264
34.218
34.2095
34.201
34.1924
34.1837
34.175
34.1662
34.1573
34.1484
34.1394
34.1304
34.1213
34.1121
34.1029
34.0936
34.0843
34.0749
34.0654
34.0559
34.0463
34.0367
34.027
34.0172
34.0074
33.9975
33.9876
33.9776
33.9675
33.9574
33.9472
33.937
33.9267
33.9163
33.9059
33.8954
33.8849
33.8743
33.8636
33.8529
33.8422
33.8313
33.8204
33.8095
33.7985
33.7874
33.7763
33.7651
33.7539
33.7426
33.7313
33.7199
33.7084
33.6969
33.6853
33.6737
33.662
33.6502
33.6384
33.6265
33.6146
33.6026
33.5906
33.5785
33.5664
33.5541
33.5419
33.5296
33.5172
33.5048
33.4923
33.4797
33.4671
33.4545
33.4418
33.429
33.4162
33.4033
33.3904
33.3774
33.3644
33.3513
33.3382
33.325
33.3117
33.2984
33.285
33.2716
33.2581
33.2446
33.231
33.2174
33.2037
33.19
33.1762
33.1624
33.1485
33.1345
33.1205
33.1065
33.0924
33.0782
33.064
33.0497
33.0354
33.0211
33.0067
32.9922
32.9777
32.9631
32.9485
32.9338
32.9191
32.9043
32.8895
32.8746
32.8597
32.8448
32.8297
32.8147
32.7995
32.7844
32.7692
32.7539
32.7386
32.7232
32.7078
32.6923
32.6768
32.6613
32.6457
32.63
32.6143
32.5986
32.5828
32.5669
32.551
32.5351
32.5191
32.5031
32.487
32.4709
32.4547
32.4385
32.4223
32.406
32.3896
32.3732
32.3568
32.3403
32.3238
32.3072
32.2906
32.2739
32.2572
32.2404
32.2236
32.2068
32.1899
32.173
32.156
32.139
32.122
32.1049
32.0877
32.0705
32.0533
32.036
32.0187
32.0014
31.984
31.9666
31.9491
31.9316
31.914
31.8964
31.8788
31.8611
31.8434
31.8257
31.8079
31.79
31.7722
31.7542
31.7363
31.7183
31.7003
31.6822
31.6641
31.646
31.6278
31.6096
31.5913
31.573
31.5547
31.5363
31.5179
31.4995
31.481
31.4625
31.4439
31.4254
31.4067
31.3881
31.3694
31.3507
31.3319
31.3131
31.2943
31.2754
31.2565
31.2376
31.2186
31.1996
31.1806
31.1615
31.1424
31.1233
31.1042
31.085
31.0657
31.0465
31.0272
31.0079
30.9885
30.9691
30.9497
30.9303
30.9108
30.8913
30.8718
30.8522
30.8326
30.813
30.7933
30.7736
30.7539
30.7342
30.7144
30.6946
30.6748
30.655
30.6351
30.6152
30.5952
30.5753
30.5553
30.5353
30.5152
30.4952
30.4751
30.4549
30.4348
30.4146
30.3944
30.3742
30.354
30.3337
30.3134
30.2931
30.2727
30.2524
30.232
30.2116
30.1911
30.1707
30.1502
30.1297
30.1092
30.0886
30.068
30.0474
30.0268
30.0062
29.9855
29.9649
29.9442
29.9234
29.9027
29.882
29.8612
29.8404
29.8196
29.7987
29.7779
29.757
29.7361
29.7152
29.6943
29.6733
29.6523
29.6314
29.6104
29.5893
29.5683
29.5473
29.5262
29.5051
29.484
29.4629
29.4418
29.4206
29.3995
29.3783
29.3571
29.3359
29.3147
29.2934
29.2722
29.2509
29.2297
29.2084
29.1871
29.1658
29.1444
29.1231
29.1017
29.0804
29.059
29.0376
29.0162
28.9948
28.9734
28.9519
28.9305
28.9091
28.8876
28.8661
28.8446
28.8231
28.8016
28.7801
28.7586
28.7371
28.7155
28.694
28.6725
28.6509
28.6293
28.6077
28.5862
28.5646
28.543
28.5214
28.4998
28.4781
28.4565
28.4349
28.4133
28.3916
28.37
28.3483
28.3267
28.305
28.2834
28.2617
28.24
28.2183
28.1967
28.175
28.1533
28.1316
28.1099
28.0882
28.0665
28.0448
28.0231
28.0014
27.9797
27.958
27.9363
27.9146
27.8929
27.8712
27.8495
27.8278
27.8061
27.7843
27.7626
27.7409
27.7192
27.6975
27.6758
27.6541
27.6324
27.6107
27.589
27.5673
27.5456
27.5239
27.5022
27.4805
27.4589
27.4372
27.4155
27.3938
27.3722
27.3505
27.3288
27.3072
27.2855
27.2639
27.2422
27.2206
27.199
27.1774
27.1557
27.1341
27.1125
27.0909
27.0693
27.0477
27.0262
27.0046
26.983
26.9615
26.9399
26.9184
26.8968
26.8753
26.8538
26.8323
26.8108
26.7893
26.7678
26.7463
26.7248
26.7034
26.6819
26.6605
26.6391
26.6176
26.5962
26.5748
26.5535
26.5321
26.5107
26.4894
26.468
26.4467
26.4254
26.4041
26.3828
26.3615
26.3402
26.319
26.2977
26.2765
26.2553
26.2341
26.2129
26.1917
26.1705
26.1494
26.1283
26.1071
26.086
26.0649
26.0439
26.0228
26.0018
25.9807
25.9597
25.9387
25.9177
25.8967
25.8758
25.8548
25.8339
25.813
25.7921
25.7713
25.7504
25.7296
25.7087
25.6879
25.6671
25.6464
25.6256
25.6049
25.5842
25.5635
25.5428
25.5221
25.5015
25.4808
25.4602
25.4397
25.4191
25.3985
25.378
25.3575
25.337
25.3165
25.2961
25.2756
25.2552
25.2348
25.2145
25.1941
25.1738
25.1535
25.1332
25.1129
25.0927
25.0724
25.0522
25.0321
25.0119
24.9918
24.9716
24.9516
24.9315
24.9114
24.8914
24.8714
24.8514
24.8314
24.8115
24.7916
24.7717
24.7518
24.732
24.7122
24.6924
24.6726
24.6528
24.6331
24.6134
24.5937
24.5741
24.5544
24.5348
24.5152
24.4957
24.4761
24.4566
24.4371
24.4177
24.3983
24.3788
24.3595
24.3401
24.3208
24.3014
24.2822
24.2629
24.2437
24.2245
24.2053
24.1861
24.167
24.1479
24.1288
24.1098
24.0907
24.0717
24.0528
24.0338
24.0149
23.996
23.9772
23.9583
23.9395
23.9207
23.902
23.8832
23.8645
23.8459
23.8272
23.8086
23.79
23.7714
23.7529
23.7344
23.7159
23.6974
23.679
23.6606
23.6423
23.6239
23.6056
23.5873
23.5691
23.5508
23.5326
23.5145
23.4963
23.4782
23.4601
23.442
23.424
23.406
23.388
23.3701
23.3522
23.3343
23.3164
23.2986
23.2808
23.263
23.2453
23.2276
23.2099
23.1923
23.1746
23.157
23.1395
23.1219
23.1044
23.087
23.0695
23.0521
23.0347
23.0173
23
22.9827
22.9654
22.9482
22.931
22.9138
22.8967
22.8795
22.8624
22.8454
22.8284
22.8114
22.7944
22.7774
22.7605
22.7436
22.7268
22.71
22.6932
22.6764
22.6597
22.643
22.6263
22.6096
22.593
22.5765
22.5599
22.5434
22.5269
22.5104
22.494
22.4776
22.4612
22.4449
22.4285
22.4123
22.396
22.3798
22.3636
22.3474
22.3313
22.3152
22.2991
22.283
22.267
22.251
22.2351
22.2192
22.2033
22.1874
22.1716
22.1558
22.14
22.1242
22.1085
22.0928
22.0772
22.0615
22.0459
22.0304
22.0148
21.9993
21.9838
21.9684
21.9529
21.9375
21.9222
21.9068
21.8915
21.8763
21.861
21.8458
21.8306
21.8154
21.8003
21.7852
21.7701
21.7551
21.7401
21.7251
21.7101
21.6952
21.6803
21.6654
21.6506
21.6357
21.621
21.6062
21.5915
21.5768
21.5621
21.5474
21.5328
21.5182
21.5037
21.4891
21.4746
21.4601
21.4457
21.4313
21.4169
21.4025
21.3882
21.3738
21.3596
21.3453
21.3311
21.3169
21.3027
21.2885
21.2744
21.2603
21.2462
21.2322
21.2182
21.2042
21.1902
21.1763
21.1624
21.1485
21.1346
21.1208
21.107
21.0932
21.0795
21.0657
21.052
21.0384
21.0247
21.0111
20.9975
20.9839
20.9704
20.9568
20.9433
20.9299
20.9164
20.903
20.8896
20.8762
20.8629
20.8495
20.8362
20.823
20.8097
20.7965
20.7833
20.7701
20.7569
20.7438
20.7307
20.7176
20.7045
20.6915
20.6785
20.6655
20.6525
20.6395
20.6266
20.6137
20.6008
20.588
20.5751
20.5623
20.5495
20.5368
20.524
20.5113
20.4986
20.4859
20.4732
20.4606
20.448
20.4354
20.4228
20.4102
20.3977
20.3852
20.3727
20.3602
20.3477
20.3353
20.3229
20.3105
20.2981
20.2858
20.2734
20.2611
20.2488
20.2365
20.2243
20.212
20.1998
20.1876
20.1754
20.1633
20.1511
20.139
20.1269
20.1148
20.1027
20.0906
20.0786
20.0666
20.0546
20.0426
20.0306
20.0186
20.0067
19.9948
19.9829
19.971
19.9591
19.9473
19.9354
19.9236
19.9118
19.9
19.8882
19.8764
19.8647
19.853
19.8412
19.8295
19.8178
19.8062
19.7945
19.7829
19.7712
19.7596
19.748
19.7364
19.7248
19.7133
19.7017
19.6902
19.6787
19.6671
19.6556
19.6442
19.6327
19.6212
19.6098
19.5983
19.5869
19.5755
19.5641
19.5527
19.5413
19.5299
19.5186
19.5072
19.4959
19.4845
19.4732
19.4619
19.4506
19.4393
19.428
19.4168
19.4055
19.3943
19.383
19.3718
19.3606
19.3493
19.3381
19.3269
19.3157
19.3045
19.2934
19.2822
19.271
19.2599
19.2487
19.2376
19.2265
19.2153
19.2042
19.1931
19.182
19.1709
19.1598
19.1487
19.1376
19.1266
19.1155
19.1044
19.0934
19.0823
19.0713
19.0602
19.0492
19.0381
19.0271
19.0161
19.005
18.994
18.983
18.972
18.961
18.95
18.939
18.928
18.917
18.906
18.895
18.884
18.873
18.862
18.851
18.84
18.829
18.818
18.8071
18.7961
18.7851
18.7741
18.7631
18.7521
18.7412
18.7302
18.7192
18.7082
18.6972
18.6863
18.6753
18.6643
18.6533
18.6423
18.6313
18.6204
18.6094
18.5984
18.5874
18.5764
18.5654
18.5544
18.5434
18.5324
18.5214
18.5104
18.4993
18.4883
18.4773
18.4663
18.4553
18.4442
18.4332
18.4221
18.4111
18.4
18.389
18.3779
18.3669
18.3558
18.3447
18.3336
18.3226
18.3115
18.3004
18.2893
18.2782
18.267
18.2559
18.2448
18.2337
18.2225
18.2114
18.2002
18.189
18.1779
18.1667
18.1555
18.1443
18.1331
18.1219
18.1107
18.0994
18.0882
18.077
18.0657
18.0545
18.0432
18.0319
18.0206
18.0093
17.998
17.9867
17.9754
17.964
17.9527
17.9413
17.9299
17.9185
17.9072
17.8958
17.8843
17.8729
17.8615
17.85
17.8386
17.8271
17.8156
17.8041
17.7926
17.7811
17.7696
17.758
17.7465
17.7349
17.7233
17.7117
17.7001
17.6885
17.6768
17.6652
17.6535
17.6419
17.6302
17.6185
17.6067
17.595
17.5833
17.5715
17.5597
17.5479
17.5361
17.5243
17.5125
17.5006
17.4888
17.4769
17.465
17.4531
17.4411
17.4292
17.4172
17.4052
17.3933
17.3812
17.3692
17.3572
17.3451
17.333
17.3209
17.3088
17.2967
17.2846
17.2724
17.2602
17.248
17.2358
17.2236
17.2113
17.1991
17.1868
17.1745
17.1621
17.1498
17.1374
17.1251
17.1127
17.1003
17.0878
17.0754
17.0629
17.0504
17.0379
17.0254
17.0128
17.0002
16.9877
16.975
16.9624
16.9498
16.9371
16.9244
16.9117
16.899
16.8862
16.8735
16.8607
16.8479
16.835
16.8222
16.8093
16.7964
16.7835
16.7705
16.7576
16.7446
16.7316
16.7186
16.7055
16.6925
16.6794
16.6663
16.6532
16.64
16.6268
16.6136
16.6004
16.5872
16.5739
16.5606
16.5473
16.534
16.5206
16.5073
16.4939
16.4804
16.467
16.4535
16.4401
16.4265
16.413
16.3994
16.3859
16.3723
16.3586
16.345
16.3313
16.3176
16.3039
16.2901
16.2764
16.2626
16.2488
16.2349
16.2211
16.2072
16.1933
16.1793
16.1654
16.1514
16.1374
16.1234
16.1093
16.0952
16.0811
16.067
16.0528
16.0387
16.0245
16.0102
15.996
15.9817
15.9674
15.9531
15.9387
15.9244
15.91
15.8956
15.8811
15.8666
15.8521
15.8376
15.8231
15.8085
15.7939
15.7793
15.7646
15.75
15.7353
15.7205
15.7058
15.691
15.6762
15.6614
15.6466
15.6317
15.6168
15.6019
15.5869
15.5719
15.5569
15.5419
15.5269
15.5118
15.4967
15.4816
15.4664
15.4513
15.4361
15.4208
15.4056
15.3903
15.375
15.3597
15.3443
15.3289
15.3135
15.2981
15.2826
15.2672
15.2517
15.2361
15.2206
15.205
15.1894
15.1738
15.1581
15.1424
15.1267
15.111
15.0952
15.0794
15.0636
15.0478
15.0319
15.016
15.0001
14.9842
14.9682
14.9523
14.9362
14.9202
14.9041
14.8881
14.8719
14.8558
14.8397
14.8235
14.8073
14.791
14.7748
14.7585
14.7422
14.7258
14.7095
14.6931
14.6767
14.6602
14.6438
14.6273
14.6108
14.5942
14.5777
14.5611
14.5445
14.5279
14.5112
14.4945
14.4778
14.4611
14.4443
14.4276
14.4108
14.3939
14.3771
14.3602
14.3433
14.3264
14.3095
14.2925
14.2755
14.2585
14.2414
14.2244
14.2073
14.1902
14.173
14.1559
14.1387
14.1215
14.1043
14.087
14.0697
14.0524
14.0351
14.0178
14.0004
13.983
13.9656
13.9482
13.9307
13.9132
13.8957
13.8782
13.8607
13.8431
13.8255
13.8079
13.7902
13.7726
13.7549
13.7372
13.7195
13.7017
13.684
13.6662
13.6484
13.6305
13.6127
13.5948
13.5769
13.559
13.541
13.5231
13.5051
13.4871
13.4691
13.451
13.433
13.4149
13.3968
13.3787
13.3605
13.3423
13.3242
13.3059
13.2877
13.2695
13.2512
13.2329
13.2146
13.1963
13.1779
13.1596
13.1412
13.1228
13.1044
13.0859
13.0675
13.049
13.0305
13.012
12.9935
12.9749
12.9563
12.9377
12.9191
12.9005
12.8819
12.8632
12.8445
12.8258
12.8071
12.7884
12.7696
12.7509
12.7321
12.7133
12.6945
12.6756
12.6568
12.6379
12.619
12.6001
12.5812
12.5623
12.5433
12.5244
12.5054
12.4864
12.4674
12.4484
12.4293
12.4103
12.3912
12.3721
12.353
12.3339
12.3148
12.2956
12.2764
12.2573
12.2381
12.2189
12.1997
12.1804
12.1612
12.1419
12.1226
12.1034
12.0841
12.0647
12.0454
12.0261
12.0067
11.9874
11.968
11.9486
11.9292
11.9098
11.8904
11.8709
11.8515
11.832
11.8125
11.793
11.7735
11.754
11.7345
11.715
11.6954
11.6759
11.6563
11.6367
11.6172
11.5976
11.578
11.5584
11.5387
11.5191
11.4994
11.4798
11.4601
11.4405
11.4208
11.4011
11.3814
11.3617
11.342
11.3222
11.3025
11.2828
11.263
11.2433
11.2235
11.2037
11.1839
11.1642
11.1444
11.1246
11.1048
11.0849
11.0651
11.0453
11.0254
11.0056
10.9858
10.9659
10.946
10.9262
10.9063
10.8864
10.8665
10.8467
10.8268
10.8069
10.787
10.7671
10.7471
10.7272
10.7073
10.6874
10.6675
10.6475
10.6276
10.6076
10.5877
10.5677
10.5478
10.5278
10.5079
10.4879
10.468
10.448
10.428
10.4081
10.3881
10.3681
10.3481
10.3282
10.3082
10.2882
10.2682
10.2483
10.2283
10.2083
10.1883
10.1683
10.1483
10.1283
10.1084
10.0884
10.0684
10.0484
10.0284
10.0084
9.98845
9.96847
9.94849
9.92851
9.90853
9.88855
9.86857
9.8486
9.82863
9.80865
9.78869
9.76872
9.74875
9.72879
9.70883
9.68888
9.66892
9.64897
9.62903
9.60908
9.58914
9.56921
9.54927
9.52934
9.50942
9.4895
9.46958
9.44967
9.42976
9.40986
9.38996
9.37007
9.35018
9.3303
9.31042
9.29055
9.27069
9.25083
9.23097
9.21112
9.19128
9.17145
9.15162
9.1318
9.11198
9.09217
9.07237
9.05258
9.03279
9.01302
8.99324
8.97348
8.95373
8.93398
8.91424
8.89451
8.87478
8.85507
8.83537
8.81567
8.79598
8.7763
8.75663
8.73697
8.71732
8.69768
8.67805
8.65843
8.63882
8.61922
8.59963
8.58005
8.56048
8.54092
8.52138
8.50184
8.48231
8.4628
8.4433
8.4238
8.40432
8.38486
8.3654
8.34596
8.32652
8.3071
8.2877
8.2683
8.24892
8.22955
8.21019
8.19085
8.17152
8.1522
8.1329
8.11361
8.09433
8.07507
8.05582
8.03659
8.01737
7.99816
7.97897
7.95979
7.94063
7.92148
7.90235
7.88323
7.86413
7.84504
7.82597
7.80691
7.78787
7.76885
7.74984
7.73085
7.71187
7.69291
7.67397
7.65504
7.63613
7.61723
7.59835
7.57949
7.56065
7.54182
7.52302
7.50422
7.48545
7.46669
7.44796
7.42924
7.41053
7.39185
7.37318
7.35453
7.3359
7.31729
7.2987
7.28013
7.26157
7.24304
7.22452
7.20603
7.18755
7.16909
7.15065
7.13223
7.11383
7.09545
7.07709
7.05875
7.04044
7.02214
7.00386
6.9856
6.96736
6.94915
6.93095
6.91278
6.89462
6.87649
6.85838
6.84029
6.82222
6.80418
6.78615
6.76815
6.75017
6.73221
6.71427
6.69635
6.67846
6.66059
6.64274
6.62492
6.60711
6.58933
6.57158
6.55384
6.53613
6.51844
6.50078
6.48314
6.46552
6.44792
6.43035
6.41281
6.39528
6.37778
6.36031
6.34285
6.32543
6.30802
6.29064
6.27329
6.25596
6.23865
6.22137
6.20412
6.18688
6.16968
6.1525
6.13534
6.11821
6.1011
6.08402
6.06697
6.04994
6.03293
6.01596
5.999
5.98208
5.96518
5.9483
5.93145
5.91463
5.89783
5.88106
5.86432
5.8476
5.83091
5.81425
5.79761
5.781
5.76442
5.74786
5.73133
5.71483
5.69835
5.6819
5.66548
5.64909
5.63272
5.61638
5.60007
5.58378
5.56753
5.5513
5.5351
5.51893
5.50278
5.48666
5.47058
5.45452
5.43848
5.42248
5.4065
5.39056
5.37464
5.35875
5.34289
5.32705
5.31125
5.29547
5.27973
5.26401
5.24832
5.23266
5.21703
5.20143
5.18585
5.17031
5.1548
5.13931
5.12386
5.10843
5.09303
5.07767
5.06233
5.04702
5.03174
5.0165
5.00128
4.98609
4.97093
4.9558
4.9407
4.92564
4.9106
4.89559
4.88061
4.86566
4.85075
4.83586
4.821
4.80618
4.79138
4.77662
4.76188
4.74718
4.7325
4.71786
4.70325
4.68867
4.67412
4.6596
4.64511
4.63065
4.61622
4.60183
4.58746
4.57313
4.55883
4.54456
4.53032
4.51611
4.50193
4.48778
4.47367
4.45958
4.44553
4.43151
4.41752
4.40356
4.38964
4.37574
4.36188
4.34804
4.33424
4.32048
4.30674
4.29303
4.27936
4.26572
4.25211
4.23853
4.22498
4.21147
4.19799
4.18454
4.17112
4.15773
4.14438
4.13105
4.11776
4.1045
4.09128
4.07808
4.06492
4.05179
4.03869
4.02562
4.01259
3.99959
3.98662
3.97368
3.96078
3.9479
3.93506
3.92225
3.90948
3.89673
3.88402
3.87134
3.8587
3.84608
3.8335
3.82095
3.80843
3.79595
3.7835
3.77108
3.75869
3.74633
3.73401
3.72172
3.70946
3.69724
3.68504
3.67288
3.66076
3.64866
3.6366
3.62457
3.61257
3.6006
3.58867
3.57677
3.5649
3.55307
3.54126
3.52949
3.51776
3.50605
3.49438
3.48274
3.47113
3.45955
3.44801
3.4365
3.42502
3.41358
3.40216
3.39078
3.37944
3.36812
3.35684
3.34559
3.33437
3.32318
3.31203
3.30091
3.28982
3.27877
3.26774
3.25675
3.24579
3.23487
3.22397
3.21311
3.20228
3.19148
3.18072
3.16999
3.15929
3.14862
3.13799
3.12738
3.11681
3.10627
3.09577
3.08529
3.07485
3.06444
3.05406
3.04372
3.03341
3.02313
3.01288
3.00266
2.99247
2.98232
2.9722
2.96211
2.95206
2.94203
2.93204
2.92208
2.91215
2.90225
2.89239
2.88256
2.87275
2.86298
2.85325
2.84354
2.83387
2.82422
2.81461
2.80503
2.79549
2.78597
2.77649
2.76704
2.75761
2.74822
2.73887
2.72954
2.72025
2.71098
2.70175
2.69255
2.68338
2.67424
2.66513
2.65606
2.64701
2.638
2.62902
2.62007
2.61115
2.60226
2.5934
2.58458
2.57578
2.56702
2.55828
2.54958
2.54091
2.53227
2.52366
2.51508
2.50653
2.49801
2.48952
2.48107
2.47264
2.46424
2.45588
2.44754
2.43924
2.43097
2.42272
2.41451
2.40633
2.39818
2.39005
2.38196
2.3739
2.36587
2.35787
2.3499
2.34195
2.33404
2.32616
2.31831
2.31049
2.3027
2.29494
2.2872
2.2795
2.27183
2.26418
2.25657
2.24899
2.24143
2.23391
2.22641
2.21895
2.21151
2.2041
2.19672
2.18937
2.18205
2.17476
2.1675
2.16027
2.15307
2.14589
2.13875
2.13163
2.12454
2.11748
2.11045
2.10345
2.09648
2.08953
2.08262
2.07573
2.06887
2.06204
2.05524
2.04847
2.04172
2.035
2.02831
2.02165
2.01502
2.00842
2.00184
1.99529
1.98877
1.98228
1.97581
1.96938
1.96297
1.95659
1.95023
1.94391
1.93761
1.93134
1.92509
1.91888
1.91269
1.90653
1.90039
1.89429
1.88821
1.88215
1.87613
1.87013
1.86416
1.85821
1.8523
1.8464
1.84054
1.8347
1.82889
1.82311
1.81735
1.81162
1.80591
1.80024
1.79458
1.78896
1.78336
1.77779
1.77224
1.76672
1.76122
1.75576
1.75031
1.7449
1.73951
1.73414
1.7288
1.72349
1.7182
1.71294
1.7077
1.70249
1.6973
1.69214
1.68701
1.6819
1.67681
1.67175
1.66672
1.66171
1.65673
1.65177
1.64683
1.64193
1.63704
1.63218
1.62735
1.62254
1.61775
1.61299
1.60825
1.60354
1.59885
1.59419
1.58955
1.58494
1.58035
1.57578
1.57124
1.56672
1.56222
1.55775
1.55331
1.54888
1.54448
1.54011
1.53576
1.53143
1.52712
1.52284
1.51859
1.51435
1.51014
1.50595
1.50179
1.49765
1.49353
1.48943
1.48536
1.48131
1.47729
1.47328
1.4693
1.46535
1.46141
1.4575
1.45361
1.44974
1.4459
1.44207
1.43827
1.43449
1.43074
1.42701
1.42329
1.41961
1.41594
1.41229
1.40867
1.40507
1.40149
1.39793
1.39439
1.39088
1.38739
1.38392
1.38047
1.37704
1.37363
1.37025
1.36688
1.36354
1.36022
1.35692
1.35364
1.35038
1.34714
1.34392
1.34073
1.33755
1.3344
1.33126
1.32815
1.32506
1.32199
1.31894
1.3159
1.31289
1.3099
1.30693
1.30398
1.30105
1.29814
1.29525
1.29239
1.28954
1.28671
1.2839
1.28111
1.27834
1.27559
1.27285
1.27014
1.26745
1.26478
1.26213
1.25949
1.25688
1.25428
1.25171
1.24915
1.24661
1.2441
1.2416
1.23912
1.23665
1.23421
1.23179
1.22938
1.227
1.22463
1.22228
1.21995
1.21764
1.21534
1.21307
1.21081
1.20857
1.20635
1.20415
1.20197
1.1998
1.19765
1.19552
1.19341
1.19132
1.18924
1.18718
1.18514
1.18312
1.18111
1.17912
1.17715
1.1752
1.17327
1.17135
1.16945
1.16756
1.1657
1.16385
1.16202
1.1602
1.1584
1.15662
1.15486
1.15311
1.15138
1.14967
1.14797
1.14629
1.14463
1.14299
1.14136
1.13974
1.13815
1.13656
1.135
1.13345
1.13192
1.13041
1.12891
1.12742
1.12596
1.12451
1.12307
1.12165
1.12025
1.11886
1.11749
1.11614
1.1148
1.11347
1.11216
1.11087
1.10959
1.10833
1.10709
1.10585
1.10464
1.10344
1.10225
1.10108
1.09993
1.09879
1.09766
1.09655
1.09546
1.09438
1.09332
1.09227
1.09123
1.09021
1.0892
1.08821
1.08724
1.08628
1.08533
1.0844
1.08348
1.08257
1.08168
1.08081
1.07995
1.0791
1.07827
1.07745
1.07665
1.07586
1.07508
1.07432
1.07357
1.07284
1.07212
1.07141
1.07072
1.07004
1.06938
1.06872
1.06809
1.06746
1.06685
1.06625
1.06567
1.0651
1.06454
1.064
1.06347
1.06295
1.06245
1.06196
1.06148
1.06102
1.06057
1.06013
1.0597
1.05929
1.05889
1.0585
1.05813
1.05777
1.05742
1.05709
1.05676
1.05645
1.05615
1.05587
1.0556
1.05534
1.05509
1.05485
1.05463
1.05442
1.05422
1.05404
1.05386
1.0537
1.05355
1.05342
1.05329
1.05318
1.05308
1.05299
1.05291
1.05285
1.05279
1.05275
1.05272
1.0527
1.0527
1.0527
1.05272
1.05275
1.05279
1.05284
1.0529
1.05298
1.05307
1.05316
1.05327
1.05339
1.05353
1.05367
1.05382
1.05399
1.05417
1.05435
1.05455
1.05476
1.05499
1.05522
1.05546
1.05572
1.05598
1.05626
1.05654
1.05684
1.05715
1.05747
1.0578
1.05814
1.05849
1.05885
1.05923
1.05961
1.06
1.06041
1.06082
1.06125
1.06169
1.06213
1.06259
1.06306
1.06353
1.06402
1.06452
1.06503
1.06555
1.06607
1.06661
1.06716
1.06772
1.06829
1.06887
1.06946
1.07006
1.07067
1.07129
1.07191
1.07255
1.0732
1.07386
1.07453
1.07521
1.07589
1.07659
1.0773
1.07801
1.07874
1.07948
1.08022
1.08098
1.08174
1.08252
1.0833
1.08409
1.0849
1.08571
1.08653
1.08736
1.0882
1.08905
1.08991
1.09077
1.09165
1.09254
1.09343
1.09434
1.09525
1.09617
1.09711
1.09805
1.099
1.09996
1.10092
1.1019
1.10289
1.10388
1.10488
1.1059
1.10692
1.10795
1.10899
1.11004
1.11109
1.11216
1.11323
1.11431
1.11541
1.11651
1.11761
1.11873
1.11986
1.12099
1.12213
1.12329
1.12445
1.12562
1.12679
1.12798
1.12917
1.13037
1.13158
1.1328
1.13403
1.13527
1.13651
1.13776
1.13902
1.14029
1.14157
1.14286
1.14415
1.14545
1.14676
1.14808
1.14941
1.15074
1.15208
1.15343
1.15479
1.15616
1.15753
1.15891
1.1603
1.1617
1.16311
1.16452
1.16595
1.16738
1.16881
1.17026
1.17171
1.17318
1.17465
1.17612
1.17761
1.1791
1.1806
1.18211
1.18362
1.18515
1.18668
1.18822
1.18977
1.19132
1.19288
1.19445
1.19603
1.19761
1.19921
1.2008
1.20241
1.20403
1.20565
1.20728
1.20892
1.21056
1.21221
1.21387
1.21554
1.21722
1.2189
1.22059
1.22228
1.22399
1.2257
1.22742
1.22914
1.23088
1.23262
1.23437
1.23612
1.23788
1.23965
1.24143
1.24321
1.245
1.2468
1.24861
1.25042
1.25224
1.25407
1.2559
1.25774
1.25959
1.26145
1.26331
1.26518
1.26706
1.26894
1.27083
1.27273
1.27464
1.27655
1.27847
1.28039
1.28233
1.28427
1.28621
1.28817
1.29013
1.2921
1.29407
1.29605
1.29804
1.30004
1.30204
1.30405
1.30606
1.30809
1.31012
1.31215
1.3142
1.31625
1.31831
1.32037
1.32244
1.32452
1.3266
1.32869
1.33079
1.3329
1.33501
1.33712
1.33925
1.34138
1.34352
1.34566
1.34782
1.34997
1.35214
1.35431
1.35649
1.35868
1.36087
1.36307
1.36527
1.36748
1.3697
1.37193
1.37416
1.3764
1.37864
1.38089
1.38315
1.38541
1.38769
1.38996
1.39225
1.39454
1.39684
1.39914
1.40145
1.40377
1.40609
1.40842
1.41076
1.4131
1.41545
1.41781
1.42017
1.42254
1.42492
1.4273
1.42969
1.43208
1.43448
1.43689
1.43931
1.44173
1.44416
1.44659
1.44903
1.45148
1.45393
1.45639
1.45886
1.46133
1.46381
1.4663
1.46879
1.47129
1.47379
1.4763
1.47882
1.48135
1.48388
1.48641
1.48896
1.49151
1.49406
1.49662
1.49919
1.50177
1.50435
1.50694
1.50953
1.51213
1.51474
1.51736
1.51998
1.5226
1.52523
1.52787
1.53052
1.53317
1.53583
1.53849
1.54116
1.54384
1.54653
1.54922
1.55191
1.55461
1.55732
1.56004
1.56276
1.56549
1.56822
1.57096
1.57371
1.57646
1.57922
1.58199
1.58476
1.58754
1.59033
1.59312
1.59592
1.59872
1.60153
1.60435
1.60717
1.61
1.61284
1.61568
1.61853
1.62138
1.62424
1.62711
1.62998
1.63286
1.63575
1.63864
1.64154
1.64445
1.64736
1.65028
1.6532
1.65613
1.65907
1.66201
1.66496
1.66792
1.67088
1.67385
1.67683
1.67981
1.6828
1.68579
1.68879
1.6918
1.69481
1.69783
1.70086
1.70389
1.70693
1.70997
1.71303
1.71608
1.71915
1.72222
1.7253
1.72838
1.73147
1.73456
1.73767
1.74078
1.74389
1.74701
1.75014
1.75328
1.75642
1.75956
1.76272
1.76588
1.76904
1.77222
1.7754
1.77858
1.78177
1.78497
1.78818
1.79139
1.79461
1.79783
1.80106
1.8043
1.80754
1.81079
1.81405
1.81731
1.82058
1.82386
1.82714
1.83043
1.83372
1.83702
1.84033
1.84365
1.84697
1.8503
1.85363
1.85697
1.86032
1.86367
1.86703
1.8704
1.87377
1.87715
1.88054
1.88393
1.88733
1.89073
1.89415
1.89757
1.90099
1.90442
1.90786
1.91131
1.91476
1.91822
1.92168
1.92515
1.92863
1.93211
1.93561
1.9391
1.94261
1.94612
1.94964
1.95316
1.95669
1.96023
1.96377
1.96732
1.97088
1.97444
1.97802
1.98159
1.98518
1.98877
1.99236
1.99597
1.99958
2.0032
2.00682
2.01045
2.01409
2.01773
2.02138
2.02504
2.02871
2.03238
2.03605
2.03974
2.04343
2.04713
2.05083
2.05454
2.05826
2.06199
2.06572
2.06946
2.0732
2.07696
2.08072
2.08448
2.08826
2.09204
2.09582
2.09961
2.10342
2.10722
2.11104
2.11486
2.11868
2.12252
2.12636
2.13021
2.13406
2.13793
2.1418
2.14567
2.14956
2.15345
2.15734
2.16125
2.16516
2.16907
2.173
2.17693
2.18087
2.18482
2.18877
2.19273
2.19669
2.20067
2.20465
2.20864
2.21263
2.21663
2.22064
2.22466
2.22868
2.23271
2.23675
2.24079
2.24485
2.2489
2.25297
2.25704
2.26112
2.26521
2.26931
2.27341
2.27752
2.28163
2.28575
2.28988
2.29402
2.29817
2.30232
2.30648
2.31064
2.31482
2.319
2.32319
2.32738
2.33158
2.33579
2.34001
2.34424
2.34847
2.35271
2.35695
2.36121
2.36547
2.36974
2.37401
2.3783
2.38259
2.38688
2.39119
2.3955
2.39982
2.40415
2.40849
2.41283
2.41718
2.42154
2.4259
2.43027
2.43465
2.43904
2.44343
2.44784
2.45225
2.45666
2.46109
2.46552
2.46996
2.47441
2.47886
2.48333
2.4878
2.49227
2.49676
2.50125
2.50575
2.51026
2.51478
2.5193
2.52383
2.52837
2.53292
2.53747
2.54203
2.5466
2.55118
2.55576
2.56036
2.56496
2.56957
2.57418
2.57881
2.58344
2.58808
2.59272
2.59738
2.60204
2.60671
2.61139
2.61608
2.62077
2.62547
2.63018
2.6349
2.63963
2.64436
2.6491
2.65385
2.65861
2.66338
2.66815
2.67293
2.67772
2.68252
2.68732
2.69214
2.69696
2.70179
2.70663
2.71147
2.71632
2.72119
2.72606
2.73093
2.73582
2.74071
2.74562
2.75053
2.75544
2.76037
2.76531
2.77025
2.7752
2.78016
2.78513
2.7901
2.79509
2.80008
2.80508
2.81009
2.81511
2.82013
2.82516
2.83021
2.83526
2.84031
2.84538
2.85046
2.85554
2.86063
2.86573
2.87084
2.87596
2.88108
2.88622
2.89136
2.89651
2.90167
2.90684
2.91202
2.9172
2.92239
2.9276
2.93281
2.93802
2.94325
2.94849
2.95373
2.95899
2.96425
2.96952
2.9748
2.98008
2.98538
2.99068
2.996
3.00132
3.00665
3.01199
3.01734
3.0227
3.02806
3.03344
3.03882
3.04421
3.04961
3.05502
3.06044
3.06587
3.0713
3.07675
3.0822
3.08766
3.09313
3.09861
3.1041
3.1096
3.11511
3.12062
3.12615
3.13168
3.13723
3.14278
3.14834
3.15391
3.15949
3.16507
3.17067
3.17628
3.18189
3.18752
3.19315
3.19879
3.20444
3.2101
3.21577
3.22145
3.22714
3.23284
3.23854
3.24426
3.24998
3.25571
3.26146
3.26721
3.27297
3.27874
3.28452
3.29031
3.29611
3.30192
3.30774
3.31356
3.3194
3.32524
3.3311
3.33696
3.34284
3.34872
3.35461
3.36051
3.36642
3.37234
3.37827
3.38421
3.39016
3.39612
3.40209
3.40807
3.41406
3.42005
3.42606
3.43208
3.4381
3.44414
3.45018
3.45624
3.4623
3.46837
3.47446
3.48055
3.48665
3.49277
3.49889
3.50502
3.51116
3.51732
3.52348
3.52965
3.53583
3.54202
3.54822
3.55443
3.56065
3.56688
3.57312
3.57937
3.58563
3.5919
3.59818
3.60448
3.61078
3.61709
3.62341
3.62974
3.63608
3.64243
3.64879
3.65516
3.66154
3.66793
3.67433
3.68074
3.68716
3.69359
3.70003
3.70648
3.71294
3.71942
3.7259
3.73239
3.73889
3.7454
3.75193
3.75846
3.765
3.77156
3.77812
3.7847
3.79128
3.79788
3.80448
3.8111
3.81773
3.82436
3.83101
3.83767
3.84434
3.85102
3.8577
3.8644
3.87111
3.87784
3.88457
3.89131
3.89806
3.90482
3.9116
3.91838
3.92518
3.93198
3.9388
3.94563
3.95246
3.95931
3.96617
3.97304
3.97992
3.98681
3.99372
4.00063
4.00755
4.01449
4.02143
4.02839
4.03536
4.04233
4.04932
4.05632
4.06333
4.07036
4.07739
4.08443
4.09149
4.09855
4.10563
4.11272
4.11982
4.12693
4.13405
4.14118
4.14832
4.15548
