968.468
964.758
961.068
957.399
953.75
950.121
946.513
942.924
939.355
935.805
932.275
928.765
925.274
921.802
918.35
914.916
911.502
908.106
904.729
901.371
898.031
894.71
891.407
888.122
884.855
881.607
878.376
875.163
871.968
868.791
865.631
862.489
859.364
856.256
853.166
850.092
847.036
843.996
840.973
837.967
834.978
832.005
829.049
826.108
823.185
820.277
817.385
814.51
811.65
808.806
805.978
803.166
800.369
797.588
794.822
792.071
789.336
786.615
783.91
781.22
778.544
775.884
773.238
770.607
767.99
765.388
762.801
760.227
757.668
755.124
752.593
750.076
747.573
745.084
742.609
740.148
737.7
735.266
732.845
730.438
728.044
725.664
723.296
720.942
718.601
716.273
713.957
711.655
709.365
707.088
704.824
702.572
700.333
698.106
695.892
693.69
691.5
689.322
687.156
685.003
682.861
680.731
678.613
676.507
674.413
672.33
670.259
668.199
666.151
664.114
662.088
660.074
658.071
656.079
654.098
652.128
650.169
648.221
646.283
644.357
642.441
640.536
638.641
636.758
634.884
633.021
631.168
629.326
627.494
625.672
623.86
622.058
620.266
618.485
616.713
614.951
613.199
611.456
609.724
608.001
606.287
604.583
602.889
601.204
599.528
597.862
596.205
594.557
592.918
591.289
589.668
588.057
586.455
584.861
583.276
581.701
580.134
578.575
577.026
575.485
573.953
572.429
570.913
569.406
567.908
566.418
564.936
563.462
561.997
560.54
559.091
557.65
556.217
554.792
553.375
551.966
550.564
549.171
547.785
546.407
545.037
543.674
542.319
540.972
539.632
538.299
536.974
535.656
534.346
533.043
531.747
530.459
529.177
527.903
526.636
525.376
524.123
522.877
521.638
520.406
519.18
517.962
516.75
515.546
514.347
513.156
511.971
510.793
509.621
508.456
507.297
506.145
505
503.86
502.727
501.601
500.48
499.366
498.258
497.156
496.061
494.971
493.888
492.811
491.739
490.674
489.614
488.561
487.513
486.472
485.436
484.405
483.381
482.362
481.349
480.342
479.34
478.344
477.353
476.368
475.388
474.414
473.445
472.482
471.524
470.572
469.624
468.682
467.745
466.814
465.888
464.966
464.05
463.139
462.234
461.333
460.437
459.546
458.66
457.779
456.903
456.032
455.166
454.305
453.448
452.596
451.749
450.907
450.069
449.236
448.408
447.584
446.765
445.95
445.14
444.335
443.533
442.737
441.945
441.157
440.374
439.595
438.82
438.049
437.283
436.522
435.764
435.011
434.261
433.516
432.776
432.039
431.306
430.578
429.853
429.133
428.416
427.704
426.995
426.29
425.59
424.893
424.2
423.511
422.826
422.144
421.467
420.793
420.123
419.456
418.793
418.134
417.479
416.827
416.179
415.535
414.894
414.256
413.622
412.992
412.365
411.742
411.122
410.505
409.892
409.283
408.676
408.073
407.474
406.877
406.284
405.695
405.108
404.525
403.945
403.368
402.795
402.224
401.657
401.093
400.532
399.974
399.419
398.868
398.319
397.773
397.231
396.691
396.154
395.62
395.09
394.562
394.037
393.515
392.996
392.479
391.966
391.455
390.947
390.442
389.94
389.441
388.944
388.45
387.959
387.47
386.984
386.501
386.02
385.543
385.067
384.595
384.124
383.657
383.192
382.73
382.27
381.812
381.357
380.905
380.455
380.008
379.563
379.12
378.68
378.242
377.807
377.374
376.944
376.515
376.09
375.666
375.245
374.826
374.409
373.995
373.583
373.173
372.765
372.36
371.956
371.555
371.157
370.76
370.365
369.973
369.583
369.195
368.809
368.425
368.043
367.663
367.285
366.91
366.536
366.164
365.795
365.427
365.061
364.698
364.336
363.976
363.619
363.263
362.909
362.557
362.207
361.858
361.512
361.167
360.825
360.484
360.145
359.808
359.472
359.139
358.807
358.477
358.149
357.822
357.498
357.175
356.853
356.534
356.216
355.9
355.585
355.273
354.961
354.652
354.344
354.038
353.733
353.431
353.129
352.829
352.531
352.235
351.94
351.646
351.355
351.064
350.775
350.488
350.202
349.918
349.635
349.354
349.074
348.796
348.519
348.244
347.97
347.697
347.426
347.157
346.888
346.622
346.356
346.092
345.829
345.568
345.308
345.05
344.792
344.536
344.282
344.029
343.777
343.526
343.277
343.029
342.782
342.536
342.292
342.049
341.808
341.567
341.328
341.09
340.853
340.618
340.383
340.15
339.918
339.687
339.458
339.229
339.002
338.776
338.551
338.327
338.105
337.883
337.663
337.444
337.225
337.008
336.792
336.578
336.364
336.151
335.939
335.729
335.519
335.311
335.104
334.897
334.692
334.488
334.284
334.082
333.881
333.68
333.481
333.283
333.086
332.889
332.694
332.5
332.306
332.114
331.922
331.732
331.542
331.353
331.165
330.979
330.793
330.608
330.423
330.24
330.058
329.876
329.696
329.516
329.337
329.159
328.982
328.806
328.631
328.456
328.282
328.109
327.937
327.766
327.596
327.426
327.257
327.089
326.922
326.756
326.59
326.425
326.261
326.098
325.935
325.774
325.613
325.452
325.293
325.134
324.976
324.819
324.662
324.507
324.351
324.197
324.043
323.89
323.738
323.587
323.436
323.286
323.136
322.987
322.839
322.692
322.545
322.399
322.254
322.109
321.965
321.821
321.678
321.536
321.395
321.254
321.113
320.974
320.835
320.696
320.558
320.421
320.285
320.149
320.013
319.878
319.744
319.611
319.478
319.345
319.213
319.082
318.951
318.821
318.691
318.562
318.434
318.306
318.178
318.051
317.925
317.799
317.674
317.549
317.425
317.301
317.178
317.055
316.933
316.811
316.69
316.57
316.449
316.33
316.211
316.092
315.974
315.856
315.739
315.622
315.506
315.39
315.275
315.16
315.045
314.931
314.818
314.705
314.592
314.48
314.368
314.257
314.146
314.036
313.926
313.816
313.707
313.598
313.49
313.382
313.275
313.168
313.061
312.955
312.849
312.743
312.638
312.534
312.429
312.326
312.222
312.119
312.016
311.914
311.812
311.71
311.609
311.508
311.408
311.308
311.208
311.109
311.01
310.911
310.813
310.715
310.617
310.52
310.423
310.326
310.23
310.134
310.038
309.943
309.848
309.754
309.659
309.565
309.472
309.378
309.285
309.193
309.1
309.008
308.916
308.825
308.734
308.643
308.552
308.462
308.372
308.282
308.193
308.104
308.015
307.926
307.838
307.75
307.662
307.575
307.488
307.401
307.314
307.228
307.142
307.056
306.97
306.885
306.8
306.715
306.631
306.546
306.462
306.378
306.295
306.212
306.128
306.046
305.963
305.881
305.799
305.717
305.635
305.554
305.472
305.391
305.311
305.23
305.15
305.07
304.99
304.91
304.831
304.752
304.673
304.594
304.515
304.437
304.359
304.281
304.203
304.126
304.048
303.971
303.894
303.817
303.741
303.664
303.588
303.512
303.436
303.361
303.285
303.21
303.135
303.06
302.985
302.911
302.836
302.762
302.688
302.614
302.541
302.467
302.394
302.321
302.248
302.175
302.102
302.03
301.957
301.885
301.813
301.741
301.669
301.598
301.526
301.455
301.384
301.313
301.242
301.171
301.101
301.03
300.96
300.89
300.82
300.75
300.68
300.611
300.541
300.472
300.403
300.334
300.265
300.196
300.128
300.059
299.991
299.922
299.854
299.786
299.718
299.651
299.583
299.515
299.448
299.381
299.313
299.246
299.179
299.112
299.046
298.979
298.913
298.846
298.78
298.714
298.647
298.581
298.516
298.45
298.384
298.318
298.253
298.188
298.122
298.057
297.992
297.927
297.862
297.797
297.732
297.668
297.603
297.539
297.474
297.41
297.346
297.282
297.218
297.154
297.09
297.026
296.962
296.899
296.835
296.772
296.708
296.645
296.582
296.519
296.456
296.393
296.33
296.267
296.204
296.141
296.079
296.016
295.953
295.891
295.829
295.766
295.704
295.642
295.58
295.518
295.456
295.394
295.332
295.27
295.208
295.146
295.085
295.023
294.962
294.9
294.839
294.777
294.716
294.655
294.594
294.533
294.471
294.41
294.349
294.288
294.228
294.167
294.106
294.045
293.984
293.924
293.863
293.803
293.742
293.681
293.621
293.561
293.5
293.44
293.38
293.319
293.259
293.199
293.139
293.079
293.019
292.959
292.899
292.839
292.779
292.719
292.659
292.599
292.539
292.48
292.42
292.36
292.301
292.241
292.181
292.122
292.062
292.003
291.943
291.884
291.824
291.765
291.705
291.646
291.587
291.527
291.468
291.409
291.349
291.29
291.231
291.172
291.113
291.053
290.994
290.935
290.876
290.817
290.758
290.699
290.64
290.581
290.522
290.463
290.404
290.345
290.286
290.227
290.168
290.109
290.05
289.991
289.932
289.874
289.815
289.756
289.697
289.638
289.579
289.521
289.462
289.403
289.344
289.285
289.227
289.168
289.109
289.05
288.992
288.933
288.874
288.815
288.757
288.698
288.639
288.58
288.522
288.463
288.404
288.345
288.287
288.228
288.169
288.11
288.052
287.993
287.934
287.876
287.817
287.758
287.699
287.641
287.582
287.523
287.464
287.406
287.347
287.288
287.229
287.17
287.112
287.053
286.994
286.935
286.876
286.818
286.759
286.7
286.641
286.582
286.523
286.465
286.406
286.347
286.288
286.229
286.17
286.111
286.052
285.993
285.934
285.875
285.816
285.757
285.698
285.639
285.58
285.521
285.462
285.403
285.344
285.285
285.226
285.167
285.107
285.048
284.989
284.93
284.871
284.811
284.752
284.693
284.634
284.574
284.515
284.456
284.396
284.337
284.277
284.218
284.159
284.099
284.04
283.98
283.921
283.861
283.802
283.742
283.682
283.623
283.563
283.504
283.444
283.384
283.325
283.265
283.205
283.145
283.085
283.026
282.966
282.906
282.846
282.786
282.726
282.666
282.606
282.546
282.486
282.426
282.366
282.306
282.246
282.186
282.125
282.065
282.005
281.945
281.884
281.824
281.764
281.703
281.643
281.583
281.522
281.462
281.401
281.341
281.28
281.22
281.159
281.098
281.038
280.977
280.916
280.856
280.795
280.734
280.673
280.612
280.551
280.49
280.43
280.369
280.308
280.247
280.185
280.124
280.063
280.002
279.941
279.88
279.818
279.757
279.696
279.634
279.573
279.512
279.45
279.389
279.327
279.266
279.204
279.143
279.081
279.019
278.958
278.896
278.834
278.772
278.711
278.649
278.587
278.525
278.463
278.401
278.339
278.277
278.215
278.153
278.09
278.028
277.966
277.904
277.842
277.779
277.717
277.654
277.592
277.53
277.467
277.405
277.342
277.279
277.217
277.154
277.091
277.029
276.966
276.903
276.84
276.777
276.714
276.651
276.588
276.525
276.462
276.399
276.336
276.273
276.21
276.146
276.083
276.02
275.956
275.893
275.83
275.766
275.703
275.639
275.576
275.512
275.448
275.385
275.321
275.257
275.193
275.129
275.066
275.002
274.938
274.874
274.81
274.746
274.682
274.617
274.553
274.489
274.425
274.36
274.296
274.232
274.167
274.103
274.038
273.974
273.909
273.845
273.78
273.715
273.651
273.586
273.521
273.456
273.391
273.327
273.262
273.197
273.132
273.067
273.001
272.936
272.871
272.806
272.741
272.675
272.61
272.545
272.479
272.414
272.348
272.283
272.217
272.151
272.086
272.02
271.954
271.889
271.823
271.757
271.691
271.625
271.559
271.493
271.427
271.361
271.295
271.229
271.162
271.096
271.03
270.964
270.897
270.831
270.764
270.698
270.631
270.565
270.498
270.431
270.365
270.298
270.231
270.164
270.097
270.031
269.964
269.897
269.83
269.763
269.695
269.628
269.561
269.494
269.427
269.359
269.292
269.224
269.157
269.09
269.022
268.955
268.887
268.819
268.752
268.684
268.616
268.548
268.48
268.413
268.345
268.277
268.209
268.141
268.073
268.004
267.936
267.868
267.8
267.731
267.663
267.595
267.526
267.458
267.389
267.321
267.252
267.184
267.115
267.046
266.977
266.909
266.84
266.771
266.702
266.633
266.564
266.495
266.426
266.357
266.288
266.219
266.149
266.08
266.011
265.941
265.872
265.802
265.733
265.663
265.594
265.524
265.455
265.385
265.315
265.245
265.176
265.106
265.036
264.966
264.896
264.826
264.756
264.686
264.616
264.545
264.475
264.405
264.335
264.264
264.194
264.123
264.053
263.982
263.912
263.841
263.771
263.7
263.629
263.558
263.488
263.417
263.346
263.275
263.204
263.133
263.062
262.991
262.92
262.848
262.777
262.706
262.635
262.563
262.492
262.421
262.349
262.278
262.206
262.134
262.063
261.991
261.919
261.848
261.776
261.704
261.632
261.56
261.488
261.416
261.344
261.272
261.2
261.128
261.056
260.984
260.911
260.839
260.767
260.694
260.622
260.549
260.477
260.404
260.332
260.259
260.186
260.114
260.041
259.968
259.895
259.822
259.749
259.677
259.604
259.531
259.457
259.384
259.311
259.238
259.165
259.091
259.018
258.945
258.871
258.798
258.724
258.651
258.577
258.504
258.43
258.356
258.283
258.209
258.135
258.061
257.987
257.914
257.84
257.766
257.692
257.618
257.543
257.469
257.395
257.321
257.247
257.172
257.098
257.024
256.949
256.875
256.8
256.726
256.651
256.576
256.502
256.427
256.352
256.278
256.203
256.128
256.053
255.978
255.903
255.828
255.753
255.678
255.603
255.528
255.452
255.377
255.302
255.227
255.151
255.076
255
254.925
254.849
254.774
254.698
254.623
254.547
254.471
254.396
254.32
254.244
254.168
254.092
254.016
253.94
253.864
253.788
253.712
253.636
253.56
253.484
253.407
253.331
253.255
253.179
253.102
253.026
252.949
252.873
252.796
252.72
252.643
252.566
252.49
252.413
252.336
252.259
252.183
252.106
252.029
251.952
251.875
251.798
251.721
251.644
251.567
251.49
251.412
251.335
251.258
251.18
251.103
251.026
250.948
250.871
250.793
250.716
250.638
250.561
250.483
250.405
250.328
250.25
250.172
250.094
250.016
249.939
249.861
249.783
249.705
249.627
249.549
249.47
249.392
249.314
249.236
249.158
249.079
249.001
248.923
248.844
248.766
248.687
248.609
248.53
248.452
248.373
248.295
248.216
248.137
248.059
247.98
247.901
247.822
247.743
247.664
247.585
247.506
247.427
247.348
247.269
247.19
247.111
247.032
246.953
246.873
246.794
246.715
246.635
246.556
246.476
246.397
246.317
246.238
246.158
246.079
245.999
245.92
245.84
245.76
245.68
245.601
245.521
245.441
245.361
245.281
245.201
245.121
245.041
244.961
244.881
244.801
244.721
244.64
244.56
244.48
244.4
244.319
244.239
244.158
244.078
243.998
243.917
243.837
243.756
243.675
243.595
243.514
243.434
243.353
243.272
243.191
243.11
243.03
242.949
242.868
242.787
242.706
242.625
242.544
242.463
242.382
242.301
242.22
242.138
242.057
241.976
241.895
241.813
241.732
241.651
241.569
241.488
241.406
241.325
241.243
241.162
241.08
240.999
240.917
240.835
240.754
240.672
240.59
240.508
240.427
240.345
240.263
240.181
240.099
240.017
239.935
239.853
239.771
239.689
239.607
239.525
239.443
239.36
239.278
239.196
239.114
239.031
238.949
238.867
238.784
238.702
238.62
238.537
238.455
238.372
238.29
238.207
238.124
238.042
237.959
237.876
237.794
237.711
237.628
237.546
237.463
237.38
237.297
237.214
237.131
237.048
236.965
236.882
236.799
236.716
236.633
236.55
236.467
236.384
236.301
236.218
236.134
236.051
235.968
235.885
235.801
235.718
235.635
235.551
235.468
235.385
235.301
235.218
235.134
235.051
234.967
234.884
234.8
234.717
234.633
234.549
234.466
234.382
234.298
234.215
234.131
234.047
233.963
233.88
233.796
233.712
233.628
233.544
233.461
233.377
233.293
233.209
233.125
233.041
232.957
232.873
232.789
232.705
232.621
232.537
232.453
232.369
232.284
232.2
232.116
232.032
231.948
231.864
231.779
231.695
231.611
231.527
231.443
231.358
231.274
231.19
231.105
231.021
230.937
230.852
230.768
230.684
230.599
230.515
230.431
230.346
230.262
230.177
230.093
230.009
229.924
229.84
229.755
229.671
229.586
229.502
229.417
229.333
229.248
229.164
229.079
228.995
228.91
228.826
228.741
228.657
228.572
228.488
228.403
228.319
228.234
228.15
228.065
227.981
227.896
227.812
227.727
227.643
227.558
227.474
227.389
227.305
227.221
227.136
227.052
226.967
226.883
226.798
226.714
226.63
226.545
226.461
226.376
226.292
226.208
226.123
226.039
225.955
225.87
225.786
225.702
225.618
225.533
225.449
225.365
225.281
225.197
225.112
225.028
224.944
224.86
224.776
224.692
224.608
224.524
224.44
224.356
224.272
224.189
224.105
224.021
223.937
223.853
223.77
223.686
223.602
223.519
223.435
223.352
223.268
223.185
223.101
223.018
222.935
222.851
222.768
222.685
222.602
222.519
222.436
222.353
222.27
222.187
222.104
222.021
221.938
221.856
221.773
221.69
221.608
221.525
221.443
221.361
221.278
221.196
221.114
221.032
220.95
220.868
220.786
220.704
220.623
220.541
220.459
220.378
220.296
220.215
220.134
220.053
219.972
219.891
219.81
219.729
219.648
219.567
219.487
219.406
219.326
219.246
219.165
219.085
219.005
218.926
218.846
218.766
218.686
218.607
218.528
218.448
218.369
218.29
218.211
218.133
218.054
217.976
217.897
217.819
217.741
217.663
217.585
217.507
217.43
217.352
217.275
217.198
217.121
217.044
216.967
216.89
216.814
216.738
216.662
216.586
216.51
216.434
216.359
216.283
216.208
216.133
216.058
215.984
215.909
215.835
215.761
215.687
215.613
215.54
215.467
215.394
215.321
215.248
215.175
215.103
215.031
214.959
214.887
214.816
214.745
214.674
214.603
214.532
214.462
214.392
214.322
214.252
214.183
214.114
214.045
213.976
213.908
213.84
213.772
213.704
213.637
213.57
213.503
213.437
213.37
213.304
213.239
213.173
213.108
213.043
212.979
212.914
212.85
212.787
212.724
212.661
212.598
212.535
212.473
212.412
212.35
212.289
212.229
212.168
212.108
212.048
211.989
211.93
211.871
211.813
211.755
211.698
211.641
211.584
211.527
211.471
211.416
211.361
211.306
211.251
211.197
211.144
211.091
211.038
210.985
210.933
210.882
210.831
210.78
210.73
210.68
210.631
210.582
210.534
210.486
210.438
210.391
210.345
210.299
210.253
210.208
210.164
210.12
210.076
210.033
209.99
209.948
209.907
209.866
209.825
209.786
209.746
209.707
209.669
209.631
209.594
209.558
209.521
209.486
209.451
209.417
209.383
209.35
209.317
209.285
209.254
209.223
209.193
209.164
209.135
209.107
209.079
209.052
209.026
209
208.975
208.951
208.927
208.904
208.882
208.86
208.839
208.819
208.799
208.78
208.762
208.745
208.728
208.712
208.697
208.682
208.668
208.655
208.643
208.631
208.621
208.61
208.601
208.593
208.585
208.578
208.572
208.567
208.562
208.558
208.555
208.553
208.552
208.551
208.552
208.553
208.555
208.558
208.562
208.566
208.572
208.578
208.586
208.594
208.603
208.613
208.623
208.635
208.648
208.661
208.676
208.691
208.707
208.724
208.743
208.762
208.782
208.803
208.825
208.848
208.872
208.897
208.922
208.949
208.977
209.006
209.036
209.067
209.099
209.131
209.165
209.2
209.236
209.273
209.311
209.35
209.39
209.432
209.474
209.517
209.562
209.607
209.654
209.701
209.75
209.8
209.851
209.903
209.956
210.01
210.065
210.122
210.179
210.238
210.298
210.359
210.421
210.484
210.549
210.615
210.681
210.749
210.818
210.889
210.96
211.033
211.106
211.181
211.257
211.335
211.413
211.493
211.574
211.656
211.74
211.824
211.91
211.997
212.085
212.175
212.265
212.357
212.451
212.545
212.641
212.738
212.836
212.935
213.036
213.138
213.241
213.345
213.451
213.558
213.666
213.775
213.886
213.998
214.112
214.226
214.342
214.459
214.577
214.697
214.818
214.94
215.064
215.189
215.315
215.442
215.571
215.701
215.832
215.965
216.099
216.234
216.37
216.508
216.647
216.787
216.929
217.072
217.216
217.362
217.509
217.657
217.806
217.957
218.109
218.262
218.417
218.572
218.73
218.888
219.048
219.209
219.371
219.534
219.699
219.865
220.033
220.201
220.371
220.543
220.715
220.889
221.064
221.24
221.417
221.596
221.776
221.957
222.14
222.324
222.509
222.695
222.882
223.071
223.261
223.452
223.644
223.838
224.032
224.228
224.426
224.624
224.823
225.024
225.226
225.429
225.633
225.838
226.045
226.253
226.461
226.671
226.882
227.094
227.308
227.522
227.738
227.954
228.172
228.391
228.611
228.832
229.054
229.277
229.501
229.726
229.952
230.179
230.407
230.637
230.867
231.098
231.33
231.563
231.797
232.033
232.269
232.506
232.743
232.982
233.222
233.463
233.704
233.946
234.19
234.434
234.679
234.925
235.171
235.419
235.667
235.916
236.166
236.416
236.668
236.92
237.173
237.426
237.68
237.935
238.191
238.447
238.704
238.962
239.22
239.479
239.739
239.999
240.26
240.521
240.783
241.045
241.308
241.572
241.836
242.1
242.365
242.631
242.896
243.163
243.43
243.697
243.964
244.232
244.5
244.769
245.038
245.307
245.577
245.847
246.117
246.387
246.658
246.929
247.2
247.471
247.743
248.014
248.286
248.558
248.83
249.102
249.374
249.647
249.919
250.191
250.463
250.736
251.008
251.28
251.553
251.825
252.097
252.369
252.641
252.912
253.184
253.455
253.726
253.997
254.268
254.538
254.808
255.078
255.348
255.617
255.886
256.155
256.423
256.69
256.958
257.225
257.491
257.757
258.023
258.288
258.552
258.816
259.079
259.342
259.604
259.866
260.127
260.387
260.647
260.905
261.163
261.421
261.677
261.933
262.188
262.443
262.696
262.949
263.2
263.451
263.701
263.95
264.198
264.445
264.691
264.936
265.18
265.423
265.665
265.905
266.145
266.384
266.621
266.857
267.092
267.326
267.559
267.79
268.02
268.249
268.477
268.703
268.928
269.151
269.374
269.594
269.814
270.032
270.248
270.463
270.677
270.889
271.099
271.308
271.515
271.721
271.925
272.128
272.329
272.528
272.726
272.922
273.116
273.308
273.499
273.688
273.875
274.061
274.244
274.426
274.606
274.784
274.96
275.134
275.307
275.477
275.646
275.812
275.977
276.139
276.299
276.458
276.614
276.769
276.921
277.071
277.219
277.365
277.509
277.65
277.789
277.927
278.062
278.194
278.325
278.453
278.579
278.703
278.824
278.944
279.06
279.175
279.287
279.397
279.504
279.609
279.712
279.812
279.909
280.005
280.098
280.188
280.276
280.361
280.444
280.524
280.602
280.678
280.75
280.82
280.888
280.953
281.016
281.075
281.133
281.187
281.239
281.288
281.335
281.379
281.42
281.459
281.495
281.528
281.559
281.587
281.612
281.634
281.654
281.671
281.685
281.696
281.705
281.711
281.714
281.714
281.711
281.706
281.698
281.687
281.673
281.657
281.637
281.615
281.59
281.562
281.531
281.498
281.461
281.422
281.38
281.335
281.287
281.236
281.182
281.126
281.066
281.004
280.939
280.871
280.8
280.726
280.649
280.57
280.487
280.402
280.313
280.222
280.128
280.031
279.931
279.829
279.723
279.615
279.503
279.389
279.272
279.152
279.029
278.903
278.775
278.643
278.509
278.372
278.232
278.089
277.943
277.794
277.643
277.489
277.331
277.172
277.009
276.843
276.675
276.504
276.33
276.153
275.973
275.791
275.606
275.418
275.227
275.034
274.838
274.639
274.437
274.233
274.026
273.816
273.603
273.388
273.17
272.95
272.727
272.501
272.272
272.041
271.808
271.571
271.332
271.091
270.847
270.6
270.351
270.099
269.844
269.588
269.328
269.066
268.802
268.535
268.266
267.994
267.72
267.443
267.164
266.883
266.599
266.313
266.024
265.733
265.44
265.144
264.846
264.546
264.244
263.939
263.632
263.323
263.011
262.697
262.382
262.064
261.743
261.421
261.097
260.77
260.441
260.111
259.778
259.443
259.106
258.767
258.426
258.083
257.738
257.392
257.043
256.692
256.34
255.985
255.629
255.271
254.911
254.549
254.185
253.82
253.453
253.084
252.713
252.341
251.967
251.592
251.214
250.835
250.455
250.073
249.689
249.304
248.917
248.528
248.139
247.747
247.354
246.96
246.565
246.168
245.769
245.369
244.968
244.566
244.162
243.757
243.35
242.943
242.534
242.124
241.712
241.3
240.886
240.471
240.055
239.638
239.22
238.801
238.381
237.96
237.538
237.115
236.69
236.265
235.839
235.412
234.985
234.556
234.126
233.696
233.265
232.833
232.4
231.967
231.533
231.098
230.662
230.226
229.789
229.351
228.913
228.474
228.035
227.595
227.155
226.714
226.272
225.83
225.388
224.945
224.502
224.058
223.614
223.169
222.725
222.28
221.834
221.388
220.942
220.496
220.05
219.603
219.156
218.709
218.262
217.814
217.367
216.919
216.471
216.023
215.575
215.127
214.679
214.231
213.783
213.335
212.887
212.44
211.992
211.544
211.097
210.649
210.202
209.755
209.308
208.861
208.414
207.968
207.522
207.076
206.63
206.185
205.74
205.295
204.851
204.407
203.963
203.52
203.077
202.635
202.193
201.751
201.31
200.87
200.429
199.99
199.551
199.112
198.674
198.236
197.799
197.363
196.927
196.492
196.057
195.623
195.19
194.757
194.325
193.894
193.464
193.034
192.605
192.176
191.748
191.322
190.895
190.47
190.045
189.622
189.199
188.777
188.355
187.935
187.515
187.096
186.679
186.262
185.846
185.43
185.016
184.603
184.191
183.779
183.369
182.959
182.551
182.143
181.737
181.331
180.927
180.523
180.121
179.719
179.319
178.92
178.522
178.124
177.728
177.333
176.939
176.547
176.155
175.764
175.375
174.987
174.599
174.213
173.828
173.445
173.062
172.681
172.301
171.921
171.544
171.167
170.791
170.417
170.044
169.672
169.302
168.932
168.564
168.197
167.831
167.467
167.104
166.742
166.381
166.022
165.663
165.306
164.951
164.596
164.243
163.891
163.541
163.192
162.844
162.497
162.151
161.807
161.465
161.123
160.783
160.444
160.106
159.77
159.435
159.102
158.769
158.438
158.109
157.78
157.453
157.127
156.803
156.48
156.158
155.838
155.519
155.201
154.884
154.569
154.255
153.943
153.632
153.322
153.014
152.706
152.401
152.096
151.793
151.491
151.191
150.891
150.594
150.297
150.002
149.708
149.415
149.124
148.834
148.546
148.258
147.972
147.688
147.404
147.122
146.841
146.562
146.284
146.007
145.731
145.457
145.184
144.913
144.642
144.373
144.105
143.839
143.574
143.31
143.047
142.786
142.525
142.267
142.009
141.753
141.497
141.244
140.991
140.74
140.49
140.241
139.993
139.747
139.502
139.258
139.015
138.773
138.533
138.294
138.056
137.82
137.584
137.35
137.117
136.885
136.654
136.425
136.197
135.969
135.743
135.519
135.295
135.072
134.851
134.631
134.412
134.194
133.977
133.761
133.547
133.333
133.121
132.91
132.7
132.491
132.283
132.076
131.87
131.665
131.462
131.259
131.058
130.858
130.658
130.46
130.263
130.067
129.871
129.677
129.484
129.292
129.101
128.911
128.722
128.534
128.347
128.161
127.976
127.792
127.609
127.426
127.245
127.065
126.886
126.708
126.53
126.354
126.178
126.004
125.83
125.657
125.486
125.315
125.145
124.976
124.807
124.64
124.474
124.308
124.143
123.98
123.817
123.655
123.493
123.333
123.173
123.015
122.857
122.7
122.544
122.388
122.233
122.08
121.927
121.774
121.623
121.472
121.322
121.173
121.025
120.877
120.731
120.585
120.439
120.295
120.151
120.008
119.865
119.724
119.583
119.443
119.303
119.164
119.026
118.889
118.752
118.616
118.481
118.346
118.212
118.079
117.946
117.814
117.682
117.552
117.422
117.292
117.163
117.035
116.907
116.78
116.654
116.528
116.403
116.278
116.154
116.031
115.908
115.786
115.664
115.543
115.423
115.303
115.183
115.065
114.946
114.829
114.711
114.595
114.479
114.363
114.248
114.133
114.019
113.906
113.793
113.68
113.568
113.456
113.345
113.235
113.125
113.015
112.906
112.797
112.689
112.581
112.474
112.367
112.261
112.155
112.049
111.944
111.84
111.735
111.632
111.528
111.425
111.323
111.221
111.119
111.018
110.917
110.817
110.716
110.617
110.517
110.419
110.32
110.222
110.124
110.027
109.93
109.833
109.737
109.641
109.545
109.45
109.355
109.261
109.166
109.073
108.979
108.886
108.793
108.7
108.608
108.516
108.425
108.334
108.243
108.152
108.062
107.972
107.882
107.793
107.704
107.615
107.526
107.438
107.35
107.262
107.175
107.088
107.001
106.915
106.828
106.742
106.657
106.571
106.486
106.401
106.316
106.232
106.148
106.064
105.98
105.897
105.813
105.73
105.648
105.565
105.483
105.401
105.319
105.238
105.156
105.075
104.994
104.914
104.833
104.753
104.673
104.593
104.513
104.434
104.355
104.276
104.197
104.118
104.04
103.962
103.884
103.806
103.729
103.651
103.574
103.497
103.42
103.343
103.267
103.191
103.114
103.038
102.963
102.887
102.812
102.736
102.661
102.586
102.512
102.437
102.363
102.288
102.214
102.14
102.066
101.993
101.919
101.846
101.773
101.7
101.627
101.554
101.482
101.409
101.337
101.265
101.193
101.121
101.049
100.978
100.906
100.835
100.764
100.693
100.622
100.551
100.48
100.41
100.339
100.269
100.199
100.129
100.059
99.9895
99.9198
99.8503
99.7809
99.7117
99.6426
99.5735
99.5046
99.4358
99.3672
99.2986
99.2302
99.1619
99.0936
99.0255
98.9575
98.8897
98.8219
98.7542
98.6867
98.6192
98.5519
98.4847
98.4175
98.3505
98.2836
98.2168
98.1501
98.0834
98.0169
97.9505
97.8842
97.818
97.7519
97.6859
97.6199
97.5541
97.4884
97.4228
97.3572
97.2918
97.2264
97.1612
97.096
97.0309
96.966
96.9011
96.8363
96.7716
96.707
96.6424
96.578
96.5136
96.4494
96.3852
96.3211
96.2571
96.1932
96.1293
96.0656
96.0019
95.9384
95.8749
95.8114
95.7481
95.6849
95.6217
95.5586
95.4956
95.4327
95.3699
95.3071
95.2444
95.1818
95.1193
95.0569
94.9945
94.9322
94.87
94.8079
94.7458
94.6838
94.622
94.5601
94.4984
94.4367
94.3751
94.3136
94.2522
94.1908
94.1295
94.0683
94.0071
93.9461
93.8851
93.8242
93.7633
93.7025
93.6418
93.5812
93.5206
93.4602
93.3997
93.3394
93.2791
93.2189
93.1588
93.0987
93.0388
92.9788
92.919
92.8592
92.7995
92.7399
92.6803
92.6208
92.5614
92.502
92.4427
92.3835
92.3244
92.2653
92.2063
92.1473
92.0885
92.0297
91.9709
91.9122
91.8536
91.7951
91.7366
91.6782
91.6199
91.5616
91.5034
91.4453
91.3872
91.3293
91.2713
91.2135
91.1557
91.0979
91.0403
90.9827
90.9251
90.8677
90.8103
90.7529
90.6957
90.6385
90.5813
90.5243
90.4673
90.4103
90.3535
90.2967
90.2399
90.1832
90.1266
90.0701
90.0136
89.9572
89.9009
89.8446
89.7884
89.7322
89.6761
89.6201
89.5641
89.5082
89.4524
89.3967
89.341
89.2853
89.2298
89.1743
89.1188
89.0634
89.0081
88.9529
88.8977
88.8426
88.7875
88.7326
88.6776
88.6228
88.568
88.5133
88.4586
88.404
88.3495
88.295
88.2406
88.1863
88.132
88.0778
88.0236
87.9696
87.9156
87.8616
87.8077
87.7539
87.7001
87.6464
87.5928
87.5393
87.4858
87.4323
87.379
87.3256
87.2724
87.2192
87.1661
87.1131
87.0601
87.0072
86.9543
86.9015
86.8488
86.7962
86.7436
86.691
86.6386
86.5862
86.5339
86.4816
86.4294
86.3773
86.3252
86.2732
86.2212
86.1694
86.1175
86.0658
86.0141
85.9625
85.9109
85.8595
85.808
85.7567
85.7054
85.6542
85.603
85.5519
85.5009
85.4499
85.399
85.3482
85.2974
85.2467
85.1961
85.1455
85.095
85.0446
84.9942
84.9439
84.8937
84.8435
84.7934
84.7433
84.6934
84.6435
84.5936
84.5438
84.4941
84.4445
84.3949
84.3454
84.2959
84.2466
84.1972
84.148
84.0988
84.0497
84.0007
83.9517
83.9028
83.8539
83.8051
83.7564
83.7078
83.6592
83.6107
83.5622
83.5138
83.4655
83.4173
83.3691
83.321
83.273
83.225
83.1771
83.1292
83.0815
83.0337
82.9861
82.9385
82.891
82.8436
82.7962
82.7489
82.7017
82.6545
82.6074
82.5604
82.5134
82.4665
82.4197
82.3729
82.3262
82.2796
82.2331
82.1866
82.1402
82.0938
82.0475
82.0013
81.9552
81.9091
81.8631
81.8172
81.7713
81.7255
81.6798
81.6341
81.5885
81.543
81.4975
81.4521
81.4068
81.3616
81.3164
81.2713
81.2262
81.1812
81.1363
81.0915
81.0467
81.002
80.9574
80.9129
80.8684
80.824
80.7796
80.7353
80.6911
80.647
80.6029
80.5589
80.515
80.4711
80.4273
80.3836
80.34
80.2964
80.2529
80.2095
80.1661
80.1228
80.0796
80.0364
79.9933
79.9503
79.9074
79.8645
79.8217
79.779
79.7363
79.6937
79.6512
79.6087
79.5664
79.5241
79.4818
79.4397
79.3976
79.3556
79.3136
79.2717
79.2299
79.1882
79.1465
79.1049
79.0634
79.022
78.9806
78.9393
78.898
78.8569
78.8158
78.7748
78.7338
78.693
78.6522
78.6114
78.5708
78.5302
78.4897
78.4492
78.4089
78.3686
78.3283
78.2882
78.2481
78.2081
78.1682
78.1283
78.0885
78.0488
78.0092
77.9696
77.9301
77.8907
77.8513
77.8121
77.7728
77.7337
77.6947
77.6557
77.6168
77.5779
77.5392
77.5005
77.4619
77.4233
77.3848
77.3464
77.3081
77.2699
77.2317
77.1936
77.1556
77.1176
77.0797
77.0419
77.0042
76.9665
76.9289
76.8914
76.854
76.8166
76.7794
76.7421
76.705
76.6679
76.6309
76.594
76.5572
76.5204
76.4837
76.4471
76.4106
76.3741
76.3377
76.3014
76.2652
76.229
76.1929
76.1569
76.1209
76.0851
76.0493
76.0136
75.9779
75.9423
75.9069
75.8714
75.8361
75.8008
75.7656
75.7305
75.6955
75.6605
75.6256
75.5908
75.5561
75.5214
75.4868
75.4523
75.4179
75.3836
75.3493
75.3151
75.2809
75.2469
75.2129
75.179
75.1452
75.1114
75.0778
75.0442
75.0107
74.9772
74.9438
74.9106
74.8773
74.8442
74.8112
74.7782
74.7453
74.7124
74.6797
74.647
74.6144
74.5819
74.5494
74.5171
74.4848
74.4526
74.4204
74.3884
74.3564
74.3245
74.2927
74.2609
74.2292
74.1976
74.1661
74.1347
74.1033
74.072
74.0408
74.0097
73.9787
73.9477
73.9168
73.886
73.8552
73.8246
73.794
73.7635
73.733
73.7027
73.6724
73.6422
73.6121
73.5821
73.5521
73.5222
73.4924
73.4627
73.433
73.4035
73.374
73.3446
73.3152
73.286
73.2568
73.2277
73.1987
73.1697
73.1409
73.1121
73.0834
73.0547
73.0262
72.9977
72.9693
72.941
72.9128
72.8846
72.8565
72.8286
72.8006
72.7728
72.745
72.7174
72.6898
72.6622
72.6348
72.6074
72.5801
72.5529
72.5258
72.4988
72.4718
72.4449
72.4181
72.3914
72.3647
72.3382
72.3117
72.2853
72.2589
72.2327
72.2065
72.1804
72.1544
72.1285
72.1026
72.0769
72.0512
72.0256
72
71.9746
71.9492
71.9239
71.8987
71.8736
71.8485
71.8235
71.7986
71.7738
71.7491
71.7245
71.6999
71.6754
71.651
71.6267
71.6024
71.5782
71.5542
71.5301
71.5062
71.4824
71.4586
71.4349
71.4113
71.3878
71.3643
71.341
71.3177
71.2945
71.2714
71.2483
71.2254
71.2025
71.1797
71.157
71.1344
71.1118
71.0893
71.0669
71.0446
71.0224
71.0002
70.9782
70.9562
70.9343
70.9125
70.8907
70.8691
70.8475
70.826
70.8046
70.7832
70.762
70.7408
70.7197
70.6987
70.6777
70.6569
70.6361
70.6154
70.5948
70.5743
70.5539
70.5335
70.5132
70.493
70.4729
70.4529
70.4329
70.413
70.3933
70.3735
70.3539
70.3344
70.3149
70.2955
70.2762
70.257
70.2379
70.2188
70.1998
70.181
70.1621
70.1434
70.1248
70.1062
70.0877
70.0693
70.051
70.0328
70.0146
69.9965
69.9786
69.9606
69.9428
69.9251
69.9074
69.8898
69.8723
69.8549
69.8376
69.8203
69.8032
69.7861
69.7691
69.7521
69.7353
69.7185
69.7019
69.6853
69.6688
69.6523
69.636
69.6197
69.6035
69.5874
69.5714
69.5555
69.5396
69.5239
69.5082
69.4926
69.477
69.4616
69.4462
69.4309
69.4158
69.4006
69.3856
69.3707
69.3558
69.341
69.3263
69.3117
69.2971
69.2827
69.2683
69.254
69.2398
69.2257
69.2117
69.1977
69.1838
69.17
69.1563
69.1427
69.1291
69.1157
69.1023
69.089
69.0758
69.0626
69.0496
69.0366
69.0237
69.0109
68.9982
68.9856
68.973
68.9605
68.9481
68.9358
68.9236
68.9115
68.8994
68.8874
68.8755
68.8637
68.852
68.8403
68.8288
68.8173
68.8059
68.7945
68.7833
68.7722
68.7611
68.7501
68.7392
68.7284
68.7176
68.707
68.6964
68.6859
68.6755
68.6651
68.6549
68.6447
68.6347
68.6247
68.6147
68.6049
68.5951
68.5855
68.5759
68.5664
68.557
68.5476
68.5384
68.5292
68.5201
68.5111
68.5022
68.4933
68.4846
68.4759
68.4673
68.4588
68.4503
68.442
68.4337
68.4255
68.4174
68.4094
68.4014
68.3936
68.3858
68.3781
68.3705
68.363
68.3555
68.3482
68.3409
68.3337
68.3266
68.3195
68.3126
68.3057
68.2989
68.2922
68.2856
68.279
68.2726
68.2662
68.2599
68.2537
68.2476
68.2415
68.2355
68.2297
68.2238
68.2181
68.2125
68.2069
68.2014
68.1961
68.1907
68.1855
68.1804
68.1753
68.1703
68.1654
68.1606
68.1558
68.1512
68.1466
68.1421
68.1377
68.1334
68.1291
68.1249
68.1208
68.1168
68.1129
68.1091
68.1053
68.1016
68.098
68.0945
68.0911
68.0877
68.0844
68.0812
68.0781
68.0751
68.0722
68.0693
68.0665
68.0638
68.0612
68.0586
68.0562
68.0538
68.0515
68.0493
68.0471
68.0451
68.0431
68.0412
68.0394
68.0377
68.036
68.0344
68.0329
68.0315
68.0302
68.0289
68.0278
68.0267
68.0257
68.0248
68.0239
68.0231
68.0225
68.0219
68.0213
68.0209
68.0205
68.0202
68.02
68.0199
68.0199
68.0199
68.02
68.0202
68.0205
68.0209
68.0213
68.0218
68.0224
68.0231
68.0238
68.0247
68.0256
68.0266
68.0277
68.0288
68.0301
68.0314
68.0328
68.0342
68.0358
68.0374
68.0391
68.0409
68.0428
68.0448
68.0468
68.0489
68.0511
68.0533
68.0557
68.0581
68.0606
68.0632
68.0659
68.0686
68.0714
68.0743
68.0773
68.0804
68.0835
68.0867
68.09
68.0934
68.0968
68.1003
68.1039
68.1076
68.1114
68.1152
68.1191
68.1231
68.1272
68.1314
68.1356
68.1399
68.1443
68.1488
68.1533
68.1579
68.1626
68.1674
68.1722
68.1772
68.1822
68.1873
68.1924
68.1977
68.203
68.2084
68.2139
68.2194
68.225
68.2307
68.2365
68.2424
68.2483
68.2543
68.2604
68.2666
68.2728
68.2791
68.2855
68.292
68.2985
68.3051
68.3118
68.3186
68.3255
68.3324
68.3394
68.3465
68.3536
68.3609
68.3682
68.3756
68.383
68.3906
68.3982
68.4059
68.4136
68.4214
68.4294
68.4373
68.4454
68.4535
68.4618
68.4701
68.4784
68.4869
68.4954
68.504
68.5126
68.5214
68.5302
68.539
68.548
68.557
68.5662
68.5753
68.5846
68.5939
68.6033
68.6128
68.6224
68.632
68.6417
68.6515
68.6613
68.6712
68.6812
68.6913
68.7015
68.7117
68.722
68.7323
68.7428
68.7533
68.7639
68.7745
68.7852
68.796
68.8069
68.8179
68.8289
68.84
68.8511
68.8624
68.8737
68.8851
68.8965
68.908
68.9196
68.9313
68.943
68.9549
68.9667
68.9787
68.9907
69.0028
69.015
69.0272
69.0395
69.0519
69.0644
69.0769
69.0895
69.1022
69.1149
69.1277
69.1406
69.1535
69.1666
69.1797
69.1928
69.206
69.2193
69.2327
69.2462
69.2597
69.2732
69.2869
69.3006
69.3144
69.3283
69.3422
69.3562
69.3702
69.3844
69.3986
69.4129
69.4272
69.4416
69.4561
69.4706
69.4852
69.4999
69.5147
69.5295
69.5444
69.5593
69.5744
69.5895
69.6046
69.6199
69.6351
69.6505
69.6659
69.6814
69.697
69.7126
69.7283
69.7441
69.7599
69.7758
69.7918
69.8078
69.8239
69.8401
69.8563
69.8726
69.889
69.9054
69.9219
69.9385
69.9551
69.9718
69.9885
70.0054
70.0222
70.0392
70.0562
70.0733
70.0905
70.1077
70.1249
70.1423
70.1597
70.1772
70.1947
70.2123
70.23
70.2477
70.2655
70.2833
70.3013
70.3192
70.3373
70.3554
70.3736
70.3918
70.4101
70.4285
70.4469
70.4654
70.4839
70.5025
70.5212
70.54
70.5588
70.5776
70.5965
70.6155
70.6346
70.6537
70.6729
70.6921
70.7114
70.7307
70.7502
70.7696
70.7892
70.8088
70.8284
70.8481
70.8679
70.8878
70.9077
70.9276
70.9477
70.9677
70.9879
71.0081
71.0283
71.0487
71.069
71.0895
71.11
71.1305
71.1511
71.1718
71.1926
71.2133
71.2342
71.2551
71.2761
71.2971
71.3182
71.3393
71.3605
71.3818
71.4031
71.4245
71.4459
71.4674
71.4889
71.5105
71.5322
71.5539
71.5756
71.5975
71.6194
71.6413
71.6633
71.6853
71.7074
71.7296
71.7518
71.7741
71.7964
71.8188
71.8412
71.8637
71.8863
71.9089
71.9315
71.9542
71.977
71.9998
72.0227
72.0456
72.0686
72.0916
72.1147
72.1379
72.1611
72.1843
72.2076
72.231
72.2544
72.2778
72.3014
72.3249
72.3485
72.3722
72.3959
72.4197
72.4435
72.4674
72.4913
72.5153
72.5393
72.5634
72.5876
72.6117
72.636
72.6603
72.6846
72.709
72.7334
72.7579
72.7824
72.807
72.8317
72.8564
72.8811
72.9059
72.9307
72.9556
72.9805
73.0055
73.0305
73.0556
73.0807
73.1059
73.1311
73.1564
73.1817
73.2071
73.2325
73.2579
73.2834
73.309
73.3346
73.3602
73.3859
73.4116
73.4374
73.4633
73.4891
73.5151
73.541
73.567
73.5931
73.6192
73.6454
73.6716
73.6978
73.7241
73.7504
73.7768
73.8032
73.8297
73.8562
73.8827
73.9093
73.9359
73.9626
73.9893
74.0161
74.0429
74.0698
74.0967
74.1236
74.1506
74.1776
74.2047
74.2318
74.2589
74.2861
74.3133
74.3406
74.3679
74.3953
74.4227
74.4501
74.4776
74.5051
74.5327
74.5603
74.5879
74.6156
74.6433
74.671
74.6988
74.7267
74.7546
74.7825
74.8104
74.8384
74.8664
74.8945
74.9226
74.9507
74.9789
75.0071
75.0354
75.0637
75.092
75.1204
75.1488
75.1772
75.2057
75.2342
75.2628
75.2914
75.32
75.3486
75.3773
75.4061
75.4348
75.4636
75.4925
75.5213
75.5502
75.5792
75.6081
75.6371
75.6662
75.6953
75.7244
75.7535
75.7827
75.8119
75.8411
75.8704
75.8997
75.9291
75.9584
75.9878
76.0173
76.0467
76.0762
76.1058
76.1353
76.1649
76.1945
76.2242
76.2539
76.2836
76.3133
76.3431
76.3729
76.4028
76.4326
76.4625
76.4925
76.5224
76.5524
76.5824
76.6124
76.6425
76.6726
76.7027
76.7329
76.7631
76.7933
76.8235
76.8538
76.8841
76.9144
76.9447
76.9751
77.0055
77.0359
77.0664
77.0969
77.1274
77.1579
77.1885
77.219
77.2497
77.2803
77.3109
77.3416
77.3723
77.4031
77.4338
77.4646
77.4954
77.5262
77.5571
77.5879
77.6188
77.6497
77.6807
77.7116
77.7426
77.7736
77.8047
77.8357
77.8668
77.8979
77.929
77.9601
77.9913
78.0225
78.0537
78.0849
78.1161
78.1474
78.1787
78.21
78.2413
78.2726
78.304
78.3353
78.3667
78.3982
78.4296
78.461
78.4925
78.524
78.5555
78.587
78.6186
78.6501
78.6817
78.7133
78.7449
78.7765
78.8081
78.8398
78.8715
78.9032
78.9349
78.9666
78.9983
79.0301
79.0618
79.0936
79.1254
79.1572
79.189
79.2209
79.2527
79.2846
79.3165
79.3483
79.3802
79.4122
79.4441
79.476
79.508
79.54
79.5719
79.6039
79.6359
79.6679
79.7
79.732
79.764
79.7961
79.8282
79.8602
79.8923
79.9244
79.9565
79.9886
80.0208
80.0529
80.085
80.1172
80.1494
80.1815
80.2137
80.2459
80.2781
80.3103
80.3425
80.3747
80.4069
80.4392
80.4714
80.5036
80.5359
80.5681
80.6004
80.6327
80.6649
80.6972
80.7295
80.7618
80.7941
80.8264
80.8587
80.891
80.9233
80.9556
80.9879
81.0203
81.0526
81.0849
81.1173
81.1496
81.1819
81.2143
81.2466
81.2789
81.3113
81.3436
81.376
81.4083
81.4407
81.473
81.5054
81.5378
81.5701
81.6025
81.6348
81.6672
81.6995
81.7319
81.7642
81.7966
81.8289
81.8613
81.8936
81.926
81.9583
81.9906
82.023
82.0553
82.0877
82.12
82.1523
82.1846
82.217
82.2493
82.2816
82.3139
82.3462
82.3785
82.4108
82.4431
82.4754
82.5076
82.5399
82.5722
82.6044
82.6367
82.669
82.7012
82.7334
82.7657
82.7979
82.8301
82.8623
82.8945
82.9267
82.9589
82.9911
83.0232
83.0554
83.0876
83.1197
83.1518
83.184
83.2161
83.2482
83.2803
83.3124
83.3444
83.3765
83.4086
83.4406
83.4726
83.5047
83.5367
83.5687
83.6006
83.6326
83.6646
83.6965
83.7285
83.7604
83.7923
83.8242
83.8561
83.888
83.9198
83.9517
83.9835
84.0153
84.0471
84.0789
84.1107
84.1424
84.1742
84.2059
84.2376
84.2693
84.301
84.3326
84.3643
84.3959
84.4275
84.4591
84.4907
84.5222
84.5538
84.5853
84.6168
84.6483
84.6798
84.7112
84.7426
84.774
84.8054
84.8368
84.8682
84.8995
84.9308
84.9621
84.9934
85.0246
85.0559
85.0871
85.1183
85.1494
85.1806
85.2117
85.2428
85.2739
85.305
85.336
85.367
85.398
85.429
85.4599
85.4908
85.5217
85.5526
85.5834
85.6143
85.6451
85.6758
85.7066
85.7373
85.768
85.7987
85.8294
85.86
85.8906
85.9211
85.9517
85.9822
86.0127
86.0432
86.0736
86.104
86.1344
86.1648
86.1951
86.2254
86.2557
86.2859
86.3161
86.3463
86.3765
86.4066
86.4367
86.4667
86.4968
86.5268
86.5568
86.5867
86.6166
86.6465
86.6764
86.7062
86.736
86.7657
86.7955
86.8252
86.8548
86.8845
86.9141
86.9436
86.9732
87.0027
87.0321
87.0616
87.091
87.1203
87.1497
87.179
87.2082
87.2375
87.2667
87.2958
87.3249
87.354
87.3831
87.4121
87.4411
87.47
87.4989
87.5278
87.5567
87.5855
87.6142
87.6429
87.6716
87.7003
87.7289
87.7575
87.786
87.8145
87.843
87.8714
87.8998
87.9281
87.9564
87.9847
88.0129
88.0411
88.0692
88.0973
88.1254
88.1534
88.1814
88.2093
88.2372
88.2651
88.2929
88.3207
88.3484
88.3761
88.4037
88.4314
88.4589
88.4864
88.5139
88.5413
88.5687
88.5961
88.6234
88.6506
88.6779
88.705
88.7322
88.7592
88.7863
88.8133
88.8402
88.8671
88.894
88.9208
88.9475
88.9743
89.0009
89.0275
89.0541
89.0807
89.1071
89.1336
89.16
89.1863
89.2126
89.2388
89.265
89.2912
89.3173
89.3433
89.3693
89.3953
89.4212
89.4471
89.4729
89.4986
89.5243
89.55
89.5756
89.6011
89.6266
89.6521
89.6775
89.7029
89.7282
89.7534
89.7786
89.8037
89.8288
89.8539
89.8789
89.9038
89.9287
89.9535
89.9783
90.003
90.0277
90.0523
90.0769
90.1014
90.1258
90.1502
90.1746
90.1989
90.2231
90.2473
90.2714
90.2955
90.3195
90.3434
90.3673
90.3912
90.415
90.4387
90.4624
90.486
90.5096
90.5331
90.5565
90.5799
90.6033
90.6265
90.6497
90.6729
90.696
90.7191
90.742
90.765
90.7878
90.8106
90.8334
90.8561
90.8787
90.9013
90.9238
90.9462
90.9686
90.991
91.0132
91.0354
91.0576
91.0797
91.1017
91.1237
91.1456
91.1674
91.1892
91.2109
91.2325
91.2541
91.2757
91.2971
91.3185
91.3399
91.3611
91.3824
91.4035
91.4246
91.4456
91.4666
91.4875
91.5083
91.5291
91.5498
91.5704
91.591
91.6115
91.6319
91.6523
91.6726
91.6928
91.713
91.7331
91.7532
91.7731
91.7931
91.8129
91.8327
91.8524
91.872
91.8916
91.9111
91.9306
91.9499
91.9692
91.9885
92.0077
92.0268
92.0458
92.0647
92.0836
92.1025
92.1212
92.1399
92.1585
92.1771
92.1956
92.214
92.2323
92.2506
92.2688
92.2869
92.305
92.3229
92.3409
92.3587
92.3765
92.3942
92.4118
92.4294
92.4468
92.4643
92.4816
92.4989
92.5161
92.5332
92.5503
92.5672
92.5841
92.601
92.6177
92.6344
92.651
92.6676
92.684
92.7004
92.7167
92.733
92.7492
92.7652
92.7813
92.7972
92.8131
92.8289
92.8446
92.8602
92.8758
92.8913
92.9067
92.9221
92.9373
92.9525
92.9676
92.9827
92.9976
93.0125
93.0273
93.042
93.0567
93.0713
93.0858
93.1002
93.1145
93.1288
93.143
93.1571
93.1711
93.1851
93.1989
93.2127
93.2265
93.2401
93.2537
93.2671
93.2805
93.2939
93.3071
93.3203
93.3333
93.3463
93.3593
93.3721
93.3849
93.3976
93.4102
93.4227
93.4351
93.4475
93.4598
93.4719
93.4841
93.4961
93.5081
93.5199
93.5317
93.5434
93.555
93.5666
93.5781
93.5894
93.6007
93.6119
93.6231
93.6341
93.6451
93.656
93.6668
93.6775
93.6881
93.6987
93.7091
93.7195
93.7298
93.74
93.7502
93.7602
93.7702
93.7801
93.7899
93.7996
93.8092
93.8187
93.8282
93.8376
93.8468
93.856
93.8652
93.8742
93.8831
93.892
93.9008
93.9094
93.918
93.9266
93.935
93.9433
93.9516
93.9597
93.9678
93.9758
93.9837
93.9916
93.9993
94.0069
94.0145
94.022
94.0294
94.0367
94.0439
94.051
94.058
94.065
94.0718
94.0786
94.0853
94.0919
94.0984
94.1048
94.1111
94.1174
94.1235
94.1296
94.1355
94.1414
94.1472
94.1529
94.1585
94.1641
94.1695
94.1749
94.1801
94.1853
94.1904
94.1954
94.2002
94.2051
94.2098
94.2144
94.2189
94.2234
94.2277
94.232
94.2362
94.2403
94.2443
94.2482
94.252
94.2557
94.2593
94.2628
94.2663
94.2696
94.2729
94.2761
94.2792
94.2821
94.285
94.2878
94.2905
94.2932
94.2957
94.2981
94.3005
94.3027
94.3049
94.3069
94.3089
94.3108
94.3126
94.3143
94.3159
94.3174
94.3188
94.3201
94.3213
94.3225
94.3235
94.3244
94.3253
94.326
94.3267
94.3273
94.3278
94.3281
94.3284
94.3286
94.3287
94.3287
94.3286
94.3285
94.3282
94.3278
94.3274
94.3268
94.3261
94.3254
94.3245
94.3236
94.3226
94.3214
94.3202
94.3189
94.3175
94.316
94.3144
94.3127
94.3109
94.309
94.307
94.3049
94.3027
94.3005
94.2981
94.2956
94.2931
94.2904
94.2877
94.2848
94.2819
94.2788
94.2757
94.2725
94.2691
94.2657
94.2622
94.2586
94.2548
94.251
94.2471
94.2431
94.239
94.2348
94.2305
94.2261
94.2216
94.2171
94.2124
94.2076
94.2027
94.1978
94.1927
94.1875
94.1822
94.1769
94.1714
94.1659
94.1602
94.1545
94.1486
94.1427
94.1366
94.1305
94.1242
94.1179
94.1115
94.1049
94.0983
94.0916
94.0848
94.0778
94.0708
94.0637
94.0565
94.0492
94.0418
94.0343
94.0266
94.0189
94.0111
94.0032
93.9952
93.9871
93.9789
93.9706
93.9622
93.9537
93.9452
93.9365
93.9277
93.9188
93.9098
93.9007
93.8915
93.8823
93.8729
93.8634
93.8538
93.8442
93.8344
93.8245
93.8145
93.8045
93.7943
93.784
93.7737
93.7632
93.7527
93.742
93.7312
93.7204
93.7094
93.6984
93.6872
93.6759
93.6646
93.6531
93.6416
93.6299
93.6182
93.6063
93.5944
93.5824
93.5702
93.558
93.5456
93.5332
93.5206
93.508
93.4953
93.4824
93.4695
93.4565
93.4433
93.4301
93.4167
93.4033
93.3898
93.3762
93.3624
93.3486
93.3347
93.3206
93.3065
93.2923
93.278
93.2635
93.249
93.2344
93.2197
93.2049
93.1899
93.1749
93.1598
93.1446
93.1293
93.1139
93.0983
93.0827
93.067
93.0512
93.0353
93.0193
93.0032
92.987
92.9707
92.9543
92.9378
92.9212
92.9045
92.8877
92.8708
92.8538
92.8367
92.8195
92.8022
92.7848
92.7673
92.7497
92.732
92.7142
92.6963
92.6784
92.6603
92.6421
92.6238
92.6054
92.5869
92.5684
92.5497
92.5309
92.512
92.4931
92.474
92.4548
92.4356
92.4162
92.3967
92.3772
92.3575
92.3377
92.3179
92.2979
92.2779
92.2577
92.2375
92.2171
92.1967
92.1761
92.1555
92.1347
92.1139
92.093
92.0719
92.0508
92.0296
92.0082
91.9868
91.9653
91.9436
91.9219
91.9001
91.8782
91.8562
91.8341
91.8119
91.7895
91.7671
91.7446
91.722
91.6993
91.6765
91.6537
91.6307
91.6076
91.5844
91.5611
91.5377
91.5143
91.4907
91.467
91.4433
91.4194
91.3954
91.3714
91.3472
91.323
91.2986
91.2742
91.2496
91.225
91.2003
91.1754
91.1505
91.1255
91.1004
91.0752
91.0499
91.0245
90.9989
90.9733
90.9477
90.9219
90.896
90.87
90.8439
90.8177
90.7915
90.7651
90.7386
90.7121
90.6854
90.6587
90.6319
90.6049
90.5779
90.5508
90.5235
90.4962
90.4688
90.4413
90.4137
90.386
90.3582
90.3303
90.3023
90.2743
90.2461
90.2178
90.1895
90.161
90.1325
90.1038
90.0751
90.0462
90.0173
89.9883
89.9592
89.93
89.9007
89.8713
89.8418
89.8122
89.7826
89.7528
89.7229
89.693
89.6629
89.6328
89.6026
89.5722
89.5418
89.5113
89.4807
89.45
89.4192
89.3883
89.3574
89.3263
89.2952
89.2639
89.2326
89.2011
89.1696
89.138
89.1063
89.0745
89.0426
89.0106
88.9785
88.9464
88.9141
88.8817
88.8493
88.8168
88.7842
88.7514
88.7186
88.6857
88.6528
88.6197
88.5865
88.5533
88.5199
88.4865
88.4529
88.4193
88.3856
88.3518
88.3179
88.284
88.2499
88.2157
88.1815
88.1472
88.1127
88.0782
88.0436
88.0089
87.9742
87.9393
87.9043
87.8693
87.8342
87.7989
87.7636
87.7282
87.6927
87.6572
87.6215
87.5858
87.5499
87.514
87.478
87.4419
87.4057
87.3694
87.3331
87.2966
87.2601
87.2234
87.1867
87.1499
87.1131
87.0761
87.039
87.0019
86.9647
86.9274
86.89
86.8525
86.8149
86.7772
86.7395
86.7017
86.6638
86.6258
86.5877
86.5495
86.5113
86.4729
86.4345
86.396
86.3574
86.3187
86.28
86.2411
86.2022
86.1632
86.1241
86.0849
86.0457
86.0063
85.9669
85.9274
85.8878
85.8481
85.8083
85.7685
85.7286
85.6886
85.6485
85.6083
85.568
85.5277
85.4873
85.4468
85.4062
85.3655
85.3248
85.2839
85.243
85.202
85.161
85.1198
85.0786
85.0373
84.9959
84.9544
84.9129
84.8712
84.8295
84.7877
84.7458
84.7039
84.6618
84.6197
84.5775
84.5353
84.4929
84.4505
84.408
84.3654
84.3227
84.28
84.2371
84.1942
84.1513
84.1082
84.0651
84.0219
83.9786
83.9352
83.8918
83.8482
83.8046
83.761
83.7172
83.6734
83.6295
83.5855
83.5414
83.4973
83.4531
83.4088
83.3644
83.32
83.2755
83.2309
83.1862
83.1415
83.0966
83.0518
83.0068
82.9618
82.9166
82.8715
82.8262
82.7809
82.7354
82.69
82.6444
82.5988
82.5531
82.5073
82.4614
82.4155
82.3695
82.3234
82.2773
82.2311
82.1848
82.1384
82.092
82.0455
81.9989
81.9523
81.9056
81.8588
81.8119
81.765
81.718
81.6709
81.6238
81.5765
81.5293
81.4819
81.4345
81.387
81.3394
81.2918
81.2441
81.1963
81.1485
81.1005
81.0526
81.0045
80.9564
80.9082
80.86
80.8116
80.7632
80.7148
80.6663
80.6177
80.569
80.5203
80.4715
80.4226
80.3737
80.3247
80.2756
80.2265
80.1773
80.128
80.0787
80.0293
79.9799
79.9303
79.8807
79.8311
79.7814
79.7316
79.6817
79.6318
79.5818
79.5318
79.4817
79.4315
79.3813
79.331
79.2806
79.2302
79.1797
79.1291
79.0785
79.0279
78.9771
78.9263
78.8754
78.8245
78.7735
78.7225
78.6714
78.6202
78.5689
78.5176
78.4663
78.4149
78.3634
78.3118
78.2602
78.2086
78.1568
78.1051
78.0532
78.0013
77.9494
77.8973
77.8453
77.7931
77.7409
77.6887
77.6363
77.584
77.5315
77.479
77.4265
77.3739
77.3212
77.2685
77.2157
77.1629
77.11
77.057
77.004
76.951
76.8978
76.8447
76.7914
76.7381
76.6848
76.6314
76.5779
76.5244
76.4709
76.4172
76.3636
76.3098
76.2561
76.2022
76.1483
76.0944
76.0404
75.9863
75.9322
75.8781
75.8238
75.7696
75.7153
75.6609
75.6065
75.552
75.4974
75.4429
75.3882
75.3335
75.2788
75.224
75.1692
75.1143
75.0594
75.0044
74.9493
74.8942
74.8391
74.7839
74.7286
74.6734
74.618
74.5626
74.5072
74.4517
74.3961
74.3406
74.2849
74.2292
74.1735
74.1177
74.0619
74.006
73.9501
73.8941
73.8381
73.782
73.7259
73.6698
73.6136
73.5573
73.501
73.4447
73.3883
73.3318
73.2754
73.2188
73.1623
73.1057
73.049
72.9923
72.9355
72.8787
72.8219
72.765
72.7081
72.6511
72.5941
72.537
72.4799
72.4228
72.3656
72.3084
72.2511
72.1938
72.1364
72.079
72.0216
71.9641
71.9066
71.849
71.7914
71.7338
71.6761
71.6184
71.5606
71.5028
71.4449
71.3871
71.3291
71.2712
71.2132
71.1551
71.097
71.0389
70.9807
70.9225
70.8643
70.806
70.7477
70.6893
70.6309
70.5725
70.5141
70.4555
70.397
70.3384
70.2798
70.2212
70.1625
70.1038
70.045
69.9862
69.9274
69.8685
69.8096
69.7507
69.6917
69.6327
69.5736
69.5146
69.4555
69.3963
69.3371
69.2779
69.2187
69.1594
69.1001
69.0407
68.9814
68.922
68.8625
68.803
68.7435
68.684
68.6244
68.5648
68.5052
68.4455
68.3858
68.3261
68.2663
68.2065
68.1467
68.0869
68.027
67.9671
67.9071
67.8472
67.7872
67.7271
67.6671
67.607
67.5469
67.4867
67.4266
67.3664
67.3061
67.2459
67.1856
67.1253
67.0649
67.0046
66.9442
66.8838
66.8233
66.7628
66.7023
66.6418
66.5813
66.5207
66.4601
66.3994
66.3388
66.2781
66.2174
66.1567
66.0959
66.0351
65.9743
65.9135
65.8527
65.7918
65.7309
65.67
65.609
65.548
65.4871
65.426
65.365
65.3039
65.2429
65.1818
65.1206
65.0595
64.9983
64.9371
64.8759
64.8147
64.7534
64.6922
64.6309
64.5696
64.5082
64.4469
64.3855
64.3241
64.2627
64.2013
64.1398
64.0783
64.0168
63.9553
63.8938
63.8323
63.7707
63.7091
63.6475
63.5859
63.5243
63.4626
63.401
63.3393
63.2776
63.2158
63.1541
63.0924
63.0306
62.9688
62.907
62.8452
62.7834
62.7215
62.6597
62.5978
62.5359
62.474
62.4121
62.3501
62.2882
62.2262
62.1643
62.1023
62.0403
61.9783
61.9162
61.8542
61.7921
61.7301
61.668
61.6059
61.5438
61.4817
61.4195
61.3574
61.2953
61.2331
61.1709
61.1087
61.0466
60.9843
60.9221
60.8599
60.7977
60.7354
60.6732
60.6109
60.5486
60.4864
60.4241
60.3618
60.2995
60.2371
60.1748
60.1125
60.0501
59.9878
59.9254
59.8631
59.8007
59.7383
59.6759
59.6135
59.5511
59.4887
59.4263
59.3639
59.3015
59.239
59.1766
59.1141
59.0517
58.9892
58.9268
58.8643
58.8018
58.7394
58.6769
58.6144
58.5519
58.4894
58.4269
58.3644
58.3019
58.2394
58.1769
58.1144
58.0519
57.9894
57.9268
57.8643
57.8018
57.7393
57.6767
57.6142
57.5517
57.4892
57.4266
57.3641
57.3015
57.239
57.1765
57.1139
57.0514
56.9888
56.9263
56.8638
56.8012
56.7387
56.6762
56.6136
56.5511
56.4885
56.426
56.3635
56.3009
56.2384
56.1759
56.1134
56.0508
55.9883
55.9258
55.8633
55.8008
55.7383
55.6758
55.6133
55.5508
55.4883
55.4258
55.3633
55.3008
55.2383
55.1758
55.1134
55.0509
54.9884
54.926
54.8635
54.8011
54.7386
54.6762
54.6138
54.5513
54.4889
54.4265
54.3641
54.3017
54.2393
54.1769
54.1145
54.0522
53.9898
53.9275
53.8651
53.8028
53.7404
53.6781
53.6158
53.5535
53.4912
53.4289
53.3666
53.3043
53.242
53.1798
53.1175
53.0553
52.9931
52.9309
52.8686
52.8064
52.7443
52.6821
52.6199
52.5577
52.4956
52.4335
52.3713
52.3092
52.2471
52.185
52.1229
52.0609
51.9988
51.9368
51.8747
51.8127
51.7507
51.6887
51.6267
51.5648
51.5028
51.4409
51.3789
51.317
51.2551
51.1932
51.1314
51.0695
51.0077
50.9458
50.884
50.8222
50.7604
50.6986
50.6369
50.5751
50.5134
50.4517
50.39
50.3283
50.2667
50.205
50.1434
50.0818
50.0202
49.9586
49.897
49.8355
49.7739
49.7124
49.6509
49.5894
49.528
49.4665
49.4051
49.3437
49.2823
49.2209
49.1595
49.0982
49.0369
48.9756
48.9143
48.853
48.7918
48.7306
48.6694
48.6082
48.547
48.4859
48.4247
48.3636
48.3025
48.2415
48.1804
48.1194
48.0584
47.9974
47.9364
47.8755
47.8146
47.7537
47.6928
47.6319
47.5711
47.5103
47.4495
47.3887
47.328
47.2673
47.2066
47.1459
47.0852
47.0246
46.964
46.9034
46.8428
46.7823
46.7217
46.6613
46.6008
46.5403
46.4799
46.4195
46.3591
46.2988
46.2385
46.1782
46.1179
46.0576
45.9974
45.9372
45.877
45.8169
45.7567
45.6966
45.6366
45.5765
45.5165
45.4565
45.3965
45.3366
45.2766
45.2167
45.1569
45.097
45.0372
44.9774
44.9177
44.8579
44.7982
44.7386
44.6789
44.6193
44.5597
44.5001
44.4406
44.3811
44.3216
44.2621
44.2027
44.1433
44.0839
44.0246
43.9653
43.906
43.8468
43.7875
43.7283
43.6692
43.61
43.5509
43.4919
43.4328
43.3738
43.3148
43.2559
43.1969
43.138
43.0792
43.0203
42.9615
42.9028
42.844
42.7853
42.7266
42.668
42.6094
42.5508
42.4922
42.4337
42.3752
42.3168
42.2583
42.1999
42.1416
42.0832
42.0249
41.9667
41.9084
41.8502
41.7921
41.7339
41.6758
41.6178
41.5597
41.5017
41.4438
41.3858
41.3279
41.2701
41.2122
41.1544
41.0967
41.039
40.9813
40.9236
40.866
40.8084
40.7508
40.6933
40.6358
40.5784
40.5209
40.4636
40.4062
40.3489
40.2916
40.2344
40.1772
40.12
40.0629
40.0058
39.9487
39.8917
39.8347
39.7777
39.7208
39.6639
39.6071
39.5503
39.4935
39.4368
39.3801
39.3234
39.2668
39.2102
39.1537
39.0972
39.0407
38.9842
38.9278
38.8715
38.8152
38.7589
38.7026
38.6464
38.5903
38.5341
38.478
38.422
38.366
38.31
38.254
38.1981
38.1423
38.0864
38.0307
37.9749
37.9192
37.8635
37.8079
37.7523
37.6968
37.6413
37.5858
37.5304
37.475
37.4196
37.3643
37.3091
37.2538
37.1986
37.1435
37.0884
37.0333
36.9783
36.9233
36.8684
36.8135
36.7586
36.7038
36.649
36.5943
36.5396
36.4849
36.4303
36.3757
36.3212
36.2667
36.2122
36.1578
36.1035
36.0491
35.9948
35.9406
35.8864
35.8323
35.7781
35.7241
35.67
35.616
35.5621
35.5082
35.4543
35.4005
35.3468
35.293
35.2393
35.1857
35.1321
35.0785
35.025
34.9716
34.9181
34.8647
34.8114
34.7581
34.7048
34.6516
34.5985
34.5454
34.4923
34.4392
34.3862
34.3333
34.2804
34.2275
34.1747
34.122
34.0692
34.0166
33.9639
33.9113
33.8588
33.8063
33.7538
33.7014
33.6491
33.5967
33.5445
33.4922
33.44
33.3879
33.3358
33.2838
33.2318
33.1798
33.1279
33.076
33.0242
32.9724
32.9207
32.869
32.8174
32.7658
32.7142
32.6627
32.6113
32.5599
32.5085
32.4572
32.4059
32.3547
32.3035
32.2524
32.2013
32.1503
32.0993
32.0484
31.9975
31.9466
31.8958
31.8451
31.7944
31.7437
31.6931
31.6425
31.592
31.5415
31.4911
31.4407
31.3904
31.3401
31.2899
31.2397
31.1896
31.1395
31.0894
31.0395
30.9895
30.9396
30.8898
30.84
30.7902
30.7405
30.6908
30.6412
30.5917
30.5421
30.4927
30.4433
30.3939
30.3446
30.2953
30.2461
30.1969
30.1478
30.0987
30.0497
30.0007
29.9518
29.9029
29.8541
29.8053
29.7565
29.7078
29.6592
29.6106
29.5621
29.5136
29.4652
29.4168
29.3684
29.3201
29.2719
29.2237
29.1756
29.1275
29.0794
29.0314
28.9835
28.9356
28.8877
28.8399
28.7922
28.7445
28.6968
28.6492
28.6017
28.5542
28.5068
28.4594
28.412
28.3647
28.3175
28.2703
28.2231
28.176
28.129
28.082
28.035
27.9881
27.9413
27.8945
27.8478
27.8011
27.7544
27.7078
27.6613
27.6148
27.5684
27.522
27.4756
27.4293
27.3831
27.3369
27.2908
27.2447
27.1987
27.1527
27.1067
27.0609
27.015
26.9693
26.9235
26.8778
26.8322
26.7866
26.7411
26.6957
26.6502
26.6049
26.5595
26.5143
26.4691
26.4239
26.3788
26.3337
26.2887
26.2437
26.1988
26.154
26.1092
26.0644
26.0197
25.9751
25.9305
25.8859
25.8414
25.797
25.7526
25.7082
25.6639
25.6197
25.5755
25.5314
25.4873
25.4433
25.3993
25.3554
25.3115
25.2677
25.2239
25.1802
25.1365
25.0929
25.0493
25.0058
24.9623
24.9189
24.8756
24.8323
24.789
24.7458
24.7027
24.6596
24.6165
24.5735
24.5306
24.4877
24.4449
24.4021
24.3594
24.3167
24.2741
24.2315
24.189
24.1465
24.1041
24.0617
24.0194
23.9771
23.9349
23.8928
23.8507
23.8086
23.7666
23.7247
23.6828
23.6409
23.5991
23.5574
23.5157
23.4741
23.4325
23.391
23.3495
23.3081
23.2667
23.2254
23.1841
23.1429
23.1017
23.0606
23.0196
22.9785
22.9376
22.8967
22.8558
22.8151
22.7743
22.7336
22.693
22.6524
22.6119
22.5714
22.531
22.4906
22.4503
22.41
22.3698
22.3296
22.2895
22.2494
22.2094
22.1695
22.1296
22.0897
22.0499
22.0102
21.9705
21.9308
21.8913
21.8517
21.8122
21.7728
21.7334
21.6941
21.6548
21.6156
21.5764
21.5373
21.4983
21.4593
21.4203
21.3814
21.3425
21.3037
21.265
21.2263
21.1877
21.1491
21.1105
21.072
21.0336
20.9952
20.9569
20.9186
20.8804
20.8422
20.8041
20.7661
20.728
20.6901
20.6522
20.6143
20.5765
20.5388
20.5011
20.4634
20.4258
20.3883
20.3508
20.3134
20.276
20.2386
20.2014
20.1641
20.127
20.0898
20.0528
20.0157
19.9788
19.9419
19.905
19.8682
19.8314
19.7947
19.7581
19.7215
19.6849
19.6484
19.612
19.5756
19.5393
19.503
19.4667
19.4305
19.3944
19.3583
19.3223
19.2863
19.2504
19.2145
19.1787
19.143
19.1072
19.0716
19.036
19.0004
18.9649
18.9294
18.894
18.8587
18.8234
18.7881
18.7529
18.7178
18.6827
18.6477
18.6127
18.5777
18.5428
18.508
18.4732
18.4385
18.4038
18.3692
18.3346
18.3001
18.2656
18.2312
18.1968
18.1625
18.1282
18.094
18.0598
18.0257
17.9917
17.9577
17.9237
17.8898
17.8559
17.8221
17.7884
17.7547
17.721
17.6874
17.6539
17.6204
17.5869
17.5535
17.5202
17.4869
17.4537
17.4205
17.3873
17.3542
17.3212
17.2882
17.2553
17.2224
17.1896
17.1568
17.124
17.0914
17.0587
17.0261
16.9936
16.9611
16.9287
16.8963
16.864
16.8317
16.7995
16.7673
16.7352
16.7031
16.6711
16.6391
16.6072
16.5753
16.5435
16.5117
16.48
16.4484
16.4167
16.3852
16.3536
16.3222
16.2908
16.2594
16.2281
16.1968
16.1656
16.1344
16.1033
16.0722
16.0412
16.0102
15.9793
15.9484
15.9176
15.8869
15.8561
15.8255
15.7948
15.7643
15.7337
15.7033
15.6729
15.6425
15.6122
15.5819
15.5517
15.5215
15.4914
15.4613
15.4313
15.4013
15.3714
15.3415
15.3116
15.2819
15.2521
15.2225
15.1928
15.1632
15.1337
15.1042
15.0748
15.0454
15.0161
14.9868
14.9575
14.9283
14.8992
14.8701
14.841
14.812
14.7831
14.7542
14.7253
14.6965
14.6678
14.6391
14.6104
14.5818
14.5533
14.5247
14.4963
14.4679
14.4395
14.4112
14.3829
14.3547
14.3265
14.2984
14.2703
14.2423
14.2143
14.1863
14.1585
14.1306
14.1028
14.0751
14.0474
14.0197
13.9921
13.9646
13.9371
13.9096
13.8822
13.8548
13.8275
13.8003
13.773
13.7459
13.7187
13.6917
13.6646
13.6376
13.6107
13.5838
13.557
13.5302
13.5034
13.4767
13.4501
13.4234
13.3969
13.3704
13.3439
13.3175
13.2911
13.2648
13.2385
13.2122
13.1861
13.1599
13.1338
13.1078
13.0818
13.0558
13.0299
13.004
12.9782
12.9524
12.9267
12.901
12.8754
12.8498
12.8243
12.7988
12.7733
12.7479
12.7225
12.6972
12.672
12.6467
12.6216
12.5964
12.5713
12.5463
12.5213
12.4964
12.4715
12.4466
12.4218
12.397
12.3723
12.3476
12.323
12.2984
12.2738
12.2493
12.2249
12.2005
12.1761
12.1518
12.1275
12.1033
12.0791
12.055
12.0309
12.0068
11.9828
11.9589
11.9349
11.9111
11.8872
11.8634
11.8397
11.816
11.7924
11.7687
11.7452
11.7217
11.6982
11.6748
11.6514
11.628
11.6047
11.5815
11.5583
11.5351
11.512
11.4889
11.4658
11.4428
11.4199
11.397
11.3741
11.3513
11.3285
11.3058
11.2831
11.2604
11.2378
11.2153
11.1927
11.1703
11.1478
11.1254
11.1031
11.0808
11.0585
11.0363
11.0141
10.992
10.9699
10.9478
10.9258
10.9038
10.8819
10.86
10.8382
10.8164
10.7946
10.7729
10.7513
10.7296
10.708
10.6865
10.665
10.6435
10.6221
10.6007
10.5794
10.5581
10.5368
10.5156
10.4945
10.4733
10.4522
10.4312
10.4102
10.3892
10.3683
10.3474
10.3266
10.3058
10.285
10.2643
10.2436
10.223
10.2024
10.1818
10.1613
10.1409
10.1204
10.1
10.0797
10.0594
10.0391
10.0189
9.99868
9.97853
9.95842
9.93835
9.91832
9.89833
9.87838
9.85847
9.8386
9.81877
9.79898
9.77923
9.75952
9.73985
9.72022
9.70063
9.68107
9.66156
9.64209
9.62265
9.60326
9.5839
9.56459
9.54531
9.52607
9.50688
9.48772
9.4686
9.44951
9.43047
9.41147
9.3925
9.37358
9.35469
9.33584
9.31703
9.29826
9.27952
9.26083
9.24217
9.22355
9.20497
9.18643
9.16793
9.14946
9.13104
9.11265
9.0943
9.07598
9.05771
9.03947
9.02127
9.00311
8.98498
8.9669
8.94885
8.93084
8.91286
8.89492
8.87703
8.85916
8.84134
8.82355
8.8058
8.78809
8.77041
8.75277
8.73517
8.71761
8.70008
8.68259
8.66513
8.64771
8.63033
8.61299
8.59568
8.57841
8.56117
8.54398
8.52681
8.50969
8.4926
8.47554
8.45853
8.44155
8.4246
8.40769
8.39082
8.37398
8.35718
8.34042
8.32369
8.30699
8.29034
8.27371
8.25713
8.24058
8.22406
8.20758
8.19113
8.17472
8.15835
8.14201
8.12571
8.10944
8.0932
8.077
8.06084
8.04471
8.02862
8.01256
7.99653
7.98054
7.96459
7.94867
7.93278
7.91693
7.90111
7.88533
7.86958
7.85387
7.83819
7.82254
7.80693
7.79136
7.77581
7.7603
7.74483
7.72939
7.71398
7.69861
7.68327
7.66796
7.65269
7.63745
7.62224
7.60707
7.59193
7.57683
7.56176
7.54672
7.53171
7.51674
7.5018
7.4869
7.47202
7.45718
7.44238
7.4276
7.41286
7.39815
7.38348
7.36883
7.35422
7.33965
7.3251
7.31059
7.29611
7.28166
7.26725
7.25286
7.23851
7.22419
7.20991
7.19565
7.18143
7.16724
7.15308
7.13895
7.12486
7.1108
7.09676
7.08276
7.0688
7.05486
7.04096
7.02708
7.01324
6.99943
6.98565
6.9719
6.95819
6.9445
6.93085
6.91722
6.90363
6.89007
6.87654
6.86304
6.84957
6.83613
6.82272
6.80935
6.796
6.78269
6.7694
6.75615
6.74292
6.72973
6.71657
6.70343
6.69033
6.67726
6.66421
6.6512
6.63822
6.62527
6.61235
6.59945
6.58659
6.57376
6.56095
6.54818
6.53544
6.52272
6.51004
6.49738
6.48476
6.47216
6.45959
6.44705
6.43455
6.42207
6.40962
6.39719
6.3848
6.37244
6.3601
6.3478
6.33552
6.32327
6.31106
6.29886
6.2867
6.27457
6.26247
6.25039
6.23834
6.22632
6.21433
6.20237
6.19043
6.17853
6.16665
6.1548
6.14298
6.13118
6.11942
6.10768
6.09597
6.08429
6.07263
6.06101
6.04941
6.03784
6.02629
6.01478
6.00329
5.99183
5.98039
5.96898
5.9576
5.94625
5.93493
5.92363
5.91236
5.90111
5.8899
5.87871
5.86754
5.85641
5.8453
5.83422
5.82316
5.81213
5.80113
5.79015
5.7792
5.76828
5.75738
5.74651
5.73567
5.72485
5.71406
5.70329
5.69255
5.68184
5.67115
5.66049
5.64986
5.63925
5.62866
5.6181
5.60757
5.59707
5.58659
5.57613
5.5657
5.5553
5.54492
5.53457
5.52424
5.51394
5.50366
5.49341
5.48318
5.47298
5.4628
5.45265
5.44252
5.43242
5.42234
5.41229
5.40227
5.39226
5.38229
5.37233
5.36241
5.3525
5.34262
5.33277
5.32294
5.31313
5.30335
5.29359
5.28386
5.27415
5.26447
5.25481
5.24517
5.23556
5.22597
5.21641
5.20687
5.19735
5.18786
5.17839
5.16894
5.15952
5.15012
5.14075
5.1314
5.12207
5.11276
5.10348
5.09423
5.08499
5.07578
5.06659
5.05743
5.04829
5.03917
5.03007
5.021
5.01195
5.00293
4.99392
4.98494
4.97598
4.96705
4.95813
4.94924
4.94038
4.93153
4.92271
4.91391
4.90513
4.89638
4.88764
4.87893
4.87024
4.86158
4.85293
4.84431
4.83571
4.82713
4.81858
4.81004
4.80153
4.79304
4.78457
4.77613
4.7677
4.7593
4.75092
4.74255
4.73422
4.7259
4.7176
4.70933
4.70107
4.69284
4.68463
4.67644
4.66827
4.66013
4.652
4.6439
4.63581
4.62775
4.61971
4.61169
4.60369
4.59571
4.58775
4.57981
4.57189
4.564
4.55612
4.54826
4.54043
4.53261
4.52482
4.51705
4.50929
4.50156
4.49385
4.48615
4.47848
4.47083
4.46319
4.45558
4.44799
4.44042
4.43286
4.42533
4.41782
4.41033
4.40285
4.3954
4.38796
4.38055
4.37316
4.36578
4.35842
4.35109
4.34377
4.33647
4.32919
4.32194
4.3147
4.30748
4.30027
4.29309
4.28593
4.27878
4.27166
4.26455
4.25747
4.2504
4.24335
4.23632
4.22931
4.22231
4.21534
4.20838
4.20145
4.19453
4.18763
4.18074
4.17388
4.16704
4.16021
4.1534
4.14661
4.13984
4.13309
4.12635
4.11964
4.11294
4.10626
4.09959
4.09295
4.08632
4.07971
4.07312
4.06655
4.05999
4.05345
4.04693
4.04043
4.03395
4.02748
4.02103
4.0146
4.00818
4.00178
3.9954
3.98904
3.9827
3.97637
3.97006
3.96376
3.95749
3.95123
3.94499
3.93876
3.93255
3.92636
3.92019
3.91403
3.90789
3.90177
3.89566
3.88957
3.88349
3.87744
3.8714
3.86537
3.85937
3.85338
3.8474
3.84145
3.8355
3.82958
3.82367
3.81778
3.8119
3.80604
3.8002
3.79437
3.78856
3.78277
3.77699
3.77122
3.76548
3.75975
3.75403
3.74833
3.74265
3.73698
3.73133
3.72569
3.72007
3.71447
3.70888
3.7033
3.69775
3.6922
3.68668
3.68116
3.67567
3.67019
3.66472
3.65927
3.65384
3.64842
3.64301
3.63762
3.63225
3.62689
3.62154
3.61621
3.6109
3.6056
3.60032
3.59505
3.58979
3.58455
3.57933
3.57412
3.56892
3.56374
3.55857
3.55342
3.54828
3.54316
3.53805
3.53296
3.52788
3.52282
3.51777
3.51273
3.50771
3.5027
3.49771
3.49273
3.48776
3.48281
3.47787
3.47295
3.46804
3.46315
3.45827
3.4534
3.44855
3.44371
3.43888
3.43407
3.42927
3.42449
3.41972
3.41496
3.41022
3.40549
3.40077
3.39607
3.39138
3.38671
3.38204
3.3774
3.37276
3.36814
3.36353
3.35894
3.35435
3.34978
3.34523
3.34069
3.33616
3.33164
3.32714
3.32265
3.31817
3.31371
3.30925
3.30482
3.30039
3.29598
3.29158
3.28719
3.28282
3.27845
3.27411
3.26977
3.26545
3.26113
3.25684
3.25255
3.24828
3.24401
3.23977
3.23553
3.23131
3.22709
3.22289
3.21871
3.21453
3.21037
3.20622
3.20208
3.19796
3.19384
3.18974
3.18565
3.18157
3.17751
3.17345
3.16941
3.16538
3.16136
3.15735
3.15336
3.14938
