$SPEC_ID:
No sample description was entered.
$SPEC_REM:
DET# 3
DETDESC# PCKP27 MCB 129
AP# Maestro Version 7.01
$DATE_MEA:
05/27/2019 13:54:04
$MEAS_TIM:
2167 2186
$DATA:
0 8191
       0
       0
       0
       0
       0
       0
       0
       0
       0
       0
       0
       0
       1
       0
       0
       0
       0
       0
       0
       0
       0
       0
       0
       0
       0
       0
       0
       0
       0
       0
       0
       0
       0
       0
       0
       0
       0
       0
       0
       0
       0
       0
       0
       0
       0
       0
       0
       0
       0
       0
       0
       0
       0
       0
       0
       0
       0
       0
       0
       0
       0
       0
       0
       0
       0
       0
       0
       0
       0
       0
       0
       0
       0
       0
       0
       0
       0
       0
       0
       0
       0
       0
       0
       0
       0
       0
       0
       0
       0
       0
       0
       0
       0
       2
     113
     705
     854
     817
     840
     865
     817
     841
     796
     820
     809
     788
     782
     796
     769
     764
     763
     829
     766
     715
     745
     717
     736
     704
     788
     750
     718
     703
     697
     698
     690
     698
     680
     767
     730
     720
     686
     670
     679
     664
     695
     712
     684
     659
     663
     654
     646
     693
     626
     642
     627
     623
     561
     593
     624
     656
     637
     601
     605
     646
     624
     605
     584
     621
     566
     570
     610
     570
     587
     602
     547
     561
     566
     546
     601
     552
     525
     597
     565
     564
     605
     534
     560
     544
     527
     543
     532
     547
     569
     525
     550
     515
     491
     554
     562
     481
     511
     558
     524
     504
     513
     489
     532
     527
     539
     495
     502
     514
     513
     501
     516
     518
     541
     461
     510
     522
     489
     452
     487
     522
     524
     498
     493
     496
     442
     486
     478
     456
     479
     428
     483
     459
     483
     452
     457
     476
     474
     483
     474
     461
     467
     496
     477
     459
     442
     457
     506
     501
     504
     480
     466
     446
     508
     495
     450
     465
     453
     446
     468
     449
     472
     464
     415
     457
     422
     452
     446
     425
     459
     475
     422
     435
     428
     414
     458
     404
     398
     474
     407
     394
     439
     473
     457
     449
     422
     449
     498
     445
     410
     429
     419
     415
     442
     443
     448
     438
     386
     423
     424
     457
     433
     405
     411
     447
     432
     422
     402
     407
     442
     431
     452
     455
     404
     451
     471
     463
     500
     418
     480
     444
     451
     464
     512
     525
     452
     516
     478
     496
     471
     479
     506
     491
     501
     479
     476
     490
     532
     506
     536
     490
     609
     567
     579
     578
     573
     569
     578
     605
     695
     887
    1548
    2695
    4897
    7295
    9383
   10301
    8733
    6341
    3663
    1933
     977
     589
     416
     371
     369
     354
     338
     355
     347
     363
     384
     351
     425
     349
     384
     354
     322
     340
     360
     328
     353
     356
     342
     313
     346
     333
     342
     369
     332
     325
     315
     308
     348
     342
     319
     323
     324
     343
     336
     369
     360
     324
     282
     296
     342
     334
     325
     303
     293
     340
     329
     298
     323
     345
     354
     341
     327
     350
     322
     325
     321
     316
     321
     360
     345
     339
     352
     365
     348
     324
     324
     352
     342
     339
     327
     344
     342
     339
     343
     331
     355
     330
     324
     343
     351
     340
     373
     351
     343
     336
     371
     302
     325
     356
     331
     321
     354
     313
     340
     333
     325
     352
     334
     335
     347
     331
     324
     349
     338
     332
     375
     336
     325
     309
     316
     337
     328
     334
     309
     332
     348
     314
     336
     351
     313
     333
     361
     290
     334
     353
     345
     338
     325
     352
     315
     342
     388
     333
     312
     347
     333
     349
     329
     342
     328
     319
     314
     365
     347
     348
     337
     332
     335
     326
     314
     339
     312
     357
     377
     443
     512
     536
     626
     600
     575
     569
     457
     391
     336
     341
     317
     331
     324
     313
     348
     333
     313
     359
     340
     326
     338
     359
     364
     346
     330
     339
     322
     330
     282
     321
     354
     356
     339
     295
     328
     356
     343
     321
     342
     335
     336
     325
     312
     340
     322
     365
     318
     305
     353
     350
     334
     335
     347
     323
     338
     344
     308
     311
     311
     331
     341
     339
     337
     336
     362
     373
     358
     323
     317
     361
     312
     303
     309
     362
     337
     300
     310
     315
     337
     353
     339
     305
     327
     325
     350
     292
     332
     325
     357
     380
     360
     368
     365
     354
     310
     306
     316
     338
     343
     329
     326
     303
     323
     356
     332
     321
     350
     315
     317
     359
     317
     303
     330
     370
     351
     325
     343
     335
     332
     357
     320
     322
     311
     327
     331
     327
     337
     339
     308
     328
     344
     331
     346
     342
     340
     348
     305
     335
     346
     323
     313
     306
     315
     356
     325
     327
     330
     318
     332
     296
     318
     315
     322
     338
     333
     330
     309
     319
     313
     324
     331
     332
     329
     311
     345
     329
     305
     340
     344
     308
     338
     282
     315
     311
     337
     350
     329
     360
     291
     331
     326
     331
     329
     318
     359
     302
     318
     335
     340
     322
     345
     284
     286
     322
     304
     326
     301
     340
     356
     319
     361
     316
     337
     344
     341
     373
     328
     330
     291
     341
     324
     306
     317
     296
     317
     288
     325
     348
     297
     301
     356
     279
     316
     376
     336
     344
     324
     308
     305
     296
     303
     270
     331
     271
     323
     323
     312
     293
     299
     312
     299
     336
     322
     318
     310
     298
     303
     303
     291
     326
     334
     317
     315
     327
     335
     304
     306
     308
     339
     338
     299
     303
     287
     301
     314
     302
     276
     322
     300
     297
     324
     367
     342
     301
     304
     303
     291
     327
     313
     313
     356
     291
     307
     307
     309
     279
     283
     313
     270
     303
     315
     303
     334
     290
     328
     285
     295
     297
     285
     332
     323
     273
     310
     316
     275
     309
     317
     289
     285
     283
     306
     320
     310
     299
     297
     319
     302
     336
     302
     279
     276
     293
     313
     294
     291
     280
     297
     302
     265
     277
     288
     299
     306
     300
     282
     323
     312
     288
     278
     301
     307
     310
     259
     312
     277
     309
     330
     306
     298
     308
     322
     291
     301
     308
     294
     283
     288
     292
     325
     284
     284
     300
     284
     302
     250
     289
     289
     349
     314
     279
     294
     302
     304
     300
     286
     279
     308
     318
     280
     308
     300
     319
     301
     275
     289
     300
     307
     301
     304
     273
     270
     283
     304
     308
     311
     290
     271
     283
     294
     292
     309
     290
     280
     256
     319
     291
     271
     294
     308
     290
     265
     271
     280
     275
     276
     295
     313
     291
     275
     296
     291
     264
     278
     288
     305
     279
     301
     295
     290
     284
     288
     315
     287
     304
     295
     291
     302
     298
     299
     305
     285
     263
     306
     301
     297
     259
     264
     296
     256
     305
     285
     289
     238
     295
     285
     279
     267
     282
     324
     279
     271
     274
     295
     275
     273
     272
     292
     270
     264
     254
     295
     286
     263
     284
     302
     313
     262
     261
     275
     256
     301
     254
     291
     325
     278
     282
     278
     277
     305
     302
     276
     264
     259
     251
     285
     297
     294
     274
     272
     308
     266
     276
     273
     286
     278
     237
     265
     275
     262
     300
     261
     261
     281
     291
     276
     320
     287
     279
     279
     260
     287
     252
     270
     266
     268
     303
     274
     280
     305
     276
     279
     256
     258
     267
     248
     267
     262
     310
     258
     261
     263
     273
     262
     308
     313
     330
     271
     287
     303
     303
     274
     271
     286
     282
     282
     285
     270
     282
     272
     283
     280
     292
     303
     234
     292
     262
     286
     305
     269
     260
     278
     290
     317
     263
     288
     279
     283
     282
     313
     291
     293
     248
     316
     272
     293
     303
     291
     282
     298
     327
     320
     279
     309
     287
     298
     285
     261
     257
     300
     279
     288
     241
     305
     292
     282
     259
     273
     281
     321
     286
     288
     305
     263
     287
     305
     284
     254
     292
     288
     304
     274
     263
     308
     315
     288
     282
     303
     271
     314
     288
     311
     266
     299
     341
     291
     312
     274
     283
     289
     310
     304
     297
     276
     290
     274
     266
     270
     250
     327
     288
     289
     266
     320
     271
     266
     279
     254
     271
     264
     295
     309
     269
     286
     282
     290
     281
     280
     250
     291
     280
     299
     258
     294
     242
     293
     294
     279
     266
     284
     258
     254
     283
     277
     285
     275
     295
     297
     320
     281
     269
     285
     281
     265
     290
     292
     317
     282
     303
     294
     289
     268
     287
     282
     266
     277
     277
     264
     252
     286
     300
     281
     253
     255
     283
     278
     267
     283
     294
     270
     293
     306
     305
     266
     280
     293
     284
     299
     282
     297
     285
     273
     302
     269
     272
     310
     317
     293
     292
     233
     324
     264
     295
     297
     264
     279
     268
     303
     274
     282
     265
     284
     255
     260
     283
     291
     292
     253
     298
     270
     270
     296
     297
     291
     250
     289
     312
     271
     301
     269
     287
     302
     318
     247
     246
     276
     239
     264
     291
     294
     235
     278
     250
     277
     259
     269
     268
     247
     310
     293
     281
     300
     260
     258
     284
     260
     252
     287
     277
     276
     268
     268
     272
     266
     279
     261
     311
     267
     254
     289
     277
     270
     301
     294
     277
     299
     289
     281
     264
     297
     266
     267
     290
     252
     267
     278
     292
     256
     279
     271
     259
     268
     264
     256
     227
     273
     285
     265
     261
     243
     296
     296
     284
     247
     305
     264
     280
     280
     280
     259
     266
     285
     262
     259
     257
     262
     246
     267
     272
     284
     259
     238
     262
     253
     269
     275
     270
     280
     247
     278
     264
     259
     250
     259
     236
     277
     262
     233
     263
     268
     259
     284
     257
     268
     290
     261
     281
     261
     303
     289
     330
     330
     310
     298
     264
     267
     275
     243
     278
     244
     270
     269
     258
     248
     241
     260
     269
     276
     274
     260
     260
     277
     256
     242
     252
     248
     270
     272
     223
     240
     257
     244
     284
     254
     246
     245
     265
     251
     231
     230
     253
     266
     298
     267
     271
     252
     277
     250
     269
     268
     238
     242
     229
     236
     236
     243
     283
     239
     270
     241
     243
     285
     264
     260
     245
     268
     240
     253
     253
     249
     268
     254
     226
     221
     223
     231
     243
     263
     274
     286
     239
     244
     232
     248
     247
     257
     277
     239
     248
     260
     259
     266
     256
     258
     249
     254
     270
     260
     221
     243
     228
     231
     245
     255
     240
     265
     257
     235
     257
     225
     257
     252
     254
     251
     246
     246
     259
     241
     239
     236
     231
     242
     263
     259
     240
     263
     254
     252
     248
     226
     255
     251
     233
     234
     248
     239
     242
     262
     258
     226
     225
     246
     250
     233
     248
     244
     231
     264
     221
     221
     253
     232
     236
     237
     255
     225
     228
     251
     234
     232
     245
     239
     245
     259
     259
     225
     244
     263
     261
     254
     227
     229
     225
     257
     238
     268
     262
     274
     240
     254
     260
     242
     251
     229
     259
     229
     239
     235
     258
     258
     260
     226
     252
     231
     238
     222
     235
     274
     225
     241
     225
     266
     238
     237
     236
     216
     248
     249
     209
     224
     227
     232
     243
     273
     239
     225
     259
     219
     237
     220
     233
     235
     225
     224
     243
     292
     228
     267
     258
     215
     246
     251
     211
     212
     250
     240
     240
     219
     247
     257
     213
     236
     249
     235
     252
     246
     246
     230
     244
     259
     233
     209
     216
     257
     252
     244
     265
     238
     231
     252
     230
     231
     217
     246
     237
     260
     226
     220
     235
     228
     222
     249
     215
     211
     241
     256
     232
     235
     252
     212
     241
     218
     241
     229
     201
     232
     235
     202
     216
     255
     232
     223
     253
     225
     258
     244
     229
     223
     238
     218
     247
     220
     239
     232
     242
     225
     242
     212
     213
     213
     237
     213
     244
     226
     244
     247
     224
     225
     240
     225
     229
     269
     230
     268
     187
     249
     231
     200
     247
     229
     235
     218
     271
     272
     263
     262
     262
     253
     239
     222
     236
     261
     240
     203
     239
     241
     256
     246
     249
     229
     225
     212
     234
     230
     208
     248
     247
     235
     222
     213
     243
     211
     252
     239
     227
     244
     259
     248
     227
     223
     257
     232
     211
     280
     211
     240
     230
     215
     233
     233
     207
     213
     224
     220
     209
     223
     221
     239
     219
     254
     248
     232
     218
     231
     240
     216
     271
     229
     254
     229
     244
     236
     225
     218
     243
     217
     222
     233
     231
     235
     227
     234
     252
     234
     239
     245
     207
     198
     219
     225
     263
     220
     219
     240
     233
     265
     242
     244
     219
     243
     237
     228
     218
     226
     245
     234
     236
     231
     220
     231
     214
     243
     208
     221
     245
     237
     210
     231
     224
     216
     194
     231
     219
     216
     203
     222
     265
     205
     226
     238
     208
     211
     234
     221
     218
     214
     220
     212
     215
     201
     230
     214
     217
     225
     246
     230
     220
     247
     222
     222
     223
     227
     217
     207
     222
     171
     214
     219
     213
     219
     210
     209
     249
     237
     211
     245
     218
     220
     242
     238
     219
     225
     215
     217
     214
     212
     241
     232
     217
     222
     206
     240
     243
     233
     239
     213
     219
     205
     236
     230
     215
     229
     216
     246
     219
     205
     262
     222
     223
     235
     193
     234
     222
     193
     214
     220
     216
     224
     200
     221
     219
     231
     241
     215
     212
     223
     198
     223
     212
     210
     244
     214
     240
     251
     198
     210
     240
     230
     206
     215
     229
     211
     225
     211
     239
     228
     230
     193
     234
     218
     229
     238
     228
     222
     228
     216
     208
     214
     230
     241
     206
     226
     207
     263
     227
     231
     250
     239
     250
     227
     231
     259
     245
     222
     208
     240
     234
     229
     223
     236
     215
     217
     221
     227
     235
     213
     208
     224
     211
     224
     215
     222
     215
     230
     233
     240
     232
     224
     220
     209
     213
     207
     194
     228
     217
     235
     218
     216
     252
     218
     195
     222
     217
     212
     220
     236
     260
     218
     227
     198
     232
     236
     228
     218
     251
     201
     244
     228
     222
     239
     201
     213
     226
     210
     223
     213
     207
     225
     193
     214
     185
     205
     203
     216
     263
     211
     250
     266
     230
     232
     265
     250
     226
     249
     211
     226
     229
     231
     220
     222
     211
     231
     221
     240
     237
     226
     236
     231
     192
     211
     231
     223
     238
     243
     221
     222
     215
     216
     228
     210
     214
     234
     241
     229
     215
     233
     249
     200
     227
     220
     234
     212
     250
     212
     217
     189
     248
     255
     231
     219
     212
     226
     210
     196
     206
     231
     202
     215
     230
     238
     215
     226
     218
     252
     217
     236
     224
     233
     221
     232
     258
     213
     230
     224
     226
     219
     249
     220
     232
     212
     256
     237
     231
     236
     237
     219
     193
     242
     247
     222
     230
     225
     213
     218
     238
     236
     222
     265
     234
     229
     206
     214
     210
     239
     212
     256
     210
     222
     222
     242
     231
     248
     202
     225
     223
     198
     194
     232
     239
     240
     229
     225
     238
     231
     212
     264
     228
     212
     225
     235
     216
     203
     232
     258
     219
     230
     213
     240
     223
     252
     219
     228
     229
     239
     266
     227
     250
     229
     230
     248
     224
     221
     238
     222
     219
     221
     228
     232
     230
     213
     233
     219
     232
     214
     201
     231
     214
     200
     260
     216
     246
     236
     261
     242
     214
     227
     247
     249
     225
     208
     232
     208
     198
     229
     241
     234
     214
     221
     229
     233
     201
     224
     232
     251
     243
     245
     213
     244
     246
     201
     242
     251
     214
     226
     247
     245
     276
     228
     236
     242
     220
     222
     242
     222
     235
     222
     251
     221
     247
     212
     244
     207
     228
     218
     243
     231
     257
     233
     209
     227
     234
     249
     233
     222
     229
     227
     208
     221
     258
     238
     257
     226
     239
     237
     240
     239
     238
     216
     210
     243
     229
     236
     226
     223
     228
     230
     229
     229
     207
     236
     222
     253
     238
     225
     240
     235
     234
     223
     258
     239
     247
     248
     231
     224
     232
     206
     259
     230
     229
     286
     229
     269
     275
     240
     222
     255
     236
     253
     241
     212
     244
     243
     229
     250
     211
     232
     252
     240
     238
     240
     229
     249
     219
     235
     207
     241
     220
     249
     239
     221
     232
     222
     282
     241
     228
     237
     252
     220
     224
     234
     250
     237
     256
     256
     252
     230
     238
     252
     262
     250
     217
     188
     220
     237
     254
     233
     251
     217
     251
     262
     254
     237
     273
     226
     241
     247
     236
     254
     237
     232
     251
     221
     248
     246
     244
     234
     220
     251
     258
     241
     224
     227
     250
     221
     232
     239
     220
     242
     229
     255
     219
     232
     240
     249
     233
     243
     264
     243
     245
     236
     256
     253
     257
     244
     229
     256
     239
     265
     248
     228
     237
     231
     243
     260
     253
     224
     256
     267
     243
     232
     259
     270
     268
     237
     264
     239
     251
     252
     236
     242
     249
     214
     259
     259
     237
     241
     236
     245
     219
     238
     276
     263
     269
     253
     236
     229
     263
     246
     221
     225
     228
     235
     274
     244
     245
     250
     252
     236
     244
     270
     267
     264
     257
     257
     267
     262
     243
     281
     263
     215
     275
     238
     242
     273
     254
     249
     258
     216
     241
     261
     243
     279
     264
     267
     239
     264
     253
     238
     261
     256
     255
     252
     276
     253
     269
     247
     269
     281
     272
     262
     292
     302
     264
     259
     283
     293
     268
     243
     252
     279
     249
     269
     262
     284
     307
     250
     251
     281
     283
     261
     266
     278
     238
     245
     299
     250
     240
     261
     261
     269
     258
     269
     283
     242
     246
     300
     256
     261
     247
     262
     253
     293
     261
     286
     273
     265
     262
     266
     257
     252
     272
     283
     251
     260
     257
     267
     270
     253
     254
     265
     265
     274
     260
     275
     267
     260
     254
     283
     249
     260
     265
     222
     270
     301
     283
     259
     285
     276
     288
     269
     307
     260
     262
     260
     306
     260
     266
     280
     279
     289
     283
     250
     272
     285
     242
     245
     288
     285
     285
     300
     280
     281
     263
     274
     286
     293
     271
     241
     276
     271
     310
     297
     305
     281
     288
     282
     290
     289
     256
     289
     275
     272
     280
     291
     295
     264
     326
     278
     281
     279
     264
     300
     270
     272
     323
     298
     254
     313
     277
     312
     284
     301
     296
     292
     262
     305
     285
     292
     270
     275
     302
     299
     296
     277
     282
     301
     302
     277
     316
     271
     282
     303
     300
     257
     284
     298
     323
     325
     307
     283
     317
     294
     300
     310
     302
     291
     310
     284
     281
     314
     294
     293
     277
     286
     302
     297
     341
     351
     287
     297
     274
     289
     311
     299
     303
     291
     275
     284
     325
     296
     291
     295
     296
     310
     320
     275
     285
     300
     304
     276
     322
     302
     317
     289
     310
     290
     297
     329
     304
     297
     282
     295
     285
     308
     292
     276
     308
     301
     303
     304
     298
     303
     296
     276
     311
     282
     303
     323
     306
     301
     285
     276
     270
     291
     317
     277
     262
     296
     313
     258
     261
     276
     277
     274
     245
     292
     268
     272
     245
     239
     256
     256
     204
     238
     245
     241
     255
     248
     248
     258
     226
     200
     228
     208
     228
     219
     214
     199
     196
     220
     238
     216
     211
     204
     236
     213
     222
     203
     204
     228
     221
     190
     171
     202
     231
     200
     196
     197
     169
     215
     197
     203
     208
     212
     184
     185
     185
     196
     190
     171
     204
     188
     189
     189
     210
     177
     183
     186
     202
     190
     196
     202
     190
     190
     192
     190
     197
     202
     190
     187
     149
     198
     176
     175
     183
     209
     204
     174
     179
     186
     192
     159
     188
     192
     194
     188
     158
     175
     151
     156
     179
     180
     185
     178
     187
     164
     172
     197
     177
     166
     188
     176
     182
     178
     181
     165
     153
     165
     163
     174
     180
     168
     146
     172
     175
     160
     179
     168
     173
     194
     176
     188
     197
     166
     157
     153
     165
     174
     179
     163
     158
     177
     182
     160
     148
     192
     154
     158
     157
     185
     147
     164
     165
     185
     169
     159
     160
     158
     165
     159
     174
     178
     161
     159
     172
     174
     154
     155
     131
     153
     176
     156
     153
     136
     158
     158
     153
     146
     154
     171
     153
     131
     131
     180
     161
     158
     161
     155
     164
     168
     160
     176
     152
     171
     170
     168
     150
     159
     159
     166
     153
     174
     164
     141
     152
     155
     142
     173
     191
     171
     168
     146
     174
     138
     137
     125
     146
     159
     135
     136
     172
     137
     132
     159
     157
     137
     168
     142
     150
     124
     151
     156
     162
     142
     127
     174
     146
     139
     137
     148
     126
     165
     144
     120
     155
     147
     129
     154
     131
     156
     127
     140
     149
     126
     140
     112
     150
     141
     133
     128
     171
     145
     142
     136
     133
     134
     158
     149
     132
     119
     115
     136
     129
     134
     137
     149
     145
     133
     133
     141
     123
     128
     130
     119
     122
     151
     139
     149
     123
     141
     130
     125
     142
     142
     127
     125
     149
     128
     125
     122
     128
     132
     131
     134
     121
     119
     135
     138
     115
     127
     134
     117
     121
     120
     116
     147
     115
     124
     116
     142
     126
     138
     120
     124
     138
     122
     133
     106
     129
     129
     128
     128
     107
     111
     128
     129
     121
     108
     116
     128
     140
     140
     142
     118
     136
     125
     117
     125
     113
     129
      98
     136
      99
     143
     129
     134
     116
     119
     103
     135
     127
     117
     122
     117
     117
     121
     106
     126
     116
     132
     118
     114
     116
     106
     127
     117
     103
     111
     118
     126
     110
     134
     111
     121
     114
     117
     118
      96
     107
     103
     109
     112
     119
     123
     119
     134
     127
     102
     110
     116
     123
     111
     104
     121
     108
     113
     100
     115
     101
     141
     101
     117
      88
      97
     112
     102
     119
     117
     107
      96
     118
      90
     112
     113
     109
      89
     109
     107
     112
     112
      97
     115
     117
      92
     100
     120
      93
     100
     101
     111
     100
     101
      93
     125
      97
     105
     103
      96
     115
     110
      99
     107
     117
      89
      89
     121
     109
      89
      99
     105
      92
      91
      97
     103
     106
     106
      80
      77
     120
      93
     103
     105
      99
      89
      88
     109
     102
      91
      96
     108
     116
     122
     102
      92
      98
      92
      94
     114
     115
      85
     103
      99
     114
     105
     100
      97
      88
     117
      92
      80
      86
     112
      96
     107
      97
     109
      92
     108
      81
      79
     101
      81
     104
      86
      97
     103
     101
      83
      77
     100
     109
      87
      81
      85
      92
      89
      86
     112
     108
     114
     107
      93
      75
      90
      84
      89
      91
      92
     110
     101
      97
      93
      91
      94
     104
      68
      94
      94
      99
      98
      71
      84
      88
      87
      75
     105
      98
      91
      95
      94
     103
      90
     103
     103
      90
      85
     104
      99
     102
      85
      88
      98
      85
      92
     100
      97
      95
     106
      82
      91
      95
      88
      89
      79
      84
     100
      85
      85
     100
      78
      95
      84
      95
      97
      97
     104
      80
      90
      98
      86
      85
      76
      83
      94
      82
     107
      85
      85
      96
      89
      99
      93
      82
      95
     104
     107
     107
      89
      89
      85
     108
      95
     105
     104
      94
      75
      90
      98
     101
     122
      99
     106
     116
     104
      91
     107
      98
     102
      89
      81
      86
      84
      88
      86
      86
      92
      86
      79
      97
      79
      87
      91
      99
      96
      88
      80
      79
      87
     100
      94
     101
      78
      90
      94
     101
      75
      81
      86
      87
      68
      90
     113
      84
      91
      96
     106
      85
     101
     100
      80
     101
      89
      95
      89
      88
      83
      91
      78
      82
      99
      97
      83
      93
      97
      95
      95
      94
      75
      96
      93
      96
      92
      85
      83
      75
      97
     110
      91
      84
      98
      81
      87
      90
      88
      91
      89
      86
      83
      78
      93
      82
      82
      89
      79
      82
      98
     102
      88
      88
      85
      82
      75
      89
      82
     101
     104
      91
      83
      75
      84
      97
      90
      94
      98
      92
      85
      77
      96
      93
      87
      89
      86
      97
      78
      75
      83
     102
      77
      97
      95
     112
      93
     109
      90
     101
      76
      96
      93
      74
      88
      90
      77
      79
      96
      88
      89
      93
      86
      76
      95
     113
      98
      94
     112
     122
     114
     122
     107
      99
      90
      94
      84
      79
      92
     109
      92
     108
      93
      90
      75
     102
      83
      86
      89
      93
      95
      87
      90
     105
      95
     100
      72
      88
      88
      84
      77
      82
      75
      82
      84
      83
     105
      83
      85
      89
      77
     104
      72
      91
      88
      79
      90
      82
      87
      77
      81
      83
      96
      93
      85
     105
      97
      95
      72
      86
      85
      91
      92
      92
      93
      81
      90
      87
      68
      96
      89
      82
      85
      98
      93
      79
      92
      96
      87
      87
      77
      96
      84
      85
      93
     102
      90
      96
      72
      77
      88
      85
      78
     101
     101
      97
     102
      91
      92
      83
      84
      83
      99
      91
      89
      78
      92
     113
      65
      77
      81
      92
      82
     104
      82
      95
      74
      95
      89
      85
      80
      77
      89
      99
      88
      83
     107
      96
      87
      85
      83
      84
      90
     104
     106
      86
      91
     106
      84
      99
      87
      90
     101
      66
     107
      83
      86
      91
      90
      97
      90
      99
      68
      89
      87
      84
      91
     101
      81
      97
      85
      75
      96
      87
      85
      74
      81
     105
      86
      69
      89
      93
     100
      88
      85
      82
      91
      95
      74
      86
      92
      78
      87
      99
     100
      73
      88
      71
      80
     104
      86
      74
      77
      76
      85
      87
     100
     103
      88
      98
      92
      88
     111
      84
      90
      90
      87
     100
      94
      87
      87
     104
      93
     101
     119
     102
     110
      96
      93
      83
      77
      72
      86
      98
      90
      71
      85
      90
     111
      89
      88
      90
      71
      85
      98
      86
      69
     101
      78
      89
      86
      85
      83
      85
      77
      78
      82
      91
      78
     101
      97
      92
     111
      95
      88
      84
      87
      91
      87
      76
      92
      80
      91
      74
      85
      84
      82
      90
      69
      90
      87
      86
      82
     100
      96
      81
     108
      84
      73
     102
     101
     105
      83
      93
      93
     100
      95
      98
     115
     120
     107
      97
     124
     109
     179
     260
     344
     560
    1007
    1625
    2673
    4222
    6258
    8413
   10871
   13343
   14787
   15109
   14225
   12526
   10048
    7434
    5121
    3274
    1940
    1102
     629
     370
     264
     177
     180
     174
     195
     157
     157
     119
     136
     121
     127
     123
     114
     114
     115
     110
      95
      92
      80
      78
     102
      92
      73
      84
      78
      67
      77
      77
      81
      66
      68
      72
      75
      62
      90
      79
      70
      71
      62
      59
      75
      92
      73
      66
      68
      70
      69
      56
      68
      88
      75
      53
      63
      63
      84
      70
      76
      78
      78
      59
      77
      83
      61
      69
      75
      72
      79
      66
      66
      54
      88
      65
      59
      61
      65
      72
      77
      62
      52
      56
      56
      65
      66
      68
      65
      80
      69
      55
      73
      69
      71
      58
      64
      80
      65
      66
      64
      66
      61
      69
      64
      65
      61
      63
      60
      69
      65
      80
      79
      66
      73
      77
      69
      57
      60
      67
      71
      60
      66
      55
      54
      55
      77
      75
      62
      78
      53
      58
      77
      79
      60
      77
      62
      63
      63
      68
      66
      69
      81
      82
      64
      70
      58
      72
      74
      62
      59
      75
      75
      78
      69
      64
      59
      52
      82
      68
      74
      56
      55
      72
      64
      67
      62
      59
      62
      63
      58
      58
      51
      72
      70
      60
      66
      71
      60
      67
      62
      61
      64
      77
      68
      82
      78
      56
      60
      59
      74
      73
      73
      61
      56
      68
      80
      60
      74
      58
      52
      62
      62
      66
      72
      69
      65
      78
      70
      68
      72
      60
      60
      59
      69
      77
      85
      64
      73
      55
      73
      71
      70
      63
      52
      58
      70
      56
      62
      62
      66
      79
      74
      64
      59
      70
      73
      63
      63
      60
      62
      70
      75
      73
      71
      64
      65
      67
      63
      61
      72
      58
      67
      69
      70
      68
      65
      82
      71
      72
      83
      59
      73
      71
      52
      58
      54
      70
      73
      62
      83
      68
      59
      65
      60
      49
      64
      72
      63
      80
      70
      61
      60
      78
      64
      66
      51
      64
      65
      88
      68
      60
      92
      83
      73
      76
      67
      56
      60
      82
      89
      58
      62
      71
      68
      80
      76
      66
      63
      56
      76
      71
      71
      63
      71
      80
      83
      67
      59
      71
      62
      67
      67
      74
      49
      72
      69
      65
      68
      71
      66
      58
      80
      64
      86
      68
      72
      68
      61
      65
      66
      67
      75
      69
      65
      70
      84
      60
      71
      53
      72
      73
      65
      70
      58
      78
      60
      72
      57
      66
      73
      63
      57
      64
      68
      72
      51
      71
      59
      77
      70
      73
      70
      61
      66
      72
      68
      83
      77
      78
      72
      62
      89
      70
      62
      67
      63
      66
      53
      74
      73
      65
      77
      77
      58
      67
      64
      51
      72
      63
      68
      69
      72
      78
      68
      65
      68
      64
      73
      71
      79
      76
      78
      64
      75
      69
      75
      75
      58
      69
      67
      74
      65
      70
      62
      66
      74
      86
      61
      77
      60
      65
      71
      73
      67
      59
      75
      62
      76
      66
      70
      77
      77
      70
      74
      68
      68
      72
      73
      78
      71
      80
      63
      64
      57
      65
      66
      77
      67
      68
      73
      64
      60
      77
      83
      65
      63
      76
      67
      69
      62
      59
      62
      70
      65
      76
      79
      69
      74
      70
      64
      74
      66
      84
      72
      59
      63
      50
      58
      75
      66
      77
      76
      58
      83
      67
      52
      58
      66
      69
      75
      63
      63
      74
      60
      77
      72
      71
      88
      66
      67
      67
      70
      68
      65
      81
      60
      74
      52
      69
      78
      60
      93
      72
      78
      74
      68
      73
      61
      55
      70
      61
      73
      73
      66
      57
      80
      58
      64
      97
      71
      68
      66
      76
      66
      70
      68
      59
      75
      70
      68
      79
      84
      61
      72
      73
      74
      77
      64
      70
      74
      69
      79
      65
      66
      69
      68
      91
      66
      82
      62
      69
      73
      80
      72
      66
      61
      60
      59
      70
      96
      80
      63
      78
      67
      83
      73
      75
      69
      58
      63
      71
      72
      69
      69
      69
      72
      85
      72
      77
      75
      72
      80
      72
      73
      78
      79
      77
      73
      73
      72
      73
      73
      65
      78
      68
      70
      79
      73
      98
      94
      61
      89
      68
      68
      68
      58
      75
      86
      86
      78
      64
      68
      56
      65
      56
      81
      77
      68
      63
      75
      70
      64
      59
      57
      55
      63
      68
      66
      80
      73
      80
      66
      68
      80
      87
      70
      67
      74
      70
      70
      68
      81
      56
      62
      61
      72
      72
      71
      80
      65
      75
      77
      79
      94
      79
      72
      66
      72
      68
      67
      67
      72
      75
      74
      65
      77
      74
      65
      77
      79
      80
      87
      70
      67
      79
      82
      79
      75
      82
      69
      70
      73
      64
      73
      78
      73
      89
      73
      78
      87
      75
      60
      70
      70
      72
      70
      79
      73
      77
      92
      79
      65
      67
      71
      91
      60
      70
      76
      68
      53
      80
      73
      79
      85
      89
      61
      69
      75
      77
      57
      68
      74
      71
      74
      71
      87
      60
      74
      59
      65
      69
      63
      76
      67
      70
      75
      75
      78
      79
      70
      80
      78
      83
      82
      86
      78
      70
      82
      84
      56
      58
      66
      82
      80
      81
      70
      64
      69
      81
      63
      82
      76
      70
      83
      93
      81
      65
      71
      84
      67
      84
      90
      73
      64
      76
      74
      68
      64
      67
      72
      72
      81
      71
      92
      69
      85
      71
      65
      78
      59
      79
      89
      80
      71
      77
      71
      69
      62
      57
      61
      73
      70
      86
      84
      75
      84
      63
      92
      80
      67
      70
      80
      66
      79
      65
      73
      74
      80
      87
      86
      93
      76
      75
      64
      89
      75
      81
      78
      63
      77
      86
      79
      74
      95
      60
      64
      91
      73
      70
      70
      85
      88
      64
      68
      83
      82
      62
      71
      53
      78
      75
      67
      76
      63
      58
      73
      82
      73
      79
      68
      73
      75
      72
      75
      73
      69
      80
      79
      81
      85
      72
      62
      68
      71
      72
      81
      78
      57
      81
      92
      76
      83
      85
      76
      79
      72
      74
      89
      82
      84
      69
      84
      83
      83
      73
      61
      77
      77
      80
      78
      71
      80
      62
      68
      86
      82
      83
      92
      97
      87
      81
      89
      76
      94
      97
      83
      85
      93
      96
      59
      92
      94
      73
      95
      80
      85
      67
      76
      74
      79
      94
      71
      71
      78
      64
      80
      73
      73
      86
      74
      76
      85
      68
      79
      85
      81
      73
      68
      76
      80
      80
      81
      80
      74
      77
      81
      75
      71
      91
      96
      84
      66
      73
      67
      61
      73
      66
      79
      88
      85
      81
      83
      74
      73
      85
      85
      83
      78
      94
      75
     100
      82
      71
      77
      87
     101
      88
      81
      69
      77
      80
      87
      90
      69
      90
      95
     105
      86
      72
      77
      80
      74
      63
      74
      60
      70
     105
      66
      90
      70
      99
      73
      82
      83
      67
      73
      99
      89
      78
      73
      77
      93
      82
      77
      76
      72
      75
      69
      83
      79
      87
      82
      79
      89
      91
      93
      76
      74
      93
      84
      87
      69
      81
      73
      94
      78
      61
      96
      88
      73
      81
      89
      84
      81
      78
      72
      72
      79
      79
      76
      82
      77
      93
      53
      78
      82
      78
      90
      91
      75
      98
      76
      87
      76
      76
      66
      77
      76
      76
     103
      80
      93
      83
      84
      73
      66
      81
      77
      80
      87
      72
      84
      58
      97
      75
      90
      83
      92
      83
      69
      84
      84
      90
     111
      96
      87
      89
      84
      82
      74
      87
      69
      65
      78
      89
      87
      76
      62
      76
      92
      91
      86
      90
      72
      87
      76
      85
      98
      83
      86
      85
      88
      67
      94
      81
      94
      87
      76
      77
      86
      90
      82
      89
      96
      82
      92
      76
      81
     112
      78
      93
      94
      91
      88
      95
      94
      70
      83
      83
      76
      79
      84
      75
     103
      89
      95
      85
      89
      76
      75
      86
      98
     104
      85
      89
      75
      83
      83
      77
      88
      96
      92
     102
     102
      85
      88
      86
     101
      99
      88
      84
     100
      85
      83
     107
      88
     100
      90
     102
      87
      84
      82
      89
      88
      93
      77
      69
      77
      85
     119
      92
     103
      90
     100
      79
      87
      82
      79
      82
     100
      93
      84
      82
     102
      81
      90
      97
      95
      82
      86
      81
      92
      94
      84
      88
      79
      71
      89
      76
      82
      85
      76
      71
      91
     103
      78
      98
      80
      70
      98
      92
     101
      86
      94
      86
      95
      97
      96
      88
      68
      92
      99
      79
      85
      88
      81
      77
      97
      92
      85
     103
      91
      93
      96
      96
      87
      94
      84
      83
      85
      81
      84
      71
      95
      82
     110
     107
      86
      79
     112
      81
      97
      84
      83
      80
      87
      85
      78
      80
      89
      96
      82
      95
      88
      76
      79
     109
      96
      91
     102
      98
     102
      92
      81
      86
      81
     107
      92
      94
      75
      92
      81
      95
      82
      96
      94
     103
      96
     101
      75
      96
     100
      77
      95
     100
     101
     102
     108
     100
     108
      97
      94
      98
      94
      85
      78
      70
     108
      92
     105
      94
      89
     104
      95
      85
     103
     102
     105
      85
     103
      93
      86
     103
      85
     105
      99
     104
     102
      83
      81
      97
      92
      92
      92
     105
      82
      91
      81
      89
      92
      94
      88
      87
      87
      86
      91
     102
     108
     115
     101
      99
     106
      86
      75
      90
      98
      85
     100
     113
      91
     104
      88
     100
     101
      78
     110
     111
     102
     101
      97
      98
      93
     109
      99
     101
      92
     117
     100
     103
     109
      97
     107
      91
     100
      92
      87
     111
      99
     100
      99
      89
     104
      82
      97
      91
      96
      94
     112
      88
      84
     117
     129
     103
     110
     112
     104
     100
     102
      85
     109
      88
      92
     106
      83
     103
     100
      94
     107
      94
     105
      93
     107
      95
      87
     111
      84
     111
      97
     105
      82
      75
     108
     102
     100
     103
     107
      88
      99
     104
     104
      99
      82
     108
     108
      71
     107
      85
     105
     110
     111
      78
     100
      99
     109
      99
      94
     109
     102
     107
      95
      95
     114
     103
      98
      98
      87
     108
      89
     101
      95
      86
     116
     112
      85
     100
      88
      93
     101
     105
     108
      97
     113
      98
     103
      93
      88
     101
     112
     120
     116
     101
     115
     105
      92
     110
     103
     109
     114
     107
      87
      98
      98
      89
      93
      99
     108
     112
      99
     105
     111
     116
      99
     101
     103
      98
      98
     118
     100
     101
      93
     108
     106
      91
     102
     112
     113
     115
     124
      89
      98
     107
     116
     103
     106
     118
      92
     107
     124
     107
     104
     103
      93
     105
     120
     107
     119
     123
      94
     110
      98
     115
      98
      85
      98
     117
     101
     113
     106
     109
     104
     106
     114
      92
     104
     104
     127
     105
     109
     107
      98
     114
     104
     110
     115
     111
      99
     133
     125
     113
     110
      91
     110
     109
     105
     118
     128
     109
     118
     114
     119
     108
     114
     109
     109
     109
     104
     123
     109
     104
     106
     117
     127
     107
     102
      96
     126
     152
     102
     111
      95
     112
     106
     122
     109
     114
     105
     124
     114
     107
     111
     124
     110
     107
     103
     113
     115
     101
     128
     111
     103
     135
      94
     118
     111
     104
     132
     123
     110
     120
     121
     119
     112
     110
     111
     104
     128
     107
     130
     119
     113
     118
     124
     136
     107
     127
     119
     111
     116
     130
     120
     114
     107
     111
     114
     111
     118
     122
     127
     106
     116
     107
     135
     110
     112
     121
     129
     119
     111
     118
     120
      99
      98
     143
     119
     111
     116
     122
      99
     126
     127
     107
     112
     104
     115
     136
     125
     117
      93
     101
     107
     103
     113
     118
     103
     112
      97
     114
     120
     118
     106
     110
      89
      97
      98
      84
      87
     106
      83
     103
      94
     120
     103
      97
     100
      97
      65
      95
     104
      78
      88
      82
      93
     111
      93
      80
      78
      84
     106
      81
      94
     111
      92
     113
      96
      92
      78
      83
      81
      80
      80
      75
      97
      95
      81
      88
      91
      76
      88
      73
      99
      72
      94
      89
      73
      95
      91
      75
      77
     104
      71
     100
      67
      87
      90
      78
      93
      87
      84
      78
      78
      80
      76
      94
      89
      94
      81
      86
      92
      91
      86
      75
      91
     101
      77
      83
      82
      89
      85
      72
      76
      76
     104
      78
      82
      76
      94
      64
      74
      63
      67
      66
      81
      83
      84
      86
      73
      89
      79
      81
      99
      85
      89
      77
      87
      64
      79
      91
     100
      86
      75
      78
      77
      85
      74
      92
      80
      93
      81
      72
      80
      78
      83
      87
      79
      87
      91
      82
      87
      81
      75
      89
      79
      76
      65
      77
      82
      79
      87
      87
      86
      72
      90
      82
      75
      68
      90
      84
      91
      76
      79
      79
      82
      79
      84
      70
      85
      79
      83
      79
      98
      84
      69
      76
      71
      89
      91
      67
      71
      90
      61
      69
      73
      89
      71
      78
      59
      76
      93
      84
      61
      87
      57
      67
      72
      72
      66
      76
      72
      78
      81
      66
      74
      88
      74
      92
      73
      75
      85
      70
     103
      77
      70
      79
      77
      84
      63
      75
      83
      94
      85
      82
      82
      71
      76
      78
      80
      66
      69
      81
      86
      86
      81
      73
      77
      85
      71
      79
      89
      67
      80
      76
      72
      73
      84
      75
      71
      74
      94
      88
      78
      70
      71
      87
      83
      83
      90
      83
      59
      72
      80
      72
      79
      62
      75
      83
      66
      61
      89
      78
      82
      79
      86
     103
      67
      85
      69
      96
      72
      78
      57
      84
      75
      66
      72
      81
      58
      90
      64
      68
      67
      83
      69
      72
      83
      77
      65
      98
      76
      79
      71
      69
      83
      91
      54
      74
      69
      75
      70
      65
      77
      74
      70
      60
      84
      80
      58
      87
      87
      69
      78
      78
      77
      72
      68
      80
      73
      83
      81
      80
      65
      80
      87
      75
      77
      75
      77
      88
      59
      80
      64
      73
      68
      64
      73
      88
      87
      88
      67
      71
      84
      64
      72
      77
      67
      61
      62
      80
      74
      79
      73
      72
      80
      70
      73
      76
      64
      70
      73
      72
      62
      76
      68
      72
      70
      82
      70
      77
      62
      83
      70
      75
      84
      65
      76
      62
      75
      74
      74
      76
      85
      69
      86
      61
      69
      69
      83
      67
      84
      75
      61
      70
      98
      81
      80
      81
      67
      73
      68
      67
      66
      65
      71
      71
      83
      85
      81
      82
      85
      70
      69
      67
      90
      60
      79
      80
      67
      76
      67
      65
      72
      62
      73
      78
      76
      75
      80
      61
      71
      66
      76
      71
      84
      70
      62
      78
      65
      66
      64
     100
      79
      80
      83
      66
      96
      65
      78
      75
      78
      66
      76
      74
      82
      80
      64
      88
      61
      75
      67
      74
      80
      79
      69
      71
      76
      72
      76
      80
      76
      69
      70
      62
      69
      82
      74
      81
      86
      81
      71
      92
      80
      71
      77
      70
      70
      63
      88
      62
      74
      89
      77
      66
      72
      74
      81
      73
      82
      61
      83
      68
      86
      61
      67
      69
      63
      63
      55
      72
      64
      71
      74
      60
      66
      68
      73
      81
      74
      67
      63
      56
      68
      67
      61
      71
      69
      70
      54
      73
      62
      71
      70
      63
      79
      72
      68
      84
      62
      69
      74
      65
      82
      58
      68
      72
      69
      67
      76
      72
      65
      70
      73
      61
      84
      60
      64
      78
      72
      69
      77
      72
      79
      68
      73
      78
      80
      81
      78
      62
      80
      60
      78
      77
      75
      64
      67
      71
      60
      74
      51
      73
      62
      76
      71
      62
      68
      67
      66
      59
      67
      61
      73
      67
      72
      68
      70
      67
      66
      68
      64
      85
      75
      70
      69
      68
      84
      75
      74
      66
      89
      82
      75
      85
      74
      65
      80
      72
      75
      70
      65
      70
      74
      71
      69
      72
      72
      68
      65
      62
      57
      62
      83
      85
      74
      62
      80
      60
      84
      61
      62
      73
      71
      65
      62
      85
      73
      62
      64
      67
      64
      66
      64
      64
      56
      69
      79
      78
      63
      70
      69
      72
      66
      67
      75
      74
      64
      78
      77
      73
      69
      79
      57
      60
      68
      71
      71
      80
      74
      83
      74
      74
      77
      62
      75
      79
      62
      82
      64
      69
      72
      64
      68
      74
      91
      71
      66
      76
      75
      62
      68
      72
      61
      74
      70
      66
      69
      69
      75
      80
      74
      64
      66
      83
      88
      61
      83
      71
      77
      58
      76
      76
      67
      81
      71
      88
      65
      74
      76
      77
      81
      67
      66
      79
      60
      66
      64
      62
      70
      64
      90
      85
      72
      75
      69
      73
      73
      71
      82
      84
      67
      86
      64
      69
      64
      80
      63
      68
      78
      70
      72
      74
      90
      94
      65
      77
      77
      80
      73
      78
      72
      73
      85
      76
      63
      76
      77
      69
      82
      85
      73
      71
      82
      72
      76
      76
      84
      73
      68
      67
      78
      71
      74
      78
      59
      81
      92
      77
      73
      73
      63
      67
      81
      66
      75
      73
      79
      68
      78
      59
      88
      84
      69
      75
      69
      69
      83
      71
      84
      84
      75
      73
      72
      76
      65
      89
      77
      87
      80
      92
      90
      92
      84
      82
      82
      85
      74
      69
      88
      76
      85
      83
      78
      84
      64
      68
      72
      72
      71
      67
      69
      53
      82
      68
      87
      66
      74
      75
      75
      70
      61
      85
      74
      66
      69
      93
      78
      74
      77
      79
      68
      85
      65
      82
      73
      70
      73
      78
      71
      76
      82
      66
      73
      86
      83
      73
      57
      63
      66
      74
      71
      68
      65
      70
      60
      58
      74
      55
      62
      63
      73
      39
      69
      68
      56
      51
      48
      68
      60
      72
      62
      55
      66
      50
      63
      61
      64
      65
      56
      64
      69
      59
      34
      58
      58
      69
      55
      56
      46
      55
      46
      53
      51
      55
      51
      55
      48
      42
      51
      48
      59
      58
      49
      51
      54
      55
      45
      54
      38
      52
      43
      46
      54
      46
      57
      57
      43
      60
      34
      61
      47
      49
      53
      46
      46
      52
      42
      56
      42
      54
      42
      32
      51
      51
      49
      46
      53
      50
      42
      30
      48
      45
      40
      42
      54
      43
      46
      51
      53
      41
      51
      29
      38
      46
      47
      48
      39
      44
      49
      34
      43
      49
      43
      40
      41
      39
      49
      44
      49
      37
      47
      45
      38
      42
      37
      48
      37
      43
      36
      43
      48
      40
      40
      46
      43
      50
      41
      41
      51
      36
      46
      43
      51
      34
      49
      35
      57
      39
      36
      45
      39
      46
      43
      49
      47
      35
      32
      47
      47
      59
      45
      43
      48
      39
      40
      43
      39
      45
      44
      55
      39
      51
      45
      43
      42
      43
      34
      41
      36
      43
      48
      51
      47
      47
      48
      42
      43
      44
      55
      39
      43
      35
      46
      42
      39
      50
      33
      51
      31
      43
      35
      38
      43
      40
      40
      43
      44
      39
      49
      53
      39
      39
      32
      37
      35
      40
      37
      38
      44
      40
      48
      40
      40
      47
      37
      50
      42
      35
      47
      38
      50
      42
      36
      35
      50
      45
      41
      39
      50
      34
      32
      44
      56
      40
      36
      43
      41
      39
      45
      38
      43
      28
      35
      35
      35
      41
      41
      38
      32
      40
      42
      43
      33
      35
      39
      39
      33
      37
      29
      37
      36
      44
      37
      27
      53
      44
      43
      43
      37
      40
      39
      32
      31
      38
      42
      49
      30
      48
      39
      34
      33
      38
      41
      47
      44
      36
      41
      32
      27
      42
      37
      31
      49
      37
      53
      29
      41
      36
      41
      39
      42
      52
      42
      46
      33
      63
      49
      43
      58
      61
      72
      88
      95
     125
     166
     226
     370
     501
     720
    1028
    1329
    1727
    2156
    2501
    3021
    3341
    3442
    3518
    3336
    3077
    2617
    2132
    1702
    1196
     919
     604
     391
     238
     178
     113
      90
      83
      44
      71
      68
      57
      66
      59
      53
      45
      47
      39
      48
      47
      52
      42
      37
      52
      27
      35
      38
      33
      35
      39
      34
      37
      34
      25
      27
      30
      40
      29
      37
      33
      31
      28
      35
      29
      34
      29
      43
      32
      29
      28
      32
      25
      33
      28
      27
      38
      24
      36
      26
      29
      26
      40
      34
      36
      36
      28
      28
      28
      22
      36
      24
      24
      32
      35
      30
      29
      27
      37
      28
      28
      27
      21
      33
      32
      31
      29
      25
      40
      32
      24
      22
      33
      30
      30
      29
      36
      19
      40
      29
      31
      25
      27
      36
      35
      25
      21
      20
      33
      28
      32
      32
      22
      27
      23
      30
      35
      26
      27
      20
      25
      28
      27
      22
      19
      28
      31
      34
      30
      24
      29
      19
      27
      32
      25
      29
      22
      30
      21
      32
      20
      17
      35
      25
      28
      23
      26
      29
      21
      25
      21
      23
      25
      21
      16
      18
      15
      18
      25
      26
      27
      26
      20
      19
      25
      18
      20
      17
      15
      21
      19
      19
      31
      29
      26
      28
      22
      18
      19
      23
      25
      22
      22
      16
      25
      24
      27
      20
      19
      20
      12
      21
      21
      28
      20
      24
      20
      26
      35
      17
      17
      19
      19
      21
      22
      26
      22
      19
      18
      29
      22
      24
      18
      17
      18
      20
      19
      23
      24
      23
      23
      18
      16
      17
      23
      26
      20
      23
      16
      14
      18
      23
      25
      17
      32
      17
      28
      12
      18
      16
      21
      18
      21
      17
      16
      31
      17
      12
      13
      16
      25
      17
      17
      19
      23
      12
      17
      17
      14
      11
      16
      10
      14
      18
      13
      14
       4
      28
      22
       9
      14
      20
      12
      18
      13
      12
      18
      17
      23
      13
      21
      19
       9
      13
      16
      23
      16
      13
      16
      15
      14
      18
      21
      12
      25
      15
      20
      23
      17
      22
      14
       8
      15
      12
      23
      17
      19
      20
      10
      24
      14
      17
      22
      18
      20
      16
      20
       7
      14
      16
      11
      16
      14
      17
      19
      14
      16
      11
      14
      21
      16
      11
      18
      17
      17
       9
      19
      13
      17
      21
      18
      14
      19
      11
      11
      18
       9
      17
      13
      18
      18
      14
      19
      16
      16
      19
      14
      12
      11
      14
      20
      13
      13
      18
      12
      10
      11
      14
      13
      21
      14
      17
      25
      15
      20
      15
      10
       9
      20
      15
      19
      10
      11
      15
      16
      15
      17
      12
      10
       8
      15
       9
      18
      10
       8
      13
       7
      15
       7
      10
      11
       8
       9
      14
      15
      17
      14
       9
      15
      15
       8
      12
      20
      13
      13
      18
       5
      11
       9
       8
      12
       8
      14
      12
       5
      12
      16
      12
      12
      19
      16
       9
      12
      10
      16
      14
      15
      11
      10
      16
       7
       7
      17
      14
       9
      13
      14
      16
       7
      15
       9
      11
      15
      14
      12
      10
      11
       9
       9
      12
       9
      13
       9
      11
      12
      13
      17
      13
       7
      10
       7
      11
      14
       9
       9
      20
      14
      11
      11
      12
       9
      13
      13
      12
      13
      17
       9
      11
      10
       9
      11
       9
       8
       9
      11
      10
      15
       9
      12
      10
      12
      12
       5
      14
       8
      10
       6
       6
       3
      12
      16
       7
      13
      10
      14
      12
      13
      12
      14
      13
      12
      12
      12
      11
      14
      18
      15
      10
      18
      14
      10
       9
      12
      11
       7
      12
      11
      15
      20
      16
       7
      17
      11
      12
       8
       5
      11
      12
      15
      19
       7
      23
      15
       8
      12
      19
      22
      10
      12
      11
      16
      15
      14
      11
      10
      14
      11
       7
       7
       9
       2
       8
      11
      12
       8
       9
      10
      17
      13
      18
      13
      10
      11
       6
      16
      12
       8
       9
      13
       8
      17
      10
      12
      14
       7
      13
      15
      10
       8
      11
       7
      10
      12
       6
       8
      13
      14
      11
       8
      12
       7
      10
       8
      11
      12
      12
      11
      11
      12
       7
      16
      11
      15
      16
       5
       9
      15
      13
      14
      14
      11
      11
       7
      11
      12
      11
      13
      15
      10
      11
      13
      21
      11
      15
      16
      11
      16
       5
      20
      11
      23
      11
       9
       6
      10
       6
      14
      16
      10
       7
      16
      10
      10
      14
       9
       7
       7
      14
      10
       9
      13
       7
      11
       7
       6
      11
      13
       7
      14
       9
      15
      18
      19
      15
       8
      13
      13
       5
      14
       8
      11
       9
       9
       6
      13
       7
      10
       5
      16
      10
      10
      11
      11
       7
      10
      12
      15
      11
       9
       8
      10
      15
       9
       9
       8
       9
      13
      10
       9
      12
      14
      11
      11
       8
       7
      10
      12
       7
      13
      14
       8
      10
      12
      12
      17
      17
      14
      16
       6
       9
       5
       8
       7
      16
       8
       6
      10
       8
      10
      11
      15
      11
      11
       9
      11
      15
      12
       9
      14
      12
       7
      18
       8
       8
       7
       5
      13
       9
      16
      12
       6
      10
       6
      12
       7
       9
      10
       5
      11
       9
      12
      10
       8
      12
       9
       9
      14
      15
       5
      16
      15
       9
       7
       7
      15
      13
       8
      12
      11
      13
       9
       9
      16
      11
      13
       4
      18
       7
      10
      10
      10
      12
      11
       9
      11
      12
       8
       8
      11
      11
      10
       7
      12
       7
      11
       6
      11
       7
       8
      13
       5
      11
       8
      11
       9
      13
      11
      15
       9
       4
      12
      19
       8
      12
      11
       7
      11
       6
       9
      12
      12
      11
      11
       7
      13
       6
      10
       9
      14
       7
       7
       6
       8
       9
       9
      14
      11
      13
       7
      14
       8
      11
       9
      12
      10
       8
      12
      14
      13
      12
      10
      10
      15
      14
       8
      14
      11
      13
      15
      10
      18
      15
      11
      12
      18
      11
      13
       5
      14
      14
      10
      16
       8
      16
      11
      17
      14
       7
      17
      19
      30
      28
      36
      36
      45
      60
      82
     105
     140
     227
     309
     431
     600
     770
    1054
    1363
    1654
    2090
    2405
    2716
    2842
    2835
    2868
    2654
    2402
    2055
    1751
    1361
     909
     695
     511
     328
     200
     119
     101
      60
      48
      40
      34
      36
      26
      26
      30
      29
      21
      20
      21
      13
      16
      24
      15
      21
      12
      14
       6
      13
      10
      15
      13
       6
      10
       7
      13
      12
       6
       7
      12
       5
       5
       5
       8
       9
      10
       3
      10
       6
       4
       7
       6
      10
      11
      11
      10
      10
      10
       9
       8
      10
       4
      10
       5
      10
       4
       4
       9
       7
      10
       8
       6
      10
       5
       8
      11
       5
       4
       7
       5
       7
       6
       7
       6
       7
       6
       6
       7
       5
       6
      12
       9
       9
       6
       9
       5
       4
       9
       7
      10
       3
       6
       9
       6
       7
       6
       5
      13
       6
       5
       9
      10
       7
       7
       2
       2
       9
       6
       9
       5
       4
       9
       9
       7
      13
       9
       6
       4
       2
       4
       9
       1
      11
       8
      10
       5
       6
       5
      12
       9
       5
       7
       6
       4
       9
       4
       6
       8
       6
      10
      10
       7
       2
       3
       6
       4
      12
      12
       3
       7
       5
       5
       5
       8
       3
       6
       2
       2
      11
       6
       6
       6
      10
       6
       2
       4
       7
       7
       6
       6
       6
       7
       9
       1
       1
       6
       7
       7
       7
       7
       8
      15
       5
       8
       4
       9
       7
      11
       4
       7
       6
       8
       6
       9
       9
       4
       8
       3
       6
       6
       5
       7
       6
       3
       0
       0
       0
       0
       0
       0
       0
       0
       0
       0
       0
       0
       0
       0
       0
       0
       0
       0
       0
       0
       0
       0
       0
       0
       0
       0
       0
       0
       0
       0
       0
       0
       0
       0
       0
       0
       0
       0
       0
       0
       0
       0
       0
       0
       0
       0
       0
       0
       0
       0
       0
       0
       0
       0
       0
       0
       0
       0
       0
       0
       0
       0
       0
       0
       0
       0
       0
       0
       0
       0
       0
       0
       0
       0
       0
       0
       0
       0
       0
       0
       0
       0
       0
       0
       0
       0
       0
       0
       0
       0
       0
       0
       0
       0
       0
       0
       0
       0
       0
       0
       0
       0
       0
       0
       0
       0
       0
       0
       0
       0
       0
       0
       0
       0
       0
       0
       0
       0
       0
       0
       0
       0
       0
       0
       0
       0
       0
       0
$ROI:
0
$PRESETS:
None
0
0
$ENER_FIT:
-0.946274 0.242428
$MCA_CAL:
3
-9.462742E-001 2.424276E-001 -2.056130E-007 keV
$SHAPE_CAL:
3
4.142836E+001 -1.952030E-002 2.453628E-006
