       0
       0
       0
       0
       0
       0
       0
       0
       0
       0
       0
       0
       0
       0
       0
       0
       0
       0
       0
       0
       0
       0
       0
       0
       0
       0
       0
       0
       0
       0
       0
       0
       0
       0
       0
       0
       0
       0
       0
       0
       0
       0
       0
       0
       0
       0
       0
       0
       0
       0
       0
       0
       0
       0
       0
       0
       0
       0
       0
       0
       0
       0
       0
       0
       0
       0
       0
       0
       0
       0
       0
       0
       0
       0
       0
       0
       0
       0
       0
       0
       0
       0
       0
       0
       0
       0
       0
       0
       0
       0
       0
       0
       0
       1
     111
     919
    1320
    1367
    1453
    1451
    1489
    1555
    1640
    1694
    1726
    1738
    1882
    1792
    1938
    1958
    1949
    1932
    2043
    2105
    2003
    2064
    2029
    1976
    1983
    1999
    1985
    2034
    2040
    1965
    2059
    1998
    1988
    2003
    1984
    2032
    2036
    2015
    1972
    2038
    2098
    1998
    2062
    2109
    2035
    2161
    2050
    1912
    1979
    1927
    1936
    1960
    1923
    1831
    1831
    1801
    1689
    1737
    1741
    1670
    1731
    1606
    1570
    1573
    1573
    1536
    1522
    1495
    1486
    1494
    1452
    1408
    1365
    1411
    1352
    1456
    1468
    1444
    1449
    1402
    1485
    1384
    1468
    1447
    1464
    1449
    1501
    1480
    1514
    1542
    1584
    1624
    1638
    1671
    1618
    1660
    1754
    1727
    1826
    1810
    1770
    1788
    1860
    1834
    1861
    1767
    1801
    1745
    1781
    1698
    1695
    1722
    1656
    1683
    1637
    1572
    1491
    1477
    1352
    1402
    1291
    1274
    1172
    1194
    1127
    1094
    1013
     961
     912
     968
     816
     736
     751
     703
     755
     656
     629
     576
     571
     554
     539
     492
     499
     449
     422
     452
     408
     392
     417
     401
     369
     357
     355
     371
     351
     371
     295
     305
     309
     300
     275
     290
     329
     270
     273
     283
     307
     279
     271
     285
     281
     313
     280
     275
     294
     270
     302
     280
     283
     278
     300
     286
     317
     303
     290
     308
     312
     341
     316
     330
     346
     321
     337
     361
     329
     323
     329
     360
     395
     376
     406
     395
     455
     412
     450
     425
     429
     418
     462
     471
     503
     534
     530
     525
     555
     581
     587
     558
     671
     643
     654
     679
     672
     718
     780
     771
     801
     851
     864
     927
     899
     946
    1040
    1043
    1177
    1137
    1194
    1332
    1320
    1460
    1441
    1436
    1661
    1622
    1720
    1789
    1900
    2019
    2121
    2188
    2317
    2401
    2576
    2625
    2710
    2879
    3012
    3032
    3216
    3240
    3449
    3591
    3748
    3914
    4012
    4075
    4315
    4437
    4509
    4451
    4568
    4706
    4973
    4976
    5164
    5299
    5421
    5449
    5349
    5475
    5629
    5555
    5572
    5666
    5630
    5699
    5722
    5607
    5584
    5439
    5470
    5468
    5287
    5206
    5083
    5113
    5005
    4909
    4707
    4608
    4489
    4375
    4195
    4178
    4068
    3813
    3598
    3604
    3393
    3204
    3186
    2998
    2870
    2782
    2527
    2460
    2373
    2112
    2181
    2055
    1756
    1803
    1665
    1537
    1391
    1357
    1288
    1233
    1105
    1038
    1045
     936
     860
     807
     745
     695
     649
     637
     620
     540
     515
     465
     434
     456
     415
     401
     381
     345
     336
     334
     310
     319
     283
     274
     256
     234
     261
     242
     230
     231
     224
     227
     218
     217
     205
     211
     187
     203
     203
     196
     225
     189
     221
     180
     217
     208
     174
     184
     178
     160
     207
     169
     194
     178
     164
     175
     179
     180
     208
     170
     173
     217
     171
     188
     178
     171
     158
     204
     178
     183
     192
     176
     187
     175
     175
     197
     189
     186
     154
     182
     184
     169
     180
     173
     152
     192
     170
     166
     193
     181
     166
     197
     173
     169
     186
     186
     214
     181
     192
     182
     215
     181
     172
     196
     192
     196
     196
     171
     202
     191
     183
     158
     180
     210
     166
     186
     197
     162
     163
     168
     166
     174
     186
     180
     179
     190
     185
     159
     166
     204
     174
     153
     151
     180
     170
     152
     162
     189
     180
     154
     147
     166
     145
     158
     179
     173
     147
     166
     166
     155
     153
     164
     177
     149
     159
     124
     152
     150
     146
     154
     154
     136
     114
     149
     157
     146
     144
     148
     154
     134
     130
     156
     119
     134
     142
     135
     154
     150
     149
     130
     133
     126
     121
     160
     137
     125
     126
     118
     139
     126
     136
     114
     161
     129
     121
     131
     127
     155
     147
     132
     148
     115
     134
     121
     122
     115
     127
     140
     130
     127
     137
     124
     114
     142
     142
     129
     119
     130
     132
     139
     128
     122
     119
     127
     129
     120
     129
     123
     134
     113
     128
     130
     135
     129
     131
     127
     142
     121
     124
     135
     122
     149
     139
     123
     117
     121
     138
     123
     111
     133
     122
     126
     119
     141
     121
     133
     130
     153
     127
     102
     130
     130
     116
     129
     121
     132
     139
     136
     106
     129
     129
     126
     124
     112
     134
     120
     124
     132
     131
     130
     130
     149
     117
     121
     127
     123
     121
     109
     131
     123
     130
     114
     142
     123
     141
     140
     134
     133
     126
     126
     138
     127
     111
     106
     117
     126
     110
     128
     126
     117
     136
     142
     128
     116
     132
     152
     105
     119
     134
     126
     119
     118
     156
     140
     103
     113
     141
     119
     144
     119
     122
     133
     112
     126
     125
     122
     135
     128
     135
     125
     121
     117
     136
     102
     131
     127
     118
     122
     105
     148
     125
     134
     121
     119
     113
     120
     119
     122
     120
     110
     116
     113
     120
     115
     122
     119
     117
     120
     109
     126
     115
     130
     109
     133
     111
     115
     118
     151
     132
     127
     139
     123
     121
     133
     115
     126
     132
     127
     127
     141
     156
     112
     118
     111
     120
     133
     114
     134
     106
     126
     120
     106
     117
     134
     123
     131
     125
     131
     123
     120
     116
     137
      96
     112
     130
     116
     123
     116
     104
     123
     141
     128
     136
     132
     106
     116
     134
     132
     121
     109
     105
     126
     112
     125
     125
     126
     128
     131
     106
     130
     114
     133
     109
     125
     118
     106
     119
     125
     118
     118
     125
     103
     138
      98
     136
     116
     117
     118
     122
     130
     136
     123
     128
     105
     131
     131
     102
     110
     113
     125
     129
     106
     130
     120
     123
     152
     112
     118
     134
     106
     136
     130
     132
     130
     118
     109
     128
     115
     141
     132
     111
     115
     104
     129
     118
     132
     126
     115
     135
     124
     134
     124
     112
     121
     115
     105
     116
     132
     113
     121
     142
     110
     109
     111
     146
     133
     101
     147
     134
     134
     136
     136
     120
     116
     142
     129
     120
     145
     139
     127
     108
     145
     123
     126
     119
     118
     122
     127
     132
     119
     131
     121
     123
     136
     116
     112
     112
     133
     128
     117
     127
     129
     125
     127
     121
     117
     133
     144
     129
     122
     133
     135
     131
     106
     118
     125
     122
     136
     124
     123
     129
     100
     131
     116
     119
     134
     109
     138
     130
     143
     133
     137
     124
     119
     141
     129
     120
     150
     128
     114
     127
     144
     133
     151
     149
     154
     128
     142
     128
     138
     135
     133
     129
     112
     121
     137
     164
     130
     130
     132
     127
     127
     142
     129
     136
     140
     154
     144
     124
     126
     150
     140
     149
     132
     148
     174
     135
     140
     130
     133
     140
     129
     155
     147
     151
     153
     146
     139
     137
     148
     147
     153
     150
     132
     144
     151
     140
     150
     167
     153
     138
     152
     146
     162
     154
     141
     150
     151
     141
     162
     159
     156
     157
     151
     182
     160
     139
     176
     161
     163
     165
     169
     152
     164
     178
     144
     150
     159
     169
     171
     166
     145
     164
     159
     151
     139
     131
     173
     165
     166
     163
     160
     154
     176
     160
     169
     157
     157
     161
     198
     166
     163
     157
     154
     160
     163
     165
     150
     154
     177
     173
     191
     188
     160
     157
     163
     180
     168
     154
     151
     166
     168
     147
     157
     157
     169
     172
     160
     198
     171
     192
     163
     177
     174
     173
     163
     171
     181
     175
     139
     168
     172
     146
     175
     146
     175
     180
     172
     158
     153
     154
     166
     160
     154
     178
     153
     182
     149
     162
     179
     163
     172
     189
     158
     154
     212
     160
     161
     143
     165
     163
     162
     158
     179
     166
     161
     176
     157
     182
     159
     153
     174
     187
     154
     171
     192
     149
     183
     168
     162
     151
     159
     156
     158
     168
     150
     164
     170
     165
     161
     175
     153
     196
     171
     168
     159
     155
     165
     160
     156
     172
     179
     182
     162
     155
     149
     164
     166
     156
     178
     186
     162
     155
     151
     167
     159
     188
     153
     157
     146
     169
     166
     144
     177
     173
     183
     153
     158
     158
     166
     186
     175
     190
     152
     179
     147
     157
     160
     173
     157
     149
     173
     148
     171
     163
     170
     185
     182
     167
     149
     178
     168
     158
     162
     187
     188
     166
     149
     185
     177
     144
     125
     180
     166
     153
     139
     155
     153
     155
     154
     171
     129
     153
     150
     167
     160
     165
     155
     180
     187
     132
     178
     170
     168
     170
     160
     148
     177
     160
     152
     150
     145
     134
     136
     185
     146
     160
     143
     153
     158
     167
     147
     152
     158
     141
     135
     156
     150
     149
     148
     162
     145
     164
     142
     169
     160
     151
     134
     162
     153
     157
     147
     145
     148
     144
     150
     149
     133
     155
     162
     156
     159
     146
     141
     152
     152
     143
     145
     168
     159
     152
     157
     160
     159
     149
     145
     144
     139
     148
     129
     147
     135
     153
     150
     140
     139
     148
     139
     133
     164
     151
     135
     135
     133
     157
     134
     151
     135
     158
     144
     144
     148
     130
     148
     157
     158
     163
     138
     148
     142
     140
     144
     134
     129
     146
     153
     141
     125
     124
     156
     129
     135
     123
     138
     147
     137
     139
     150
     134
     139
     152
     151
     153
     144
     146
     130
     124
     152
     132
     158
     126
     130
     150
     141
     129
     139
     141
     151
     118
     125
     138
     142
     154
     133
     122
     128
     138
     127
     126
     117
     139
     131
     124
     118
     136
     148
     141
     131
     133
     150
     154
     121
     108
     157
     126
     140
     130
     124
     129
     128
     133
     127
     123
     140
     138
     104
     123
     139
     145
     132
     126
     123
     117
     145
     134
     142
     127
     139
     134
     135
     133
     129
     134
     122
     158
     137
     130
     162
     121
     130
     127
     135
     117
     120
     139
     129
     125
     119
     129
     133
     131
     118
     108
     121
     122
     104
     137
     117
     134
     144
     142
     111
     143
     131
     128
     131
     137
     124
     126
     138
     143
     117
     133
     114
     121
     131
     134
     121
     117
     110
     118
     112
     117
     129
     133
     121
     107
     129
     137
     123
     126
     113
     111
     127
     114
     127
     130
     132
     130
     122
     122
     118
     107
     141
     125
     119
     126
     142
     116
     129
     117
     137
     124
     125
     126
     139
     123
     138
     122
     138
     106
     111
     111
     113
     134
     102
     120
     117
     147
     122
     117
     111
     140
     136
     115
     125
     103
     116
     122
     129
     107
     105
     121
     115
     109
     121
     122
     122
     117
     105
     105
     124
     100
     111
     132
     119
     120
     116
     104
     112
     108
     124
     114
     126
     112
     112
     129
     104
      93
     112
     111
     130
     131
     102
     111
     127
     103
     115
     134
     133
     125
     117
     108
     128
     107
     113
      95
     111
     116
     118
     129
     116
     119
     116
      91
     118
     134
     109
     121
      98
     118
     131
     117
     117
     118
      97
     110
     119
     114
     121
     107
     112
     116
      94
     116
     120
     112
     110
     112
     121
     124
     112
     123
     119
     123
     117
     124
     128
     122
     118
     118
     117
     112
      96
     105
     109
     109
     119
     132
     140
     130
     116
     105
     112
     138
      95
     112
      97
     115
     107
     120
     121
     117
     119
     102
      99
     119
      96
     128
     118
     113
     127
      98
     116
     108
     104
     111
     119
     124
     101
     116
     109
      94
     107
     112
     102
      78
     106
      95
      98
      96
     116
      95
     122
     112
     119
     123
     125
     128
     108
     114
     116
     114
     106
     111
     130
     105
      99
     136
     120
     126
     110
     116
     113
     125
     135
      95
      94
     127
     119
     120
     126
     101
     100
     113
     101
     103
      99
     103
     118
     108
     102
     108
     117
     119
     115
     118
     113
     122
     117
     107
     109
     119
     114
      99
     112
     116
     116
     102
     110
     108
     109
     114
     110
     115
      94
     106
     105
      90
     123
     132
      91
     114
     102
     106
      92
     115
      95
     104
     123
      90
      93
     119
     117
     114
     109
     118
     117
      98
     118
     126
     103
     126
      99
      90
     109
     100
      89
      89
     122
     116
      96
      91
     111
     113
     122
     105
     119
     117
     107
      92
     108
      95
     106
     121
     114
      91
      98
      88
     102
     109
     111
     103
     100
      99
     116
     111
     110
     115
     119
     114
     113
     134
     108
     111
      93
     112
      93
     117
      98
     102
     111
     105
      97
     104
     110
     106
      91
     122
      98
     103
     115
     110
      94
      91
     128
     106
     102
      89
     113
     102
      97
      99
     111
     126
     110
     132
     116
     102
      88
     117
     105
      98
     109
     116
     102
     101
     115
      98
     126
     110
     118
      93
     111
     113
     108
      99
     103
     107
     101
      97
      93
     100
      86
     106
      93
      95
     121
     126
     104
      97
      92
     102
      92
      96
     114
      88
      99
     106
     101
      96
     104
     100
      96
      93
      99
     112
      95
     102
     106
     106
      96
      88
      76
     109
     111
      95
      92
     102
     112
     108
      99
     115
     114
      93
     123
     102
      99
     120
     101
      88
     108
     101
     110
     106
     106
      87
     100
     110
      87
      86
     103
     106
     122
      99
     109
     102
     107
      99
     117
     121
      98
      92
     118
     101
     112
      96
      93
     114
      92
      96
     113
     110
      91
      98
      89
     101
      99
     104
      96
     104
     118
      91
     114
     113
      97
     122
     100
      96
     108
     103
     115
     102
      97
     108
     107
     112
      98
     106
     112
     106
     102
      86
     100
     109
      78
      99
     104
      99
      91
     124
     108
      97
      96
     113
     106
     103
      99
      95
     104
      97
      96
      89
     105
     115
     111
      89
     100
      94
     121
     103
      98
     101
     104
      88
      80
      95
     104
     106
      95
      91
     102
      84
      96
      90
      95
      94
     105
      90
      88
     102
      89
     115
      95
      94
      98
     101
     114
      85
      96
     106
      81
     118
     107
      98
     108
     114
      99
     109
     114
     101
      89
     118
      83
     107
      92
     112
     112
     100
     107
      92
      76
     103
      85
      89
     102
      88
     106
     115
     108
     108
     101
      91
     115
     101
     105
      95
      84
      97
      97
     107
      90
      75
     102
      95
      84
      83
     109
     104
     103
      96
     106
      78
      88
     100
      97
      86
     108
     114
      88
      97
     108
     112
     134
      95
      74
     103
      91
      94
      93
     120
      91
     104
      81
      92
      98
      98
      95
      85
      90
      99
      95
      97
     105
     111
     102
      93
     124
     105
      93
      92
      88
     105
      99
      87
     108
      94
      93
     103
      99
      91
      96
      93
     114
      94
     104
      95
      87
      99
      89
      97
      84
     105
     109
      93
      80
     103
      89
      87
      90
     113
     108
     101
     104
     115
      91
     108
      87
     103
     110
     106
      99
     101
      99
     102
      88
      72
      92
     105
     109
      92
      99
      95
      76
      84
      84
     114
      73
     102
     130
     103
     104
      67
      85
      91
      96
     102
      97
      88
      96
      87
     112
     102
      88
     100
      95
      98
     106
     108
      98
      94
     108
      98
      91
     102
     115
      97
     101
      94
      90
      92
      96
      97
      97
      92
      98
      84
      83
      97
     100
      87
      89
      94
      95
      95
      92
      99
      80
     102
      96
     103
      84
      93
      94
      91
      95
     105
      77
      83
     108
      85
     103
     105
      97
      99
     101
      89
      80
      97
     106
      99
     103
      81
      94
      89
      99
      90
      92
     107
      77
      85
      98
      79
      85
      90
     105
      85
     105
      74
     103
     102
      99
     103
      97
      93
     102
     100
     101
     105
     105
      89
      93
     123
      86
      95
     109
      80
      65
      95
      92
      98
     108
     100
      88
      86
      75
      98
     114
      93
     105
      82
     102
      91
     100
     100
     107
     117
     100
     106
     101
     101
      79
     108
      90
      83
      88
     105
      98
     103
     106
      97
      82
     101
      94
      82
      96
      87
     100
      93
     102
     107
      93
      76
     107
      79
      89
      96
     100
      84
      97
      85
      96
     100
      99
      96
     108
     120
      74
      96
      91
     103
      69
      96
     117
      97
     106
      97
     113
      95
     110
      96
      81
     125
      94
      87
      96
      94
      89
     101
      95
      94
      98
      80
      92
      91
      95
      83
      90
      97
      95
      77
     115
      95
      93
     104
      91
      95
      85
      92
     109
      86
     102
     102
      91
      86
      95
      93
     102
     105
      83
      92
     101
      97
     102
     105
      89
      87
      88
      93
     100
     112
      89
      89
      79
     104
     112
      80
     101
      59
      91
      82
     102
      89
     102
      81
      86
      83
      97
      79
      94
      75
      75
      87
      84
     114
     101
     106
      69
     102
      98
     112
      95
      83
      90
      87
      65
      92
      85
      67
      87
      99
      91
      98
      85
      84
      96
      94
      96
      85
      90
      85
      80
      87
      70
      70
      88
      85
      89
      83
      79
      95
      64
      61
      85
      73
      83
      91
      71
      83
      64
      81
      72
     100
      86
      81
      88
      93
      80
      70
      80
      74
      78
      92
      80
      82
      79
      77
      71
      83
      86
      66
      66
      63
      83
      90
      87
      64
      73
      77
      75
      79
      77
      68
      73
      72
      79
      87
      80
      85
      81
      88
      66
      58
      83
      67
      79
      63
      74
      81
      74
      82
      65
      63
      63
      83
      80
      68
      71
      70
      75
      62
      72
      76
      85
      66
      73
      76
      64
      57
      79
      62
      64
      68
      73
      72
      68
      69
      66
      70
      56
      72
      53
      61
      51
      65
      54
      70
      82
      65
      60
      57
      66
      77
      69
      51
      67
      63
      63
      58
      72
      63
      80
      59
      66
      50
      71
      61
      69
      70
      63
      66
      64
      65
      71
      58
      45
      72
      55
      60
      71
      71
      63
      51
      68
      61
      56
      54
      62
      44
      62
      69
      46
      59
      60
      47
      54
      59
      59
      58
      63
      54
      57
      56
      65
      63
      53
      67
      57
      50
      65
      48
      56
      56
      67
      51
      55
      54
      56
      52
      58
      60
      74
      48
      65
      59
      57
      54
      58
      52
      59
      43
      79
      56
      59
      50
      42
      59
      53
      64
      65
      39
      46
      51
      44
      73
      61
      47
      41
      64
      39
      58
      33
      40
      46
      65
      47
      50
      51
      41
      65
      48
      65
      50
      55
      41
      37
      45
      50
      49
      44
      64
      45
      56
      55
      37
      41
      57
      54
      51
      49
      46
      42
      46
      48
      50
      43
      49
      42
      48
      56
      48
      52
      59
      31
      48
      46
      51
      44
      59
      52
      33
      46
      34
      51
      42
      45
      47
      39
      40
      34
      41
      45
      50
      41
      43
      49
      51
      53
      46
      45
      52
      46
      46
      35
      47
      49
      36
      44
      48
      40
      52
      62
      46
      49
      58
      56
      42
      48
      44
      53
      44
      50
      56
      47
      50
      40
      36
      45
      46
      37
      52
      44
      57
      30
      51
      39
      57
      36
      48
      36
      41
      42
      42
      49
      32
      47
      41
      40
      48
      41
      44
      49
      32
      55
      45
      46
      34
      37
      39
      38
      45
      50
      41
      47
      36
      36
      42
      43
      36
      41
      39
      37
      48
      47
      51
      42
      49
      40
      40
      30
      40
      38
      46
      42
      49
      43
      37
      36
      29
      57
      49
      41
      32
      43
      41
      36
      46
      37
      47
      38
      35
      38
      34
      26
      40
      46
      39
      43
      34
      32
      38
      45
      43
      38
      35
      43
      51
      41
      39
      36
      45
      42
      46
      46
      40
      37
      38
      49
      59
      37
      46
      41
      38
      48
      36
      45
      40
      33
      42
      43
      35
      32
      31
      30
      39
      41
      46
      44
      28
      44
      35
      35
      45
      35
      39
      40
      37
      34
      41
      54
      31
      50
      36
      50
      45
      51
      37
      38
      37
      29
      32
      57
      43
      46
      33
      32
      32
      39
      37
      40
      35
      38
      52
      31
      34
      42
      53
      44
      42
      41
      33
      45
      37
      35
      44
      38
      37
      47
      37
      40
      43
      36
      41
      31
      30
      34
      37
      37
      35
      39
      44
      35
      32
      36
      49
      37
      35
      31
      44
      33
      45
      44
      36
      32
      41
      37
      51
      50
      42
      44
      36
      39
      33
      36
      42
      47
      38
      49
      46
      30
      48
      30
      37
      37
      38
      40
      32
      43
      29
      38
      25
      36
      44
      38
      50
      31
      39
      33
      42
      39
      41
      47
      36
      27
      38
      36
      53
      30
      43
      39
      40
      41
      39
      32
      28
      39
      40
      26
      30
      39
      33
      41
      33
      35
      40
      47
      34
      33
      43
      38
      36
      33
      31
      37
      37
      43
      33
      36
      42
      35
      47
      34
      37
      48
      32
      36
      36
      39
      39
      28
      41
      30
      30
      31
      38
      32
      43
      34
      35
      37
      32
      49
      41
      34
      27
      29
      37
      42
      33
      30
      34
      33
      35
      36
      42
      44
      40
      27
      38
      37
      47
      37
      33
      42
      38
      34
      31
      28
      38
      44
      35
      41
      30
      34
      37
      35
      33
      37
      32
      39
      40
      45
      35
      32
      51
      29
      37
      37
      47
      30
      38
      41
      41
      38
      46
      39
      39
      36
      44
      39
      32
      28
      34
      35
      39
      30
      43
      49
      29
      45
      30
      50
      34
      32
      36
      44
      24
      40
      37
      51
      28
      32
      38
      28
      41
      38
      31
      43
      28
      34
      38
      37
      39
      40
      44
      36
      39
      31
      43
      29
      43
      41
      32
      39
      35
      32
      40
      36
      30
      39
      31
      36
      30
      33
      34
      40
      32
      44
      47
      41
      37
      44
      38
      44
      31
      25
      36
      36
      31
      43
      37
      40
      37
      44
      39
      37
      32
      31
      38
      46
      40
      46
      43
      30
      32
      35
      32
      47
      36
      39
      42
      43
      31
      53
      48
      33
      38
      32
      35
      35
      41
      42
      37
      37
      45
      31
      48
      32
      48
      39
      42
      41
      34
      34
      33
      40
      35
      33
      34
      36
      44
      35
      46
      40
      42
      39
      36
      40
      40
      41
      36
      33
      43
      39
      43
      46
      39
      48
      38
      51
      59
      47
      44
      45
      51
      51
      40
      50
      53
      43
      50
      51
      49
      35
      47
      48
      46
      31
      57
      48
      60
      47
      38
      50
      52
      49
      56
      64
      47
      60
      49
      61
      57
      54
      54
      59
      54
      61
      42
      47
      63
      47
      51
      58
      50
      53
      69
      52
      48
      44
      65
      70
      54
      69
      58
      55
      62
      52
      66
      65
      77
      55
      63
      68
      58
      73
      71
      43
      78
      57
      82
      66
      69
      54
      63
      89
      79
      76
      68
      90
      77
      89
      68
      76
      76
      88
      92
     102
      90
      80
      94
      84
      83
     103
      99
      75
      90
      91
      92
      99
      91
      84
      92
      86
     107
     103
      92
      93
     115
     103
     112
      93
     105
     112
     119
     117
     111
     128
     119
     114
     104
     101
     112
     102
     110
     125
     129
     139
     125
     114
     121
     119
     124
     138
     111
     144
     125
     144
     157
     154
     117
     139
     164
     162
     140
     159
     133
     145
     144
     156
     156
     154
     175
     151
     188
     193
     168
     153
     162
     184
     186
     169
     169
     168
     176
     201
     185
     167
     223
     195
     186
     151
     204
     198
     204
     211
     196
     202
     205
     210
     218
     203
     200
     225
     177
     236
     213
     219
     223
     216
     216
     249
     227
     225
     229
     239
     241
     256
     233
     227
     232
     249
     257
     270
     271
     238
     278
     241
     261
     275
     277
     285
     238
     241
     278
     304
     297
     294
     276
     295
     254
     295
     266
     280
     314
     295
     301
     298
     310
     309
     294
     320
     300
     326
     318
     318
     322
     320
     301
     320
     348
     348
     356
     331
     325
     320
     324
     373
     331
     333
     353
     343
     356
     360
     352
     350
     378
     361
     388
     343
     364
     351
     407
     296
     376
     368
     377
     378
     364
     364
     409
     395
     396
     379
     383
     410
     352
     369
     387
     420
     429
     389
     376
     397
     379
     382
     418
     422
     403
     424
     412
     453
     370
     428
     398
     434
     389
     399
     467
     385
     395
     411
     436
     435
     436
     449
     442
     443
     448
     406
     459
     423
     438
     432
     404
     398
     444
     443
     462
     447
     464
     424
     419
     428
     439
     442
     395
     447
     448
     447
     398
     440
     424
     424
     446
     453
     457
     485
     477
     407
     442
     486
     403
     438
     427
     427
     401
     426
     440
     418
     412
     455
     434
     410
     406
     436
     404
     434
     415
     435
     443
     452
     446
     371
     344
     388
     422
     408
     384
     409
     404
     395
     387
     384
     438
     401
     427
     387
     396
     394
     383
     365
     403
     416
     409
     372
     403
     419
     367
     388
     392
     350
     386
     365
     366
     384
     364
     351
     380
     379
     365
     335
     344
     360
     345
     342
     328
     334
     369
     347
     364
     326
     344
     335
     373
     328
     323
     337
     325
     300
     314
     295
     325
     328
     289
     306
     296
     297
     277
     322
     314
     305
     293
     339
     293
     290
     279
     272
     287
     270
     266
     282
     264
     282
     260
     247
     260
     292
     263
     261
     239
     270
     244
     245
     255
     209
     215
     258
     254
     230
     219
     243
     234
     224
     252
     214
     197
     227
     210
     197
     234
     215
     220
     206
     203
     181
     196
     172
     194
     168
     181
     152
     193
     169
     169
     184
     186
     185
     184
     171
     154
     157
     177
     146
     158
     160
     164
     152
     140
     154
     157
     130
     159
     189
     146
     127
     141
     135
     144
     148
     148
     131
     140
     139
     125
     140
     130
     125
     135
     102
     122
     114
     123
     108
     109
     120
      99
     102
     121
     120
      96
      94
      96
      92
      92
     124
      94
     102
     101
      84
     110
     110
      95
      80
      89
     102
     101
      88
      72
      82
      71
      86
      90
      65
      85
      85
      74
      86
      64
      86
      82
      62
      71
      68
      72
      60
      57
      75
      66
      55
      56
      49
      58
      68
      68
      71
      56
      54
      65
      58
      66
      56
      62
      71
      63
      54
      61
      67
      70
      56
      54
      56
      67
      44
      45
      45
      52
      44
      53
      48
      41
      51
      57
      50
      54
      41
      47
      53
      47
      52
      42
      43
      50
      41
      46
      44
      48
      32
      37
      54
      44
      32
      40
      46
      41
      49
      30
      49
      54
      37
      41
      29
      33
      33
      37
      32
      46
      35
      33
      39
      29
      31
      26
      36
      31
      40
      37
      45
      37
      38
      34
      37
      39
      34
      42
      36
      41
      32
      39
      46
      32
      32
      41
      35
      29
      33
      33
      34
      29
      36
      41
      24
      30
      36
      33
      39
      39
      32
      33
      31
      35
      32
      36
      29
      39
      28
      32
      33
      39
      34
      31
      30
      30
      25
      32
      22
      42
      37
      35
      34
      37
      35
      47
      28
      38
      37
      31
      34
      39
      29
      37
      33
      36
      41
      33
      35
      37
      21
      37
      30
      37
      26
      28
      25
      34
      33
      26
      32
      40
      32
      37
      29
      38
      35
      35
      28
      41
      33
      23
      36
      27
      39
      29
      35
      28
      36
      28
      20
      29
      27
      31
      25
      36
      38
      34
      32
      31
      34
      33
      27
      30
      25
      26
      29
      33
      25
      39
      36
      34
      33
      30
      37
      40
      31
      23
      30
      25
      37
      26
      33
      32
      20
      28
      27
      31
      25
      25
      31
      35
      34
      29
      34
      33
      32
      33
      29
      34
      33
      29
      45
      37
      25
      26
      33
      43
      33
      28
      29
      31
      34
      20
      24
      36
      38
      31
      29
      39
      28
      29
      34
      37
      30
      30
      38
      36
      40
      33
      44
      32
      26
      40
      32
      25
      27
      34
      32
      38
      34
      38
      34
      31
      38
      37
      36
      30
      39
      32
      32
      38
      31
      27
      39
      39
      35
      30
      31
      22
      32
      40
      41
      26
      37
      24
      41
      29
      27
      31
      29
      46
      26
      35
      32
      36
      28
      34
      30
      42
      40
      23
      33
      24
      27
      28
      35
      37
      28
      38
      22
      25
      30
      33
      18
      34
      32
      29
      31
      19
      27
      34
      18
      25
      40
      28
      36
      41
      34
      37
      33
      30
      31
      28
      43
      36
      40
      37
      27
      34
      36
      33
      31
      24
      28
      32
      28
      33
      28
      25
      30
      33
      33
      22
      21
      29
      42
      23
      36
      31
      32
      28
      35
      38
      36
      36
      24
      28
      24
      29
      24
      36
      34
      31
      31
      38
      29
      32
      28
      37
      38
      30
      35
      22
      33
      39
      34
      28
      31
      26
      24
      39
      30
      28
      32
      39
      31
      36
      37
      36
      28
      34
      36
      32
      36
      40
      31
      28
      41
      35
      31
      27
      36
      28
      38
      30
      25
      32
      35
      27
      26
      33
      34
      37
      30
      37
      32
      38
      38
      26
      32
      24
      40
      28
      39
      31
      35
      34
      45
      35
      35
      25
      31
      28
      35
      33
      31
      35
      38
      28
      31
      38
      36
      34
      35
      37
      28
      31
      34
      42
      33
      31
      20
      32
      30
      30
      35
      31
      23
      33
      30
      29
      27
      29
      37
      33
      33
      34
      34
      37
      39
      30
      35
      36
      39
      34
      28
      31
      32
      29
      24
      30
      32
      38
      32
      40
      34
      27
      37
      26
      34
      28
      34
      26
      36
      40
      28
      29
      39
      19
      36
      35
      29
      41
      31
      27
      29
      32
      34
      37
      30
      35
      27
      32
      34
      39
      36
      43
      34
      30
      25
      33
      31
      33
      35
      37
      29
      29
      24
      43
      31
      31
      31
      35
      34
      32
      30
      45
      31
      27
      37
      26
      31
      36
      28
      26
      36
      34
      24
      48
      35
      41
      36
      39
      25
      30
      36
      35
      26
      40
      46
      30
      37
      29
      42
      47
      37
      25
      38
      26
      26
      27
      38
      38
      35
      36
      32
      35
      28
      31
      36
      30
      53
      41
      33
      37
      28
      32
      32
      28
      29
      37
      41
      28
      36
      41
      37
      45
      32
      38
      31
      41
      32
      24
      27
      33
      43
      28
      38
      32
      24
      40
      31
      33
      30
      30
      48
      28
      29
      15
      35
      29
      35
      27
      33
      26
      31
      40
      32
      28
      36
      39
      37
      30
      42
      36
      37
      31
      35
      39
      36
      32
      38
      33
      31
      44
      28
      35
      33
      27
      38
      31
      40
      33
      31
      39
      30
      34
      22
      38
      32
      37
      33
      32
      30
      34
      32
      45
      38
      34
      44
      29
      31
      39
      31
      43
      35
      33
      40
      40
      44
      35
      25
      35
      38
      41
      28
      29
      24
      30
      25
      29
      49
      32
      33
      28
      35
      31
      30
      35
      38
      47
      43
      40
      25
      29
      20
      30
      41
      40
      38
      33
      30
      43
      29
      28
      44
      35
      22
      29
      30
      27
      42
      44
      26
      32
      35
      37
      40
      35
      29
      29
      36
      19
      27
      45
      39
      28
      35
      36
      29
      30
      41
      29
      30
      34
      34
      30
      39
      38
      36
      43
      53
      32
      36
      39
      35
      36
      41
      38
      38
      22
      44
      40
      30
      31
      49
      40
      41
      34
      39
      34
      49
      45
      43
      39
      31
      30
      42
      35
      32
      39
      38
      47
      34
      30
      34
      34
      37
      35
      37
      42
      26
      34
      36
      34
      29
      36
      32
      31
      47
      45
      22
      32
      38
      34
      36
      39
      43
      28
      31
      39
      25
      38
      50
      47
      34
      36
      43
      37
      39
      45
      34
      43
      30
      34
      33
      39
      31
      33
      29
      24
      38
      35
      45
      45
      42
      36
      45
      23
      27
      37
      30
      36
      32
      28
      33
      26
      40
      34
      38
      36
      27
      27
      39
      30
      44
      23
      29
      44
      39
      23
      30
      44
      40
      25
      46
      32
      36
      34
      38
      34
      25
      31
      38
      33
      31
      34
      35
      24
      54
      38
      38
      30
      37
      36
      32
      34
      26
      31
      33
      38
      33
      44
      32
      43
      34
      37
      33
      43
      24
      47
      35
      39
      39
      42
      49
      33
      40
      34
      41
      39
      28
      37
      31
      39
      36
      24
      39
      36
      31
      31
      35
      31
      31
      41
      27
      40
      36
      36
      43
      41
      17
      48
      33
      32
      46
      28
      33
      49
      37
      40
      30
      26
      37
      37
      45
      39
      50
      40
      47
      36
      44
      42
      42
      34
      33
      37
      36
      37
      38
      45
      33
      31
      43
      50
      36
      43
      35
      26
      32
      25
      36
      19
      31
      37
      32
      39
      30
      36
      31
      35
      32
      31
      37
      32
      25
      49
      40
      34
      37
      39
      34
      38
      38
      34
      30
      29
      39
      25
      41
      33
      39
      36
      54
      29
      32
      27
      40
      36
      39
      46
      36
      32
      30
      35
      45
      32
      38
      42
      33
      37
      38
      33
      51
      34
      34
      30
      29
      42
      36
      33
      39
      34
      38
      31
      40
      37
      43
      42
      42
      49
      30
      52
      34
      33
      32
      39
      29
      35
      39
      36
      28
      33
      43
      27
      38
      42
      33
      29
      36
      46
      38
      37
      48
      27
      42
      33
      27
      26
      34
      27
      35
      36
      40
      34
      40
      31
      35
      41
      28
      39
      39
      40
      33
      40
      33
      46
      33
      33
      42
      30
      39
      26
      26
      34
      34
      33
      31
      32
      33
      36
      35
      23
      35
      34
      49
      44
      26
      40
      36
      37
      32
      38
      33
      26
      37
      23
      40
      32
      39
      30
      33
      34
      35
      38
      34
      38
      37
      33
      38
      31
      41
      42
      34
      29
      39
      32
      30
      35
      40
      34
      33
      33
      27
      34
      29
      31
      33
      37
      35
      31
      30
      32
      38
      39
      34
      29
      25
      39
      47
      41
      42
      39
      39
      34
      41
      37
      37
      27
      32
      28
      38
      39
      29
      37
      33
      32
      36
      28
      40
      47
      31
      40
      37
      23
      37
      35
      25
      43
      30
      39
      31
      24
      28
      30
      37
      24
      38
      36
      31
      40
      29
      35
      30
      29
      35
      35
      37
      38
      41
      33
      40
      38
      23
      33
      32
      33
      35
      28
      26
      47
      22
      32
      38
      42
      24
      34
      34
      31
      29
      45
      30
      20
      31
      31
      32
      34
      27
      33
      35
      33
      30
      29
      26
      41
      28
      27
      30
      26
      34
      25
      36
      39
      39
      34
      25
      27
      28
      33
      32
      24
      32
      32
      30
      28
      26
      23
      30
      34
      26
      28
      41
      22
      33
      27
      29
      38
      30
      31
      28
      25
      31
      31
      28
      25
      34
      27
      27
      33
      34
      28
      27
      31
      24
      31
      15
      18
      30
      36
      28
      23
      25
      35
      22
      21
      27
      34
      23
      33
      32
      32
      40
      30
      24
      31
      23
      36
      22
      29
      26
      25
      26
      31
      42
      35
      39
      38
      27
      35
      36
      33
      30
      28
      46
      21
      34
      33
      30
      29
      34
      21
      31
      26
      31
      34
      35
      31
      26
      21
      33
      25
      27
      32
      24
      29
      23
      32
      29
      27
      38
      24
      25
      26
      29
      23
      29
      16
      30
      22
      22
      19
      29
      30
      26
      21
      28
      28
      25
      26
      33
      29
      34
      26
      26
      31
      25
      23
      35
      28
      22
      26
      24
      26
      27
      27
      22
      20
      19
      27
      24
      26
      26
      28
      18
      19
      31
      31
      23
      22
      23
      21
      36
      31
      30
      33
      27
      24
      33
      25
      27
      30
      19
      24
      28
      29
      30
      25
      25
      22
      23
      23
      36
      29
      26
      24
      26
      26
      28
      27
      22
      21
      20
      27
      32
      22
      23
      30
      34
      21
      20
      21
      23
      23
      29
      28
      29
      21
      21
      24
      28
      33
      22
      26
      22
      26
      28
      24
      27
      27
      21
      25
      30
      26
      28
      24
      27
      26
      23
      26
      23
      25
      28
      19
      24
      25
      17
      24
      31
      28
      24
      24
      24
      24
      15
      29
      26
      26
      30
      17
      32
      22
      27
      33
      29
      32
      24
      30
      30
      32
      30
      24
      28
      19
      26
      20
      19
      15
      28
      19
      29
      27
      27
      18
      24
      26
      22
      33
      24
      33
      20
      19
      24
      29
      32
      21
      18
      16
      22
      24
      24
      31
      28
      25
      17
      19
      22
      28
      23
      22
      23
      28
      31
      22
      40
      29
      21
      26
      21
      23
      31
      21
      32
      21
      34
      30
      30
      25
      29
      27
      23
      20
      25
      30
      16
      26
      24
      23
      33
      23
      24
      18
      32
      24
      25
      31
      28
      19
      21
      21
      22
      22
      27
      22
      24
      25
      17
      24
      27
      23
      29
      25
      26
      23
      21
      24
      30
      21
      28
      31
      29
      15
      18
      19
      28
      20
      23
      18
      31
      24
      22
      20
      21
      23
      21
      21
      19
      20
      31
      27
      33
      19
      18
      25
      20
      28
      15
      19
      24
      20
      24
      20
      31
      20
      17
      19
      31
      18
      18
      26
      19
      16
      26
      27
      21
      20
      21
      29
      29
      18
      23
      19
      18
      24
      13
      24
      32
      21
      18
      23
      21
      16
      23
      19
      19
      20
      17
      20
      21
      27
      23
      27
      23
      24
      29
      23
      25
      24
      22
      19
      27
      19
      25
      25
      17
      21
      37
      31
      16
      26
      26
      26
      20
      27
      21
      16
      20
      23
      22
      16
      35
      29
      26
      21
      27
      22
      38
      19
      21
      38
      22
      22
      28
      28
      22
      23
      26
      21
      20
      18
      23
      21
      21
      28
      29
      20
      23
      28
      30
      28
      17
      27
      28
      25
      18
      23
      26
      18
      20
      18
      31
      25
      19
      17
      23
      20
      25
      24
      17
      22
      12
      25
      19
      20
      20
      18
      14
      18
      26
      19
      22
      30
      20
      30
      33
      21
      19
      20
      25
      19
      20
      24
      22
      18
      27
      25
      25
      16
      20
      24
      25
      18
      14
      16
      23
      17
      17
      34
      19
      24
      20
      25
      20
      18
      28
      28
      21
      26
      13
      20
      16
      11
      24
      17
      16
      21
      21
      19
      28
      20
      14
      23
      23
      21
      15
      19
      18
      20
      26
      18
      17
      22
      23
      16
      25
      17
      27
      25
      16
      22
      25
      22
      24
      21
      21
      21
      20
      20
      21
      19
      15
      16
      11
      21
      22
      25
      22
      14
      28
      21
      26
      20
      19
      24
      16
      27
      19
      26
      21
      27
      23
      23
      20
      19
      22
      22
      20
      29
      20
      25
      19
      27
      21
      27
      16
      23
      21
      19
      19
      28
      23
      17
      18
      24
      24
      21
      27
      17
      21
      23
      26
      13
      19
      17
      17
      15
      22
      23
      22
      17
      20
      21
      24
      25
      27
      19
      24
      12
      18
      17
      21
      16
      22
      18
      23
      18
      17
      20
      18
      19
      12
      23
      19
      20
      22
      19
      17
      19
      30
      20
      18
      22
      17
      20
      23
      23
      13
      26
      16
      22
      21
      18
      15
      24
      22
      16
      21
      10
      20
      22
      13
      13
      19
       9
      19
      20
      20
      24
      21
      24
      17
      15
      21
      15
      24
      21
      20
      17
      26
      14
      22
      12
      22
      15
      23
      12
      20
      18
      13
      21
      19
      29
      23
      19
      22
      19
      20
      18
      21
      13
      15
      21
      22
      17
      20
      21
      14
      19
      15
      16
      18
      14
      16
      23
      19
      19
      19
      16
      23
      22
      25
      21
      16
      19
      13
      22
      17
      16
      20
      11
      22
      23
      20
      20
      26
      20
      21
      17
      21
      21
      19
      15
      24
      22
      21
      16
      19
      15
      11
      16
      21
      16
      15
      20
      23
      10
      20
      17
      23
      18
      25
      23
      11
      23
      19
      26
      17
      19
      18
      20
      15
      17
      17
      22
      18
      16
      16
      23
      14
      21
      23
      12
      22
      19
      25
      18
      18
      21
      23
      14
      24
      15
      29
      29
      15
      18
      14
      18
      29
      18
      19
      18
      26
      22
      19
      18
      12
      24
      30
      29
      16
      19
      17
      20
      19
      20
      25
      21
      18
      22
      32
      31
      23
      19
      16
      19
      21
      18
      32
      18
      30
      21
      29
      26
      22
      21
      26
      18
      18
      23
      26
      32
      25
      22
      28
      17
      23
      24
      25
      27
      31
      21
      21
      19
      28
      20
      32
      32
      36
      17
      27
      17
      35
      30
      29
      18
      32
      27
      29
      26
      24
      20
      23
      33
      32
      30
      35
      25
      25
      31
      23
      16
      21
      22
      19
      25
      19
      25
      35
      27
      39
      32
      24
      24
      29
      30
      21
      31
      25
      22
      32
      29
      31
      31
      31
      43
      22
      33
      34
      46
      37
      40
      30
      26
      38
      30
      33
      33
      32
      31
      39
      30
      30
      39
      28
      29
      36
      36
      33
      40
      37
      40
      32
      31
      37
      34
      38
      37
      35
      30
      37
      38
      44
      33
      45
      33
      36
      43
      32
      52
      48
      37
      38
      45
      52
      48
      36
      55
      35
      37
      41
      31
      50
      35
      45
      54
      44
      45
      50
      40
      49
      49
      58
      38
      41
      43
      54
      58
      53
      54
      56
      46
      47
      48
      55
      41
      44
      59
      57
      46
      34
      48
      49
      56
      51
      51
      55
      57
      57
      55
      70
      63
      60
      46
      64
      57
      49
      45
      49
      53
      53
      50
      60
      72
      55
      72
      55
      62
      61
      47
      57
      60
      65
      59
      50
      54
      53
      71
      69
      52
      56
      61
      65
      77
      60
      53
      66
      55
      63
      75
      80
      53
      76
      56
      61
      74
      68
      47
      62
      86
      71
      71
      63
      79
      71
      52
      77
      74
      62
      57
      62
      63
      82
      72
      78
      81
      72
      67
      63
      68
      79
      62
      59
      76
      87
      51
      69
      67
      73
      91
      74
      92
      75
      63
      74
      74
      67
      63
      84
      59
      74
      77
      75
      76
      69
      75
      77
      66
      76
      74
      76
      60
      81
      82
      78
      71
      61
      78
      66
      93
      67
      79
      79
      70
      68
      70
      71
      87
      86
      88
      79
      77
      76
      83
      78
      72
      72
      68
     101
      62
      63
      84
      83
      75
      79
      87
      87
      71
      78
      86
      74
      83
      91
      85
      88
      94
      81
      83
      75
      64
      82
      72
      80
      62
      78
      90
      77
      79
      79
      97
      82
      81
      83
      68
      91
      85
      88
      83
      76
      82
      62
      69
      69
      88
      77
      78
      74
      92
      75
      78
      77
      61
      79
      89
      95
      92
      84
      82
      77
      77
      68
      71
      60
      88
      91
      77
      81
      89
      67
      80
      78
      83
      87
      79
      90
      64
      84
      74
     105
      79
      79
      77
      70
      82
      68
      73
      90
      80
      61
      73
      74
      77
      92
      79
      65
      66
      72
      77
      78
      71
      79
      80
      71
      70
      63
      60
      70
      67
      66
      74
      85
      68
      73
      54
      70
      63
      74
      81
      57
      70
      68
      62
      49
      60
      59
      68
      78
      62
      66
      53
      85
      54
      63
      75
      70
      60
      61
      66
      67
      72
      71
      59
      62
      65
      61
      74
      68
      60
      59
      56
      48
      60
      62
      62
      57
      61
      67
      54
      62
      54
      55
      63
      72
      42
      77
      45
      51
      46
      69
      59
      58
      52
      59
      57
      56
      61
      49
      56
      56
      51
      52
      40
      52
      49
      49
      57
      36
      62
      49
      47
      52
      49
      44
      57
      37
      46
      46
      47
      52
      32
      50
      45
      36
      49
      46
      48
      42
      47
      36
      38
      44
      39
      47
      43
      43
      38
      28
      45
      35
      32
      33
      39
      48
      23
      43
      29
      40
      39
      43
      34
      28
      34
      41
      29
      29
      32
      31
      40
      29
      32
      30
      29
      38
      35
      30
      29
      27
      34
      30
      31
      40
      34
      32
      24
      19
      20
      43
      22
      23
      25
      15
      33
      25
      25
      29
      29
      28
      23
      23
      23
      36
      29
      16
      35
      26
      22
      22
      25
      33
      24
      23
      13
      26
      24
      19
      23
      19
      19
      16
      30
      15
      24
      23
      20
      20
      16
      22
      19
      24
      23
      25
      22
      21
      14
      19
      17
      23
      19
      21
      12
      21
      27
      13
      13
      27
      13
      20
      17
      16
      12
      19
      19
      14
      15
      12
       8
      11
      18
      12
      10
      13
      12
      15
      14
      13
      19
      11
      11
      10
      13
       8
      11
      19
      18
      10
      11
       8
      15
      14
      15
       9
       7
      10
       8
      11
      14
      17
       5
       9
       6
      19
      13
      14
      14
       7
       9
      12
       8
      16
      11
       9
      20
      15
       9
      15
       4
       9
      12
      10
      12
       5
       9
      12
       7
      13
       8
       8
       9
      12
       8
      13
       6
       6
      11
       7
      10
       8
      11
      14
       6
      13
       9
       8
       7
       9
      11
       8
      12
       9
      13
       9
      10
      12
       4
       8
       5
       9
      13
      13
       7
       5
       6
       7
       3
       7
      13
      10
       9
      13
      12
      12
      10
       5
       9
       5
       7
      13
       8
       9
       9
       7
      11
      14
       9
       7
       7
       5
       4
       7
       4
       8
      12
      17
       5
       8
       9
       8
      11
      11
       4
       8
       9
       5
      14
       9
       7
       9
       6
       9
      17
       7
       9
      14
      12
       7
      10
       8
      19
       7
       9
      11
      10
      16
       8
       9
       8
       7
       9
       5
      11
      11
       9
      10
      12
       9
      10
      11
      10
      12
      11
      13
      12
       5
       8
       8
       6
      11
      17
      12
       8
       8
       9
      13
      12
      10
       7
      13
      13
      11
       8
      10
      11
      14
      13
       9
       7
       6
      15
      17
      16
      10
      11
      15
      13
      16
      13
       7
      15
      14
      15
      13
      19
      19
      13
      11
      24
      18
       8
      10
      12
      14
      16
      19
      22
      14
      22
      16
      19
      16
      20
       9
      12
      18
      14
      11
      19
      13
       7
      18
      12
      11
      21
      16
      13
      22
      14
      14
      14
      15
      10
      18
      15
      18
      21
      14
      22
      18
      17
      16
      20
      14
      17
      24
      26
      20
      21
      13
      30
      21
      17
      28
      17
      18
      30
      21
      23
      24
      14
      22
      18
      21
      14
      15
      24
      24
      25
      22
      29
      20
      25
      25
      24
      23
      27
      27
      17
      24
      20
      27
      21
      34
      29
      26
      21
      22
      22
      26
      23
      26
      28
      34
      23
      26
      29
      32
      26
      25
      23
      20
      26
      25
      37
      32
      33
      30
      32
      33
      34
      34
      30
      26
      32
      31
      32
      31
      37
      20
      32
      39
      33
      38
      42
      33
      36
      36
      28
      35
      32
      35
      42
      24
      24
      39
      41
      51
      46
      26
      42
      37
      38
      35
      31
      44
      36
      36
      38
      37
      41
      41
      47
      44
      36
      51
      43
      41
      46
      31
      47
      30
      35
      46
      43
      37
      42
      42
      41
      37
      47
      46
      42
      47
      40
      40
      46
      51
      46
      34
      42
      39
      40
      51
      48
      43
      52
      43
      43
      42
      47
      57
      55
      56
      47
      39
      46
      39
      59
      47
      51
      45
      45
      50
      36
      55
      52
      51
      45
      64
      42
      52
      60
      55
      45
      46
      41
      43
      47
      59
      48
      58
      51
      52
      42
      49
      50
      52
      56
      61
      67
      49
      59
      49
      55
      58
      51
      59
      58
      53
      64
      45
      57
      66
      52
      74
      60
      58
      60
      52
      58
      46
      59
      57
      52
      48
      51
      50
      56
      53
      52
      59
      53
      55
      55
      65
      54
      49
      56
      65
      62
      64
      63
      71
      76
      59
      49
      57
      61
      64
      63
      56
      62
      70
      63
      79
      55
      57
      74
      60
      59
      61
      62
      56
      64
      64
      68
      59
      82
      66
      57
      64
      63
      72
      63
      66
      79
      61
      66
      74
      65
      61
      63
      77
      75
      70
      63
      58
      62
      60
      61
      70
      55
      50
      49
      75
      55
      66
      62
      65
      62
      75
      62
      63
      73
      61
      71
      87
      61
      60
      67
      58
      59
      62
      72
      51
      55
      56
      58
      57
      61
      68
      67
      72
      57
      59
      77
      74
      62
      54
      64
      57
      60
      63
      50
      49
      60
      64
      55
      64
      43
      66
      68
      58
      44
      61
      64
      66
      55
      58
      60
      64
      81
      59
      56
      54
      72
      58
      70
      53
      75
      58
      52
      57
      49
      57
      54
      48
      53
      61
      46
      66
      49
      51
      51
      45
      51
      47
      58
      52
      47
      44
      57
      64
      72
      51
      63
      50
      54
      67
      56
      47
      45
      56
      50
      51
      51
      44
      66
      47
      43
      51
      39
      47
      50
      38
      43
      37
      49
      51
      47
      54
      47
      40
      38
      48
      47
      54
      43
      37
      37
      47
      47
      46
      53
      53
      47
      38
      36
      58
      47
      45
      48
      41
      43
      41
      44
      43
      43
      37
      45
      51
      43
      45
      47
      43
      41
      48
      41
      42
      37
      44
      37
      43
      37
      30
      35
      39
      34
      37
      36
      38
      36
      44
      32
      28
      26
      31
      32
      36
      42
      30
      31
      33
      29
      38
      26
      33
      39
      27
      32
      32
      30
      35
      28
      31
      22
      26
      29
      37
      30
      29
      34
      30
      26
      38
      35
      29
      28
      34
      27
      31
      28
      40
      29
      25
      35
      25
      28
      26
      26
      24
      29
      37
      27
      27
      37
      15
      16
      31
      23
      26
      13
      23
      20
      21
      29
      33
      25
      24
      30
      24
      16
      22
      24
      12
      19
      21
      21
      20
      28
      22
      27
      27
      17
      19
      28
      19
      19
      21
      27
      23
      22
      19
      22
      11
      17
      14
      16
      21
      24
      19
      20
      19
      15
      14
      16
      13
      22
      15
      30
      27
      23
      18
      15
      12
      23
      15
      17
      18
      14
      11
      16
      14
      14
      18
      22
       7
      14
       8
      12
      15
      14
      19
      15
      15
      12
      16
      19
      12
      16
      21
       9
      16
      14
      17
      16
       8
       9
       8
       9
      13
      14
      13
      16
      11
       8
      10
      11
      13
       9
      13
       9
      10
       6
      11
      12
       7
      12
       5
       9
      10
       5
       9
       8
      12
      13
      13
      10
      12
       9
       6
      13
       9
       7
       5
       9
       9
      12
      12
       9
       6
       6
       8
       9
      13
       8
      13
       8
      10
       3
       9
      10
       7
       5
       7
      12
       9
       8
       6
      10
       7
       3
      11
       7
       6
       7
       8
       5
       3
       3
       7
       9
       8
       7
       9
       6
       3
      13
       3
       8
       4
       5
       7
       6
       9
       4
       4
       8
       5
       9
       8
       6
       5
       7
       9
       6
       6
       2
       5
       6
       4
       3
       3
      10
       6
       4
       4
       5
       1
       4
       5
       5
       4
       2
       4
       9
       2
       2
       3
       6
       1
       5
       4
       3
       2
       6
       5
       2
       1
       3
       2
       3
       2
       5
       8
       2
       4
       6
       2
       8
       3
       4
       5
       7
       3
       2
       3
       8
       5
       2
       8
       4
       2
       2
       3
       3
       1
       6
       3
       3
       4
       2
       4
       4
       4
       6
       2
       5
       5
       3
       1
       5
       2
       4
       2
       1
       4
       1
       4
       2
       2
       2
       4
       6
       5
       4
       6
       6
       3
       1
       0
       4
       3
       5
       3
       3
       1
       6
       3
       2
       1
       3
       3
       3
       7
       0
       3
       3
       3
       0
       3
       8
       3
       5
       5
       5
       1
       7
       4
       4
       4
       4
       0
       2
       1
       4
       4
       2
       4
       5
       4
       6
       4
       6
       3
       6
       3
       3
       5
       3
       4
       4
       4
       3
       4
       4
       3
       1
       2
       2
       2
       1
       2
       6
       5
       4
       3
       1
       4
       0
       2
       2
       3
       1
       3
       2
       9
       1
       2
       4
       1
       8
       5
       3
       2
       3
       2
       4
       6
       3
       5
       2
       3
       2
       6
       2
       6
       1
       2
       5
       1
       3
       4
       2
       3
       1
       4
       3
       3
       4
       3
       4
       8
       4
       4
       5
       4
       4
       3
       3
       2
       2
       2
       4
       3
       3
       1
       3
       2
       4
       4
       3
       3
       2
       4
       6
       4
       3
       1
       4
       4
       2
       7
       2
       6
       1
       2
       7
       2
       6
       3
       4
       1
       5
       2
       4
       2
       1
       0
       3
       5
       3
       4
       2
       6
       4
       5
       1
       4
       3
       1
       0
       3
       2
       3
       3
       1
       1
       2
       2
       3
       5
       1
       5
       4
       1
       4
       7
       2
       2
       3
       4
       3
       2
       2
       2
       0
       2
       2
       3
       2
       1
       9
       4
       2
       3
       3
       2
       3
       1
       2
       5
       6
       1
       3
       8
       4
       3
       2
       5
       2
       5
       3
       2
       2
       4
       6
       2
       1
       4
       5
       2
       6
       5
       7
       3
       1
       3
       3
       3
       0
       1
       2
       1
       5
       2
       0
       1
       2
       2
       2
       1
       3
       2
       1
       6
       6
       4
       3
       4
       1
       3
       3
       3
       4
       4
       2
       1
       1
       1
       4
       4
       7
       7
       5
       2
       2
       2
       2
       2
       2
       2
       2
       3
       1
       3
       2
       4
       1
       2
       1
       3
       1
       3
       4
       3
       4
       4
       3
       1
       3
       0
       2
       1
       2
       3
       6
       1
       5
       3
       3
       1
       7
       2
       1
       4
       5
       2
       4
       4
       1
       2
       5
       2
       1
       0
       0
       0
       0
       0
       0
       0
       0
       0
       0
       0
       0
       0
       0
       0
       0
       0
       0
       0
       0
       0
       0
       0
       0
       0
       0
       0
       0
       0
       0
       0
       0
       0
       0
       0
       0
       0
       0
       0
       0
       0
       0
       0
       0
       0
       0
       0
       0
       0
       0
       0
       0
       0
       0
       0
       0
       0
       0
       0
       0
       0
       0
       0
       0
       0
       0
       0
       0
       0
       0
       0
       0
       0
       0
       0
       0
       0
       0
       0
       0
       0
       0
       0
       0
       0
       0
       0
       0
       0
       0
       0
       0
       0
       0
       0
       0
       0
       0
       0
       0
       0
       0
       0
       0
       0
       0
       0
       0
       0
       0
       0
       0
       0
       0
       0
       0
       0
       0
       0
       0
       0
       0
       0
       0
       0
       0
       0
       0