2218.5
2217.96
2217.42
2216.88
2216.34
2215.79
2215.25
2214.71
2214.16
2213.62
2213.08
2212.53
2211.99
2211.44
2210.89
2210.35
2209.8
2209.26
2208.71
2208.16
2207.62
2207.07
2206.52
2205.97
2205.42
2204.87
2204.33
2203.78
2203.23
2202.68
2202.13
2201.58
2201.03
2200.47
2199.92
2199.37
2198.82
2198.27
2197.71
2197.16
2196.61
2196.06
2195.5
2194.95
2194.39
2193.84
2193.28
2192.73
2192.17
2191.62
2191.06
2190.51
2189.95
2189.39
2188.84
2188.28
2187.72
2187.16
2186.61
2186.05
2185.49
2184.93
2184.37
2183.81
2183.25
2182.69
2182.13
2181.57
2181.01
2180.45
2179.89
2179.33
2178.76
2178.2
2177.64
2177.08
2176.51
2175.95
2175.39
2174.82
2174.26
2173.7
2173.13
2172.57
2172
2171.44
2170.87
2170.3
2169.74
2169.17
2168.61
2168.04
2167.47
2166.9
2166.34
2165.77
2165.2
2164.63
2164.06
2163.5
2162.93
2162.36
2161.79
2161.22
2160.65
2160.08
2159.51
2158.94
2158.37
2157.8
2157.22
2156.65
2156.08
2155.51
2154.94
2154.36
2153.79
2153.22
2152.64
2152.07
2151.5
2150.92
2150.35
2149.77
2149.2
2148.63
2148.05
2147.48
2146.9
2146.32
2145.75
2145.17
2144.6
2144.02
2143.44
2142.87
2142.29
2141.71
2141.13
2140.56
2139.98
2139.4
2138.82
2138.24
2137.66
2137.08
2136.51
2135.93
2135.35
2134.77
2134.19
2133.61
2133.03
2132.45
2131.86
2131.28
2130.7
2130.12
2129.54
2128.96
2128.38
2127.79
2127.21
2126.63
2126.05
2125.46
2124.88
2124.3
2123.72
2123.13
2122.55
2121.96
2121.38
2120.8
2120.21
2119.63
2119.04
2118.46
2117.87
2117.29
2116.7
2116.12
2115.53
2114.95
2114.36
2113.77
2113.19
2112.6
2112.02
2111.43
2110.84
2110.26
2109.67
2109.08
2108.49
2107.91
2107.32
2106.73
2106.14
2105.56
2104.97
2104.38
2103.79
2103.2
2102.62
2102.03
2101.44
2100.85
2100.26
2099.67
2099.08
2098.49
2097.9
2097.31
2096.72
2096.13
2095.54
2094.96
2094.37
2093.78
2093.19
2092.59
2092
2091.41
2090.82
2090.23
2089.64
2089.05
2088.46
2087.87
2087.28
2086.69
2086.1
2085.51
2084.92
2084.32
2083.73
2083.14
2082.55
2081.96
2081.37
2080.78
2080.19
2079.59
2079
2078.41
2077.82
2077.23
2076.64
2076.04
2075.45
2074.86
2074.27
2073.68
2073.09
2072.49
2071.9
2071.31
2070.72
2070.13
2069.54
2068.94
2068.35
2067.76
2067.17
2066.58
2065.99
2065.39
2064.8
2064.21
2063.62
2063.03
2062.44
2061.84
2061.25
2060.66
2060.07
2059.48
2058.89
2058.3
2057.71
2057.12
2056.52
2055.93
2055.34
2054.75
2054.16
2053.57
2052.98
2052.39
2051.8
2051.21
2050.62
2050.03
2049.44
2048.85
2048.26
2047.67
2047.08
2046.49
2045.9
2045.32
2044.73
2044.14
2043.55
2042.96
2042.37
2041.78
2041.2
2040.61
2040.02
2039.43
2038.85
2038.26
2037.67
2037.09
2036.5
2035.91
2035.33
2034.74
2034.16
2033.57
2032.98
2032.4
2031.81
2031.23
2030.65
2030.06
2029.48
2028.89
2028.31
2027.73
2027.14
2026.56
2025.98
2025.4
2024.81
2024.23
2023.65
2023.07
2022.49
2021.91
2021.33
2020.75
2020.17
2019.59
2019.01
2018.43
2017.86
2017.28
2016.7
2016.12
2015.55
2014.97
2014.39
2013.82
2013.24
2012.67
2012.09
2011.52
2010.94
2010.37
2009.8
2009.22
2008.65
2008.08
2007.51
2006.94
2006.37
2005.8
2005.23
2004.66
2004.09
2003.52
2002.95
2002.39
2001.82
2001.25
2000.69
2000.12
1999.56
1998.99
1998.43
1997.86
1997.3
1996.74
1996.18
1995.62
1995.05
1994.49
1993.93
1993.38
1992.82
1992.26
1991.7
1991.14
1990.59
1990.03
1989.48
1988.92
1988.37
1987.82
1987.26
1986.71
1986.16
1985.61
1985.06
1984.51
1983.96
1983.42
1982.87
1982.32
1981.78
1981.23
1980.69
1980.14
1979.6
1979.06
1978.52
1977.98
1977.44
1976.9
1976.36
1975.82
1975.28
1974.75
1974.21
1973.68
1973.15
1972.61
1972.08
1971.55
1971.02
1970.49
1969.96
1969.43
1968.91
1968.38
1967.86
1967.33
1966.81
1966.29
1965.77
1965.25
1964.73
1964.21
1963.69
1963.17
1962.66
1962.14
1961.63
1961.12
1960.61
1960.1
1959.59
1959.08
1958.57
1958.06
1957.56
1957.05
1956.55
1956.05
1955.55
1955.05
1954.55
1954.05
1953.56
1953.06
1952.57
1952.07
1951.58
1951.09
1950.6
1950.11
1949.63
1949.14
1948.66
1948.17
1947.69
1947.21
1946.73
1946.25
1945.77
1945.3
1944.82
1944.35
1943.88
1943.41
1942.94
1942.47
1942
1941.54
1941.07
1940.61
1940.15
1939.69
1939.23
1938.78
1938.32
1937.87
1937.41
1936.96
1936.51
1936.06
1935.62
1935.17
1934.73
1934.29
1933.85
1933.41
1932.97
1932.53
1932.1
1931.67
1931.24
1930.81
1930.38
1929.95
1929.53
1929.11
1928.68
1928.26
1927.85
1927.43
1927.02
1926.6
1926.19
1925.78
1925.37
1924.97
1924.56
1924.16
1923.76
1923.36
1922.97
1922.57
1922.18
1921.79
1921.4
1921.01
1920.62
1920.24
1919.86
1919.48
1919.1
1918.72
1918.35
1917.98
1917.61
1917.24
1916.87
1916.51
1916.14
1915.78
1915.42
1915.07
1914.71
1914.36
1914.01
1913.66
1913.32
1912.97
1912.63
1912.29
1911.96
1911.62
1911.29
1910.96
1910.63
1910.3
1909.98
1909.66
1909.34
1909.02
1908.7
1908.39
1908.08
1907.77
1907.47
1907.16
1906.86
1906.56
1906.26
1905.97
1905.68
1905.39
1905.1
1904.82
1904.53
1904.25
1903.98
1903.7
1903.43
1903.16
1902.89
1902.63
1902.37
1902.11
1901.85
1901.59
1901.34
1901.09
1900.85
1900.6
1900.36
1900.12
1899.88
1899.65
1899.42
1899.19
1898.96
1898.74
1898.52
1898.3
1898.09
1897.88
1897.67
1897.46
1897.26
1897.06
1896.86
1896.66
1896.47
1896.28
1896.09
1895.91
1895.73
1895.55
1895.38
1895.2
1895.03
1894.87
1894.7
1894.54
1894.39
1894.23
1894.08
1893.93
1893.78
1893.64
1893.5
1893.37
1893.23
1893.1
1892.97
1892.85
1892.73
1892.61
1892.5
1892.38
1892.28
1892.17
1892.07
1891.97
1891.87
1891.78
1891.69
1891.6
1891.52
1891.44
1891.37
1891.29
1891.22
1891.16
1891.09
1891.03
1890.98
1890.92
1890.87
1890.82
1890.78
1890.74
1890.7
1890.67
1890.64
1890.61
1890.59
1890.57
1890.56
1890.54
1890.53
1890.53
1890.53
1890.53
1890.53
1890.54
1890.55
1890.57
1890.58
1890.61
1890.63
1890.66
1890.69
1890.73
1890.77
1890.81
1890.86
1890.91
1890.97
1891.02
1891.09
1891.15
1891.22
1891.29
1891.37
1891.45
1891.53
1891.62
1891.71
1891.81
1891.9
1892.01
1892.11
1892.22
1892.34
1892.45
1892.57
1892.7
1892.83
1892.96
1893.09
1893.23
1893.38
1893.52
1893.67
1893.83
1893.99
1894.15
1894.32
1894.49
1894.66
1894.84
1895.02
1895.21
1895.39
1895.59
1895.78
1895.99
1896.19
1896.4
1896.61
1896.83
1897.05
1897.27
1897.5
1897.73
1897.97
1898.21
1898.45
1898.7
1898.95
1899.21
1899.47
1899.73
1900
1900.27
1900.54
1900.82
1901.1
1901.39
1901.68
1901.98
1902.28
1902.58
1902.88
1903.2
1903.51
1903.83
1904.15
1904.48
1904.81
1905.14
1905.48
1905.82
1906.17
1906.52
1906.87
1907.23
1907.59
1907.96
1908.33
1908.7
1909.08
1909.46
1909.85
1910.24
1910.63
1911.03
1911.43
1911.84
1912.25
1912.66
1913.08
1913.5
1913.92
1914.35
1914.78
1915.22
1915.66
1916.11
1916.56
1917.01
1917.46
1917.92
1918.39
1918.86
1919.33
1919.8
1920.28
1920.77
1921.26
1921.75
1922.24
1922.74
1923.24
1923.75
1924.26
1924.77
1925.29
1925.81
1926.34
1926.87
1927.4
1927.94
1928.48
1929.03
1929.57
1930.13
1930.68
1931.24
1931.8
1932.37
1932.94
1933.52
1934.09
1934.68
1935.26
1935.85
1936.44
1937.04
1937.64
1938.24
1938.85
1939.46
1940.07
1940.69
1941.31
1941.94
1942.57
1943.2
1943.84
1944.47
1945.12
1945.76
1946.41
1947.07
1947.72
1948.38
1949.05
1949.71
1950.38
1951.06
1951.74
1952.42
1953.1
1953.79
1954.48
1955.17
1955.87
1956.57
1957.28
1957.99
1958.7
1959.41
1960.13
1960.85
1961.58
1962.31
1963.04
1963.77
1964.51
1965.26
1966
1966.75
1967.51
1968.26
1969.02
1969.79
1970.56
1971.33
1972.1
1972.88
1973.67
1974.45
1975.25
1976.04
1976.84
1977.65
1978.46
1979.27
1980.09
1980.91
1981.74
1982.57
1983.41
1984.25
1985.1
1985.95
1986.81
1987.67
1988.55
1989.42
1990.31
1991.2
1992.1
1993
1993.91
1994.84
1995.76
1996.7
1997.65
1998.6
1999.57
2000.54
2001.52
2002.52
2003.53
2004.54
2005.57
2006.61
2007.67
2008.74
2009.82
2010.92
2012.03
2013.16
2014.3
2015.46
2016.64
2017.84
2019.05
2020.29
2021.54
2022.82
2024.12
2025.44
2026.79
2028.16
2029.55
2030.98
2032.42
2033.9
2035.4
2036.94
2038.5
2040.1
2041.73
2043.39
2045.09
2046.82
2048.59
2050.4
2052.24
2054.13
2056.05
2058.01
2060.02
2062.07
2064.16
2066.3
2068.49
2070.72
2073
2075.32
2077.7
2080.12
2082.6
2085.13
2087.7
2090.33
2093.02
2095.75
2098.55
2101.39
2104.29
2107.24
2110.25
2113.32
2116.43
2119.61
2122.84
2126.12
2129.46
2132.85
2136.29
2139.79
2143.34
2146.94
2150.6
2154.3
2158.05
2161.85
2165.69
2169.58
2173.52
2177.49
2181.51
2185.56
2189.65
2193.78
2197.94
2202.13
2206.35
2210.59
2214.85
2219.14
2223.44
2227.76
2232.1
2236.44
2240.78
2245.13
2249.48
2253.83
2258.17
2262.5
2266.81
2271.11
2275.39
2279.64
2283.87
2288.06
2292.22
2296.33
2300.41
2304.44
2308.42
2312.34
2316.21
2320.02
2323.76
2327.43
2331.03
2334.55
2338
2341.36
2344.64
2347.83
2350.93
2353.93
2356.83
2359.64
2362.34
2364.93
2367.42
2369.8
2372.06
2374.21
2376.24
2378.16
2379.95
2381.62
2383.17
2384.6
2385.9
2387.08
2388.13
2389.06
2389.85
2390.53
2391.07
2391.49
2391.79
2391.95
2392
2391.92
2391.72
2391.4
2390.95
2390.4
2389.72
2388.93
2388.03
2387.02
2385.9
2384.67
2383.35
2381.92
2380.4
2378.78
2377.07
2375.27
2373.39
2371.42
2369.38
2367.26
2365.07
2362.81
2360.49
2358.11
2355.67
2353.18
2350.63
2348.04
2345.41
2342.73
2340.03
2337.28
2334.52
2331.72
2328.91
2326.07
2323.23
2320.37
2317.5
2314.63
2311.76
2308.88
2306.02
2303.16
2300.31
2297.47
2294.65
2291.85
2289.07
2286.31
2283.58
2280.87
2278.2
2275.55
2272.94
2270.37
2267.83
2265.32
2262.86
2260.44
2258.06
2255.73
2253.44
2251.19
2248.99
2246.84
2244.73
2242.67
2240.66
2238.7
2236.78
2234.92
2233.1
2231.34
2229.62
2227.95
2226.33
2224.75
2223.23
2221.75
2220.32
2218.93
2217.59
2216.3
2215.05
2213.84
2212.68
2211.56
2210.48
2209.44
2208.44
2207.47
2206.55
2205.66
2204.81
2204
2203.21
2202.46
2201.75
2201.06
2200.4
2199.77
2199.17
2198.6
2198.05
2197.52
2197.02
2196.54
2196.09
2195.65
2195.24
2194.84
2194.46
2194.1
2193.75
2193.42
2193.1
2192.8
2192.51
2192.23
2191.96
2191.71
2191.46
2191.22
2190.99
2190.77
2190.55
2190.34
2190.13
2189.93
2189.74
2189.55
2189.36
2189.17
2188.99
2188.81
2188.63
2188.45
2188.27
2188.09
2187.91
2187.73
2187.55
2187.36
2187.18
2186.99
2186.8
2186.61
2186.41
2186.22
2186.01
2185.81
2185.6
2185.38
2185.16
2184.94
2184.71
2184.48
2184.24
2184
2183.75
2183.49
2183.23
2182.97
2182.69
2182.42
2182.13
2181.84
2181.55
2181.24
2180.93
2180.62
2180.3
2179.97
2179.63
2179.29
2178.94
2178.58
2178.22
2177.85
2177.47
2177.09
2176.7
2176.3
2175.89
2175.48
2175.06
2174.64
2174.2
2173.76
2173.32
2172.86
2172.4
2171.93
2171.46
2170.97
2170.48
2169.99
2169.48
2168.97
2168.45
2167.93
2167.4
2166.86
2166.31
2165.76
2165.2
2164.63
2164.06
2163.48
2162.89
2162.29
2161.69
2161.08
2160.47
2159.85
2159.22
2158.58
2157.94
2157.29
2156.64
2155.98
2155.31
2154.63
2153.95
2153.26
2152.57
2151.87
2151.16
2150.45
2149.73
2149
2148.27
2147.53
2146.79
2146.04
2145.28
2144.52
2143.75
2142.98
2142.2
2141.41
2140.62
2139.82
2139.02
2138.21
2137.39
2136.57
2135.75
2134.91
2134.08
2133.23
2132.39
2131.53
2130.67
2129.81
2128.94
2128.07
2127.19
2126.3
2125.41
2124.52
2123.62
2122.72
2121.81
2120.9
2119.98
2119.06
2118.13
2117.2
2116.26
2115.32
2114.38
2113.43
2112.47
2111.52
2110.56
2109.59
2108.62
2107.65
2106.67
2105.69
2104.71
2103.72
2102.73
2101.73
2100.73
2099.73
2098.73
2097.72
2096.7
2095.69
2094.67
2093.65
2092.63
2091.6
2090.57
2089.54
2088.5
2087.46
2086.42
2085.38
2084.34
2083.29
2082.24
2081.19
2080.13
2079.08
2078.02
2076.96
2075.9
2074.84
2073.77
2072.71
2071.64
2070.57
2069.5
2068.43
2067.35
2066.28
2065.2
2064.13
2063.05
2061.97
2060.89
2059.81
2058.73
2057.65
2056.57
2055.49
2054.41
2053.33
2052.25
2051.17
2050.08
2049
2047.92
2046.84
2045.76
2044.68
2043.6
2042.52
2041.44
2040.37
2039.29
2038.21
2037.14
2036.07
2034.99
2033.92
2032.85
2031.79
2030.72
2029.65
2028.59
2027.53
2026.47
2025.41
2024.36
2023.3
2022.25
2021.2
2020.16
2019.11
2018.07
2017.03
2016
2014.96
2013.93
2012.9
2011.88
2010.86
2009.84
2008.83
2007.81
2006.81
2005.8
2004.8
2003.8
2002.81
2001.82
2000.84
1999.85
1998.88
1997.9
1996.93
1995.97
1995.01
1994.05
1993.1
1992.16
1991.22
1990.28
1989.35
1988.42
1987.5
1986.58
1985.67
1984.77
1983.87
1982.97
1982.08
1981.2
1980.32
1979.45
1978.58
1977.72
1976.87
1976.02
1975.17
1974.34
1973.51
1972.69
1971.87
1971.06
1970.25
1969.46
1968.67
1967.88
1967.11
1966.34
1965.57
1964.82
1964.07
1963.33
1962.59
1961.87
1961.15
1960.44
1959.73
1959.03
1958.34
1957.66
1956.99
1956.32
1955.67
1955.02
1954.37
1953.74
1953.11
1952.5
1951.89
1951.28
1950.69
1950.11
1949.53
1948.96
1948.4
1947.85
1947.31
1946.78
1946.25
1945.74
1945.23
1944.73
1944.24
1943.76
1943.29
1942.83
1942.38
1941.93
1941.5
1941.07
1940.66
1940.25
1939.85
1939.46
1939.08
1938.71
1938.35
1938
1937.66
1937.33
1937
1936.69
1936.39
1936.09
1935.81
1935.53
1935.27
1935.01
1934.76
1934.53
1934.3
1934.08
1933.88
1933.68
1933.49
1933.31
1933.14
1932.98
1932.84
1932.7
1932.57
1932.45
1932.34
1932.24
1932.15
1932.06
1931.99
1931.93
1931.88
1931.84
1931.81
1931.78
1931.77
1931.77
1931.77
1931.79
1931.81
1931.85
1931.89
1931.95
1932.01
1932.08
1932.17
1932.26
1932.36
1932.47
1932.59
1932.72
1932.86
1933.01
1933.17
1933.33
1933.51
1933.69
1933.88
1934.09
1934.3
1934.52
1934.75
1934.99
1935.23
1935.49
1935.75
1936.02
1936.31
1936.6
1936.89
1937.2
1937.51
1937.84
1938.17
1938.51
1938.85
1939.21
1939.57
1939.94
1940.32
1940.71
1941.1
1941.5
1941.91
1942.33
1942.75
1943.18
1943.62
1944.06
1944.52
1944.97
1945.44
1945.91
1946.39
1946.88
1947.37
1947.86
1948.37
1948.88
1949.39
1949.92
1950.44
1950.98
1951.52
1952.06
1952.61
1953.17
1953.73
1954.29
1954.86
1955.44
1956.02
1956.6
1957.19
1957.79
1958.38
1958.99
1959.59
1960.2
1960.82
1961.43
1962.05
1962.68
1963.31
1963.94
1964.57
1965.21
1965.85
1966.49
1967.13
1967.78
1968.43
1969.08
1969.74
1970.39
1971.05
1971.71
1972.37
1973.03
1973.69
1974.35
1975.02
1975.68
1976.35
1977.02
1977.68
1978.35
1979.01
1979.68
1980.35
1981.01
1981.68
1982.34
1983.01
1983.67
1984.33
1984.99
1985.65
1986.31
1986.96
1987.61
1988.26
1988.91
1989.56
1990.2
1990.84
1991.48
1992.12
1992.75
1993.38
1994
1994.62
1995.24
1995.86
1996.47
1997.07
1997.67
1998.27
1998.86
1999.45
2000.03
2000.61
2001.18
2001.74
2002.3
2002.86
2003.4
2003.95
2004.48
2005.01
2005.54
2006.05
2006.56
2007.06
2007.56
2008.05
2008.53
2009
2009.47
2009.93
2010.38
2010.82
2011.25
2011.68
2012.1
2012.5
2012.9
2013.3
2013.68
2014.05
2014.42
2014.77
2015.12
2015.46
2015.79
2016.1
2016.41
2016.71
2017
2017.28
2017.56
2017.82
2018.07
2018.31
2018.54
2018.77
2018.98
2019.19
2019.38
2019.57
2019.74
2019.91
2020.07
2020.22
2020.35
2020.49
2020.61
2020.72
2020.83
2020.93
2021.02
2021.1
2021.18
2021.25
2021.31
2021.37
2021.42
2021.47
2021.51
2021.55
2021.58
2021.61
2021.64
2021.66
2021.68
2021.71
2021.73
2021.75
2021.78
2021.8
2021.83
2021.86
2021.9
2021.94
2021.99
2022.04
2022.11
2022.18
2022.27
2022.36
2022.47
2022.59
2022.73
2022.89
2023.06
2023.25
2023.47
2023.7
2023.96
2024.25
2024.56
2024.9
2025.27
2025.67
2026.11
2026.58
2027.09
2027.63
2028.22
2028.85
2029.52
2030.24
2031.01
2031.82
2032.69
2033.61
2034.59
2035.62
2036.71
2037.86
2039.08
2040.36
2041.7
2043.11
2044.59
2046.14
2047.77
2049.47
2051.24
2053.09
2055.02
2057.03
2059.12
2061.3
2063.55
2065.89
2068.32
2070.83
2073.42
2076.11
2078.88
2081.73
2084.68
2087.71
2090.84
2094.04
2097.34
2100.72
2104.19
2107.74
2111.37
2115.09
2118.89
2122.76
2126.72
2130.75
2134.85
2139.02
2143.26
2147.57
2151.94
2156.37
2160.85
2165.39
2169.97
2174.6
2179.27
2183.97
2188.71
2193.48
2198.26
2203.07
2207.88
2212.7
2217.53
2222.34
2227.15
2231.94
2236.71
2241.45
2246.15
2250.81
2255.43
2259.99
2264.48
2268.91
2273.27
2277.54
2281.72
2285.81
2289.8
2293.67
2297.43
2301.07
2304.57
2307.94
2311.17
2314.24
2317.16
2319.92
2322.5
2324.91
2327.15
2329.19
2331.04
2332.69
2334.14
2335.38
2336.4
2337.21
2337.8
2338.16
2338.29
2338.18
2337.84
2337.25
2336.43
2335.36
2334.04
2332.46
2330.64
2328.57
2326.24
2323.66
2320.82
2317.73
2314.38
2310.78
2306.93
2302.83
2298.48
2293.87
2289.03
2283.94
2278.61
2273.04
2267.24
2261.21
2254.95
2248.47
2241.78
2234.87
2227.75
2220.43
2212.92
2205.21
2197.31
2189.24
2180.99
2172.57
2164
2155.26
2146.38
2137.36
2128.21
2118.92
2109.52
2100.01
2090.38
2080.66
2070.85
2060.95
2050.97
2040.93
2030.82
2020.65
2010.43
2000.17
1989.88
1979.56
1969.21
1958.85
1948.48
1938.1
1927.73
1917.37
1907.02
1896.7
1886.4
1876.13
1865.9
1855.71
1845.56
1835.47
1825.43
1815.46
1805.55
1795.7
1785.93
1776.24
1766.62
1757.08
1747.63
1738.27
1728.99
1719.81
1710.73
1701.74
1692.84
1684.05
1675.36
1666.77
1658.28
1649.9
1641.63
1633.46
1625.39
1617.43
1609.58
1601.83
1594.19
1586.66
1579.23
1571.91
1564.69
1557.57
1550.56
1543.65
1536.84
1530.13
1523.52
1517
1510.58
1504.26
1498.03
1491.89
1485.84
1479.88
1474
1468.21
1462.51
1456.88
1451.34
1445.87
1440.48
1435.17
1429.93
1424.76
1419.65
1414.62
1409.65
1404.75
1399.91
1395.13
1390.41
1385.75
1381.14
1376.59
1372.09
1367.64
1363.24
1358.88
1354.58
1350.32
1346.1
1341.93
1337.79
1333.7
1329.64
1325.63
1321.64
1317.7
1313.78
1309.9
1306.05
1302.23
1298.45
1294.68
1290.95
1287.25
1283.57
1279.91
1276.28
1272.67
1269.09
1265.53
1261.99
1258.47
1254.97
1251.49
1248.03
1244.59
1241.17
1237.76
1234.37
1231
1227.65
1224.31
1220.99
1217.68
1214.39
1211.12
1207.85
1204.61
1201.37
1198.15
1194.95
1191.76
1188.58
1185.41
1182.26
1179.12
1175.99
1172.87
1169.77
1166.68
1163.6
1160.53
1157.48
1154.44
1151.41
1148.39
1145.38
1142.38
1139.4
1136.43
1133.47
1130.52
1127.58
1124.65
1121.74
1118.83
1115.94
1113.06
1110.19
1107.33
1104.49
1101.65
1098.83
1096.01
1093.21
1090.42
1087.64
1084.87
1082.12
1079.37
1076.64
1073.92
1071.21
1068.51
1065.82
1063.14
1060.48
1057.82
1055.18
1052.55
1049.93
1047.32
1044.72
1042.14
1039.56
1037
1034.45
1031.91
1029.38
1026.87
1024.36
1021.87
1019.38
1016.91
1014.45
1012.01
1009.57
1007.14
1004.73
1002.33
999.938
997.559
995.191
992.835
990.49
988.157
985.835
983.524
981.225
978.937
976.661
974.396
972.142
969.9
967.668
965.449
963.24
961.043
958.857
956.682
954.519
952.366
950.225
948.095
945.977
943.869
941.772
939.687
937.612
935.549
933.496
931.455
929.424
927.404
925.396
923.398
921.411
919.435
917.469
915.514
913.57
911.637
909.714
907.802
905.901
904.01
902.13
900.26
898.401
896.552
894.713
892.885
891.067
889.259
887.462
885.675
883.898
882.131
880.374
878.627
876.89
875.163
873.447
871.74
870.042
868.355
866.678
865.01
863.352
861.703
860.064
858.435
856.815
855.205
853.604
852.012
850.43
848.857
847.293
845.739
844.193
842.657
841.13
839.612
838.103
836.602
835.111
833.629
832.155
830.69
829.234
827.786
826.347
824.916
823.494
822.081
820.676
819.279
817.89
816.51
815.138
813.775
812.419
811.071
809.732
808.4
807.076
805.761
804.453
803.153
801.86
800.575
799.298
798.029
796.767
795.512
794.265
793.026
791.793
790.568
789.351
788.14
786.937
785.74
784.551
783.369
782.194
781.025
779.864
778.709
777.561
776.42
775.286
774.158
773.036
771.922
770.813
769.711
768.616
767.527
766.444
765.367
764.297
763.232
762.174
761.122
760.076
759.036
758.002
756.973
755.951
754.934
753.923
752.918
751.918
750.924
749.935
748.952
747.975
747.003
746.036
745.074
744.118
743.167
742.222
741.281
740.346
739.415
738.49
737.57
736.654
735.744
734.838
733.937
733.041
732.15
731.264
730.382
729.504
728.632
727.763
726.9
726.04
725.185
724.335
723.489
722.647
721.809
720.976
720.147
719.322
718.501
717.684
716.871
716.062
715.257
714.456
713.659
712.865
712.076
711.29
710.508
709.73
708.955
708.184
707.417
706.653
705.893
705.136
704.382
703.632
702.886
702.143
701.403
700.666
699.933
699.203
698.476
697.752
697.031
696.314
695.599
694.888
694.18
693.474
692.772
692.072
691.375
690.682
689.991
689.302
688.617
687.934
687.254
686.577
685.903
685.231
684.561
683.894
683.23
682.569
681.909
681.253
680.598
679.946
679.297
678.65
678.005
677.363
676.722
676.085
675.449
674.815
674.184
673.555
672.928
672.304
671.681
671.06
670.442
669.825
669.211
668.598
667.988
667.379
666.773
666.168
665.565
664.964
664.365
663.768
663.172
662.579
661.987
661.397
660.808
660.221
659.636
659.053
658.471
657.891
657.313
656.736
656.161
655.587
655.015
654.444
653.875
653.307
652.741
652.176
651.613
651.051
650.491
649.932
649.374
648.818
648.263
647.71
647.157
646.607
646.057
645.509
644.961
644.416
643.871
643.328
642.785
642.244
641.705
641.166
640.629
640.092
639.557
639.023
638.49
637.958
637.427
636.898
636.369
635.841
635.315
634.789
634.265
633.741
633.218
632.697
632.176
631.657
631.138
630.62
630.103
629.587
629.072
628.558
628.045
627.533
627.021
626.51
626.001
625.492
624.984
624.476
623.97
623.464
622.959
622.455
621.952
621.449
620.947
620.446
619.946
619.447
618.948
618.45
617.952
617.456
616.96
616.464
615.97
615.476
614.983
614.49
613.998
613.507
613.016
612.526
612.037
611.548
611.06
610.573
610.086
609.6
609.114
608.629
608.144
607.661
607.177
606.694
606.212
605.731
605.25
604.769
604.289
603.81
603.331
602.852
602.374
601.897
601.42
600.944
600.468
599.993
599.518
599.044
598.57
598.096
597.623
597.151
596.679
596.208
595.737
595.266
594.796
594.326
593.857
593.388
592.92
592.452
591.985
591.518
591.051
590.585
590.119
589.654
589.189
588.725
588.261
587.797
587.334
586.871
586.408
585.946
585.484
585.023
584.562
584.102
583.641
583.182
582.722
582.263
581.805
581.346
580.888
580.431
579.974
579.517
579.06
578.604
578.148
577.693
577.238
576.783
576.329
575.874
575.421
574.967
574.514
574.062
573.609
573.157
572.705
572.254
571.803
571.352
570.902
570.452
570.002
569.552
569.103
568.654
568.206
567.758
567.31
566.862
566.415
565.968
565.521
565.075
564.629
564.183
563.737
563.292
562.847
562.403
561.958
561.514
561.071
560.627
560.184
559.741
559.299
558.856
558.414
557.973
557.531
557.09
556.649
556.209
555.768
555.328
554.889
554.449
554.01
553.571
553.132
552.694
552.256
551.818
551.38
550.943
550.506
550.069
549.633
549.197
548.761
548.325
547.89
547.455
547.02
546.585
546.151
545.717
545.283
544.849
544.416
543.983
543.55
543.118
542.685
542.253
541.821
541.39
540.959
540.528
540.097
539.667
539.236
538.806
538.377
537.947
537.518
537.089
536.66
536.232
535.804
535.376
534.948
534.521
534.093
533.666
533.24
532.813
532.387
531.961
531.535
531.11
530.685
530.26
529.835
529.411
528.986
528.562
528.139
527.715
527.292
526.869
526.446
526.024
525.601
525.179
524.758
524.336
523.915
523.494
523.073
522.652
522.232
521.812
521.392
520.972
520.553
520.134
519.715
519.296
518.878
518.46
518.042
517.624
517.207
516.79
516.373
515.956
515.539
515.123
514.707
514.291
513.876
513.461
513.046
512.631
512.216
511.802
511.388
510.974
510.56
510.147
509.734
509.321
508.908
508.496
508.084
507.672
507.26
506.848
506.437
506.026
505.615
505.205
504.794
504.384
503.975
503.565
503.156
502.746
502.338
501.929
501.52
501.112
500.704
500.297
499.889
499.482
499.075
498.668
498.262
497.855
497.449
497.043
496.638
496.232
495.827
495.422
495.018
494.613
494.209
493.805
493.401
492.998
492.595
492.191
491.789
491.386
490.984
490.582
490.18
489.778
489.377
488.976
488.575
488.174
487.774
487.373
486.973
486.574
486.174
485.775
485.376
484.977
484.578
484.18
483.782
483.384
482.986
482.589
482.192
481.795
481.398
481.001
480.605
480.209
479.813
479.418
479.022
478.627
478.232
477.838
477.443
477.049
476.655
476.261
475.868
475.475
475.082
474.689
474.296
473.904
473.512
473.12
472.728
472.337
471.946
471.555
471.164
470.774
470.384
469.994
469.604
469.214
468.825
468.436
468.047
467.658
467.27
466.882
466.494
466.106
465.719
465.332
464.945
464.558
464.171
463.785
463.399
463.013
462.627
462.242
461.857
461.472
461.087
460.703
460.319
459.935
459.551
459.167
458.784
458.401
458.018
457.636
457.253
456.871
456.489
456.108
455.726
455.345
454.964
454.583
454.203
453.823
453.442
453.063
452.683
452.304
451.925
451.546
451.167
450.789
450.41
450.032
449.655
449.277
448.9
448.523
448.146
447.769
447.393
447.017
446.641
446.265
445.89
445.515
445.14
444.765
444.391
444.016
443.642
443.269
442.895
442.522
442.148
441.776
441.403
441.031
440.658
440.286
439.915
439.543
439.172
438.801
438.43
438.059
437.689
437.319
436.949
436.579
436.21
435.841
435.472
435.103
434.735
434.366
433.998
433.631
433.263
432.896
432.529
432.162
431.795
431.429
431.062
430.697
430.331
429.965
429.6
429.235
428.87
428.506
428.141
427.777
427.413
427.05
426.686
426.323
425.96
425.597
425.235
424.873
424.511
424.149
423.787
423.426
423.065
422.704
422.343
421.983
421.623
421.263
420.903
420.544
420.184
419.825
419.467
419.108
418.75
418.392
418.034
417.676
417.319
416.962
416.605
416.248
415.891
415.535
415.179
414.823
414.468
414.113
413.758
413.403
413.048
412.694
412.34
411.986
411.632
411.278
410.925
410.572
410.219
409.867
409.515
409.163
408.811
408.459
408.108
407.757
407.406
407.055
406.705
406.354
406.004
405.655
405.305
404.956
404.607
404.258
403.909
403.561
403.213
402.865
402.517
402.17
401.823
401.476
401.129
400.783
400.436
400.09
399.745
399.399
399.054
398.709
398.364
398.019
397.675
397.331
396.987
396.643
396.299
395.956
395.613
395.271
394.928
394.586
394.244
393.902
393.56
393.219
392.878
392.537
392.196
391.856
391.516
391.176
390.836
390.496
390.157
389.818
389.479
389.141
388.803
388.465
388.127
387.789
387.452
387.115
386.778
386.441
386.105
385.768
385.433
385.097
384.761
384.426
384.091
383.756
383.422
383.087
382.753
382.42
382.086
381.753
381.42
381.087
380.754
380.422
380.089
379.758
379.426
379.094
378.763
378.432
378.101
377.771
377.441
377.111
376.781
376.451
376.122
375.793
375.464
375.136
374.807
374.479
374.151
373.824
373.496
373.169
372.842
372.515
372.189
371.863
371.537
371.211
370.886
370.56
370.235
369.911
369.586
369.262
368.938
368.614
368.29
367.967
367.644
367.321
366.999
366.676
366.354
366.033
365.711
365.39
365.068
364.748
364.427
364.107
363.786
363.467
363.147
362.828
362.508
362.189
361.871
361.552
361.234
360.916
360.599
360.281
359.964
359.647
359.33
359.014
358.698
358.382
358.066
357.751
357.436
357.121
356.806
356.491
356.177
355.863
355.55
355.236
354.923
354.61
354.297
353.985
353.673
353.361
353.049
352.738
352.427
352.116
351.805
351.495
351.185
350.875
350.565
350.256
349.946
349.638
349.329
349.021
348.713
348.405
348.097
347.79
347.483
347.176
346.869
346.563
346.257
345.951
345.646
345.341
345.036
344.731
344.427
344.122
343.819
343.515
343.212
342.908
342.606
342.303
342.001
341.699
341.397
341.095
340.794
340.493
340.192
339.892
339.592
339.292
338.992
338.693
338.394
338.095
337.797
337.498
337.2
336.903
336.605
336.308
336.011
335.715
335.418
335.122
334.827
334.531
334.236
333.941
333.646
333.352
333.058
332.764
332.471
332.178
331.885
331.592
331.3
331.008
330.716
330.424
330.133
329.842
329.552
329.262
328.972
328.682
328.392
328.103
327.814
327.526
327.238
326.95
326.662
326.375
326.088
325.801
325.515
325.229
324.943
324.657
324.372
324.087
323.803
323.518
323.234
322.951
322.667
322.384
322.102
321.819
321.537
321.256
320.974
320.693
320.412
320.132
319.852
319.572
319.292
319.013
318.734
318.456
318.178
317.9
317.622
317.345
317.068
316.792
316.516
316.24
315.964
315.689
315.414
315.14
314.866
314.592
314.318
314.045
313.773
313.5
313.228
312.956
312.685
312.414
312.144
311.873
311.603
311.334
311.065
310.796
310.527
310.259
309.992
309.724
309.457
309.191
308.925
308.659
308.393
308.128
307.863
307.599
307.335
307.072
306.809
306.546
306.283
306.021
305.76
305.499
305.238
304.977
304.717
304.458
304.199
303.94
303.682
303.424
303.166
302.909
302.652
302.396
302.14
301.885
301.63
301.375
301.121
300.867
300.614
300.361
300.109
299.857
299.605
299.354
299.103
298.853
298.603
298.354
298.105
297.857
297.609
297.361
297.114
296.868
296.621
296.376
296.131
295.886
295.642
295.398
295.155
294.912
294.67
294.428
294.187
293.946
293.706
293.466
293.226
292.988
292.749
292.512
292.274
292.038
291.801
291.566
291.33
291.096
290.861
290.628
290.395
290.162
289.93
289.699
289.468
289.237
289.007
288.778
288.549
288.321
288.094
287.867
287.64
287.414
287.189
286.964
286.74
286.516
286.293
286.071
285.849
285.627
285.407
285.187
284.967
284.748
284.53
284.312
284.095
283.879
283.663
283.448
283.234
283.02
282.806
282.594
282.382
282.17
281.96
281.75
281.54
281.331
281.123
280.916
280.709
280.503
280.298
280.093
279.889
279.686
279.483
279.281
279.08
278.879
278.679
278.48
278.281
278.084
277.887
277.69
277.495
277.3
277.106
276.912
276.72
276.528
276.336
276.146
275.956
275.767
275.579
275.392
275.205
275.019
274.834
274.65
274.466
274.284
274.102
273.921
273.74
273.561
273.382
273.204
273.027
272.851
272.675
272.5
272.327
272.154
271.981
271.81
271.64
271.47
271.301
271.133
270.966
270.8
270.635
270.47
270.306
270.144
269.982
269.821
269.661
269.502
269.343
269.186
269.03
268.874
268.719
268.566
268.413
268.261
268.11
267.96
267.811
267.663
267.516
267.369
267.224
267.08
266.936
266.794
266.652
266.512
266.372
266.234
266.096
265.96
265.824
265.689
265.556
265.423
265.292
265.161
265.031
264.903
264.775
264.649
264.523
264.399
264.275
264.153
264.032
263.911
263.792
263.674
263.557
263.441
263.325
263.211
263.099
262.987
262.876
262.766
262.658
262.55
262.444
262.338
262.234
262.131
262.029
261.928
261.828
261.729
261.631
261.535
261.439
261.345
261.252
261.16
261.069
260.979
260.89
260.803
260.717
260.631
260.547
260.464
260.382
260.302
260.222
260.144
260.067
259.991
259.916
259.842
259.77
259.698
259.628
259.559
259.491
259.425
259.359
259.295
259.232
259.17
259.109
259.05
258.991
258.934
258.878
258.823
258.77
258.718
258.666
258.616
258.568
258.52
258.474
258.429
258.385
258.342
258.3
258.26
258.221
258.183
258.147
258.111
258.077
258.044
258.012
257.982
257.952
257.924
257.897
257.871
257.847
257.824
257.802
257.781
257.761
257.743
257.726
257.71
257.695
257.681
257.669
257.658
257.648
257.639
257.632
257.626
257.621
257.617
257.614
257.613
257.613
257.614
257.616
257.619
257.624
257.63
257.637
257.645
257.654
257.665
257.677
257.69
257.704
257.719
257.736
257.753
257.772
257.792
257.814
257.836
257.86
257.884
257.91
257.937
257.965
257.995
258.025
258.057
258.09
258.124
258.159
258.195
258.232
258.271
258.31
258.351
258.393
258.436
258.48
258.525
258.571
258.619
258.667
258.717
258.767
258.819
258.871
258.925
258.98
259.036
259.093
259.151
259.21
259.27
259.331
259.393
259.456
259.52
259.585
259.652
259.719
259.787
259.856
259.926
259.997
260.069
260.142
260.216
260.291
260.366
260.443
260.521
260.599
260.679
260.759
260.84
260.922
261.005
261.089
261.174
261.259
261.346
261.433
261.521
261.61
261.7
261.79
261.882
261.974
262.067
262.161
262.255
262.35
262.446
262.543
262.64
262.739
262.838
262.937
263.037
263.138
263.24
263.342
263.445
263.549
263.653
263.758
263.864
263.97
264.077
264.184
264.292
264.4
264.51
264.619
264.729
264.84
264.951
265.063
265.175
265.288
265.401
265.515
265.629
265.744
265.859
265.974
266.09
266.206
266.323
266.44
266.557
266.675
266.793
266.912
267.031
267.15
267.269
267.389
267.509
267.629
267.75
267.871
267.992
268.113
268.235
268.357
268.478
268.601
268.723
268.845
268.968
269.091
269.213
269.336
269.459
269.583
269.706
269.829
269.952
270.076
270.199
270.323
270.446
270.57
270.693
270.816
270.94
271.063
271.186
271.309
271.432
271.555
271.678
271.801
271.923
272.046
272.168
272.29
272.412
272.534
272.655
272.777
272.898
273.018
273.139
273.259
273.379
273.499
273.618
273.737
273.856
273.974
274.092
274.21
274.327
274.444
274.56
274.677
274.792
274.907
275.022
275.136
275.25
275.364
275.476
275.589
275.701
275.812
275.923
276.033
276.142
276.251
276.36
276.468
276.575
276.682
276.788
276.893
276.998
277.102
277.205
277.308
277.41
277.511
277.612
277.712
277.811
277.909
278.007
278.104
278.2
278.295
278.389
278.483
278.576
278.668
278.759
278.849
278.939
279.027
279.115
279.202
279.288
279.373
279.457
279.54
279.622
279.704
279.784
279.864
279.942
280.019
280.096
280.171
280.246
280.319
280.392
280.463
280.534
280.603
280.671
280.739
280.805
280.87
280.934
280.997
281.059
281.119
281.179
281.238
281.295
281.351
281.406
281.46
281.513
281.565
281.615
281.665
281.713
281.76
281.806
281.851
281.894
281.936
281.977
282.017
282.056
282.093
282.129
282.164
282.198
282.231
282.262
282.292
282.321
282.348
282.374
282.399
282.423
282.446
282.467
282.487
282.505
282.523
282.539
282.554
282.567
282.579
282.59
282.6
282.608
282.615
282.621
282.625
282.628
282.63
282.631
282.63
282.628
282.624
282.62
282.614
282.606
282.597
282.588
282.576
282.564
282.55
282.534
282.518
282.5
282.481
282.46
282.439
282.416
282.391
282.365
282.338
282.31
282.28
282.25
282.217
282.184
282.149
282.113
282.076
282.037
281.997
281.956
281.913
281.869
281.824
281.778
281.73
281.681
281.631
281.58
281.527
281.473
281.418
281.362
281.304
281.245
281.185
281.124
281.061
280.998
280.933
280.867
280.799
280.731
280.661
280.59
280.518
280.445
280.37
280.295
280.218
280.14
280.061
279.981
279.9
279.817
279.734
279.649
279.563
279.477
279.389
279.3
279.21
279.118
279.026
278.933
278.839
278.743
278.647
278.549
278.451
278.352
278.251
278.15
278.047
277.944
277.84
277.734
277.628
277.521
277.413
277.304
277.194
277.083
276.971
276.858
276.745
276.63
276.515
276.399
276.282
276.164
276.046
275.926
275.806
275.685
275.563
275.44
275.317
275.193
275.068
274.942
274.816
274.689
274.561
274.433
274.304
274.174
274.043
273.912
273.78
273.648
273.515
273.381
273.247
273.112
272.976
272.84
272.704
272.567
272.429
272.291
272.152
272.013
271.873
271.733
271.592
271.451
271.309
271.167
271.024
270.881
270.738
270.594
270.45
270.305
270.161
270.015
269.87
269.724
269.577
269.431
269.284
269.137
268.989
268.841
268.693
268.545
268.396
268.248
268.099
267.949
267.8
267.651
267.501
267.351
267.201
267.051
266.9
266.75
266.599
266.448
266.298
266.147
265.996
265.845
265.694
265.543
265.392
265.241
265.089
264.938
264.787
264.636
264.485
264.334
264.183
264.032
263.881
263.731
263.58
263.429
263.279
263.129
262.979
262.829
262.679
262.529
262.379
262.23
262.081
261.932
261.783
261.635
261.486
261.338
261.19
261.043
260.896
260.748
260.602
260.455
260.309
260.163
260.018
259.873
259.728
259.583
259.439
259.295
259.152
259.009
258.866
258.724
258.582
258.44
258.299
258.159
258.018
257.879
257.739
257.601
257.462
257.324
257.187
257.05
256.913
256.777
256.642
256.507
256.373
256.239
256.105
255.973
255.84
255.709
255.577
255.447
255.317
255.187
255.059
254.93
254.803
254.676
254.549
254.423
254.298
254.173
254.05
253.926
253.804
253.681
253.56
253.439
253.319
253.2
253.081
252.963
252.846
252.729
252.613
252.498
252.383
252.269
252.156
252.044
251.932
251.821
251.711
251.601
251.492
251.384
251.277
251.17
251.064
250.959
250.855
250.751
250.648
250.546
250.445
250.344
250.244
250.145
250.047
249.949
249.853
249.757
249.661
249.567
249.474
249.381
249.289
249.197
249.107
249.017
248.929
248.841
248.753
248.667
248.581
248.496
248.412
248.329
248.247
248.165
248.084
248.004
247.925
247.847
247.769
247.693
247.617
247.542
247.467
247.394
247.321
247.249
247.178
247.108
247.039
246.97
246.902
246.835
246.769
246.704
246.639
246.575
246.512
246.45
246.389
246.328
246.269
246.21
246.152
246.094
246.038
245.982
245.927
245.873
245.82
245.767
245.716
245.665
245.614
245.565
245.517
245.469
245.422
245.375
245.33
245.285
245.241
245.198
245.156
245.114
245.073
245.033
244.994
244.955
244.917
244.88
244.844
244.808
244.774
244.739
244.706
244.673
244.642
244.61
244.58
244.55
244.521
244.493
244.465
244.438
244.412
244.387
244.362
244.338
244.315
244.292
244.27
244.249
244.228
244.208
244.189
244.17
244.152
244.135
244.118
244.102
244.087
244.072
244.058
244.044
244.032
244.019
244.008
243.997
243.987
243.977
243.968
243.959
243.952
243.944
243.938
243.931
243.926
243.921
243.917
243.913
243.91
243.907
243.905
243.903
243.902
243.902
243.902
243.903
243.904
243.906
243.908
243.911
243.914
243.918
243.922
243.927
243.932
243.938
243.944
243.951
243.958
243.965
243.974
243.982
243.991
244.001
244.011
244.021
244.032
244.044
244.055
244.067
244.08
244.093
244.107
244.12
244.135
244.149
244.164
244.18
244.196
244.212
244.229
244.245
244.263
244.281
244.299
244.317
244.336
244.355
244.374
244.394
244.414
244.435
244.456
244.477
244.498
244.52
244.542
244.564
244.587
244.61
244.633
244.657
244.681
244.705
244.729
244.754
244.778
244.804
244.829
244.855
244.88
244.907
244.933
244.96
244.986
245.013
245.041
245.068
245.096
245.124
245.152
245.18
245.209
245.237
245.266
245.295
245.324
245.354
245.383
245.413
245.443
245.473
245.503
245.534
245.564
245.595
245.626
245.657
245.688
245.719
245.75
245.782
245.813
245.845
245.877
245.908
245.94
245.972
246.005
246.037
246.069
246.102
246.134
246.167
246.199
246.232
246.265
246.298
246.331
246.363
246.396
246.43
246.463
246.496
246.529
246.562
246.595
246.629
246.662
246.695
246.729
246.762
246.795
246.829
246.862
246.895
246.929
246.962
246.996
247.029
247.062
247.096
247.129
247.162
247.196
247.229
247.262
247.295
247.329
247.362
247.395
247.428
247.461
247.494
247.527
247.56
247.592
247.625
247.658
247.691
247.723
247.756
247.788
247.82
247.853
247.885
247.917
247.949
247.981
248.013
248.045
248.077
248.108
248.14
248.171
248.203
248.234
248.265
248.296
248.327
248.358
248.389
248.419
248.45
248.48
248.51
248.541
248.571
248.601
248.63
248.66
248.69
248.719
248.748
248.777
248.807
248.835
248.864
248.893
248.921
248.95
248.978
249.006
249.034
249.062
249.089
249.117
249.144
249.171
249.199
249.225
249.252
249.279
249.305
249.332
249.358
249.384
249.409
249.435
249.461
249.486
249.511
249.536
249.561
249.586
249.61
249.635
249.659
249.683
249.707
249.73
249.754
249.777
249.8
249.823
249.846
249.869
249.891
249.913
249.935
249.957
249.979
250.001
250.022
250.043
250.064
250.085
250.106
250.126
250.147
250.167
250.187
250.207
250.226
250.246
250.265
250.284
250.303
250.322
250.34
250.358
250.377
250.395
250.412
250.43
250.447
250.465
250.482
250.499
250.515
250.532
250.548
250.564
250.58
250.596
250.612
250.627
250.642
250.657
250.672
250.687
250.701
250.716
250.73
250.744
250.758
250.771
250.785
250.798
250.811
250.824
250.837
250.849
250.862
250.874
250.886
250.898
250.909
250.921
250.932
250.943
250.954
250.965
250.976
250.986
250.997
251.007
251.017
251.027
251.036
251.046
251.055
251.064
251.073
251.082
251.09
251.099
251.107
251.115
251.123
251.131
251.139
251.146
251.154
251.161
251.168
251.175
251.182
251.188
251.195
251.201
251.207
251.213
251.219
251.225
251.23
251.236
251.241
251.246
251.251
251.256
251.261
251.265
251.27
251.274
251.278
251.282
251.286
251.29
251.293
251.297
251.3
251.303
251.306
251.309
251.312
251.315
251.318
251.32
251.323
251.325
251.327
251.329
251.331
251.333
251.334
251.336
251.337
251.339
251.34
251.341
251.342
251.343
251.344
251.345
251.345
251.346
251.346
251.347
251.347
251.347
251.347
251.347
251.347
251.347
251.347
251.346
251.346
251.346
251.345
251.344
251.344
251.343
251.342
251.341
251.34
251.339
251.338
251.336
251.335
251.334
251.332
251.331
251.329
251.328
251.326
251.324
251.323
251.321
251.319
251.317
251.315
251.313
251.311
251.309
251.307
251.305
251.303
251.3
251.298
251.296
251.293
251.291
251.289
251.286
251.284
251.281
251.279
251.276
251.274
251.271
251.269
251.266
251.264
251.261
251.259
251.256
251.253
251.251
251.248
251.246
251.243
251.241
251.238
251.235
251.233
251.23
251.228
251.225
251.223
251.22
251.218
251.215
251.213
251.21
251.208
251.206
251.203
251.201
251.199
251.196
251.194
251.192
251.19
251.188
251.186
251.184
251.182
251.18
251.178
251.176
251.175
251.173
251.171
251.17
251.168
251.167
251.165
251.164
251.163
251.161
251.16
251.159
251.158
251.157
251.156
251.155
251.155
251.154
251.154
251.153
251.153
251.152
251.152
251.152
251.152
251.152
251.152
251.153
251.153
251.153
251.154
251.155
251.155
251.156
251.157
251.158
251.16
251.161
251.162
251.164
251.166
251.167
251.169
251.171
251.173
251.176
251.178
251.181
251.183
251.186
251.189
251.192
251.195
251.199
251.202
251.206
251.21
251.214
251.218
251.222
251.226
251.231
251.235
251.24
251.245
251.25
251.255
251.261
251.267
251.272
251.278
251.284
251.291
251.297
251.304
251.31
251.317
251.325
251.332
251.339
251.347
251.355
251.363
251.371
251.379
251.388
251.397
251.406
251.415
251.424
251.434
251.444
251.453
251.464
251.474
251.484
251.495
251.506
251.517
251.529
251.54
251.552
251.564
251.576
251.589
251.601
251.614
251.627
251.64
251.654
251.668
251.681
251.696
251.71
251.725
251.739
251.755
251.77
251.785
251.801
251.817
251.833
251.85
251.867
251.884
251.901
251.918
251.936
251.954
251.972
251.99
252.009
252.028
252.047
252.066
252.086
252.106
252.126
252.147
252.167
252.188
252.209
252.231
252.253
252.275
252.297
252.319
252.342
252.365
252.389
252.412
252.436
252.46
252.484
252.509
252.534
252.559
252.585
252.611
252.637
252.663
252.69
252.716
252.744
252.771
252.799
252.827
252.855
252.884
252.913
252.942
252.971
253.001
253.031
253.061
253.092
253.123
253.154
253.186
253.217
253.249
253.282
253.315
253.348
253.381
253.414
253.448
253.483
253.517
253.552
253.587
253.622
253.658
253.694
253.731
253.767
253.804
253.841
253.879
253.917
253.955
253.994
254.032
254.072
254.111
254.151
254.191
254.231
254.272
254.313
254.354
254.396
254.438
254.48
254.523
254.566
254.609
254.653
254.697
254.741
254.785
254.83
254.876
254.921
254.967
255.013
255.06
255.106
255.154
255.201
255.249
255.297
255.345
255.394
255.443
255.493
255.543
255.593
255.643
255.694
255.745
255.797
255.848
255.9
255.953
256.006
256.059
256.112
256.166
256.22
256.274
256.329
256.384
256.44
256.495
256.552
256.608
256.665
256.722
256.779
256.837
256.895
256.954
257.012
257.072
257.131
257.191
257.251
257.311
257.372
257.433
257.495
257.557
257.619
257.681
257.744
257.807
257.871
257.934
257.999
258.063
258.128
258.193
258.259
258.324
258.391
258.457
258.524
258.591
258.659
258.726
258.795
258.863
258.932
259.001
259.071
259.14
259.211
259.281
259.352
259.423
259.495
259.567
259.639
259.711
259.784
259.857
259.931
260.005
260.079
260.153
260.228
260.303
260.379
260.454
260.531
260.607
260.684
260.761
260.838
260.916
260.994
261.073
261.151
261.23
261.31
261.39
261.47
261.55
261.631
261.712
261.793
261.875
261.957
262.039
262.122
262.204
262.288
262.371
262.455
262.539
262.624
262.709
262.794
262.879
262.965
263.051
263.138
263.224
263.311
263.399
263.486
263.574
263.662
263.751
263.84
263.929
264.018
264.108
264.198
264.289
264.379
264.47
264.562
264.653
264.745
264.837
264.93
265.023
265.116
265.209
265.303
265.397
265.491
265.585
265.68
265.775
265.871
265.967
266.063
266.159
266.255
266.352
266.449
266.547
266.644
266.742
266.841
266.939
267.038
267.137
267.236
267.336
267.436
267.536
267.637
267.737
267.838
267.94
268.041
268.143
268.245
268.347
268.45
268.553
268.656
268.759
268.863
268.967
269.071
269.175
269.28
269.385
269.49
269.595
269.701
269.807
269.913
270.02
270.126
270.233
270.34
270.448
270.555
270.663
270.771
270.88
270.988
271.097
271.206
271.315
271.425
271.534
271.644
271.755
271.865
271.976
272.086
272.197
272.309
272.42
272.532
272.644
272.756
272.869
272.981
273.094
273.207
273.32
273.434
273.547
273.661
273.775
273.889
274.004
274.118
274.233
274.348
274.463
274.579
274.694
274.81
274.926
275.042
275.159
275.275
275.392
275.509
275.626
275.743
275.861
275.978
276.096
276.214
276.332
276.45
276.569
276.687
276.806
276.925
277.044
277.164
277.283
277.403
277.522
277.642
277.762
277.882
278.003
278.123
278.244
278.365
278.486
278.607
278.728
278.849
278.971
279.092
279.214
279.336
279.458
279.58
279.702
279.825
279.947
280.07
280.193
280.316
280.439
280.562
280.685
280.808
280.932
281.055
281.179
281.303
281.427
281.55
281.675
281.799
281.923
282.047
282.172
282.296
282.421
282.546
282.67
282.795
282.92
283.045
283.17
283.296
283.421
283.546
283.672
283.797
283.923
284.048
284.174
284.3
284.426
284.552
284.677
284.803
284.93
285.056
285.182
285.308
285.434
285.561
285.687
285.813
285.94
286.066
286.193
286.319
286.446
286.572
286.699
286.826
286.952
287.079
287.206
287.333
287.459
287.586
287.713
287.84
287.967
288.093
288.22
288.347
288.474
288.601
288.728
288.855
288.981
289.108
289.235
289.362
289.489
289.616
289.743
289.869
289.996
290.123
290.25
290.376
290.503
290.63
290.756
290.883
291.01
291.136
291.263
291.389
291.516
291.642
291.768
291.895
292.021
292.147
292.273
292.399
292.526
292.652
292.778
292.903
293.029
293.155
293.281
293.407
293.532
293.658
293.783
293.908
294.034
294.159
294.284
294.409
294.534
294.659
294.784
294.909
295.034
295.158
295.283
295.407
295.531
295.656
295.78
295.904
296.028
296.152
296.275
296.399
296.522
296.646
296.769
296.892
297.015
297.138
297.261
297.384
297.507
297.629
297.752
297.874
297.996
298.118
298.24
298.362
298.483
298.605
298.726
298.848
298.969
299.09
299.211
299.331
299.452
299.572
299.693
299.813
299.933
300.053
300.173
300.292
300.412
300.531
300.65
300.769
300.888
301.007
301.125
301.244
301.362
301.48
301.598
301.716
301.833
301.951
302.068
302.185
302.302
302.419
302.536
302.652
302.769
302.885
303.001
303.117
303.232
303.348
303.463
303.579
303.694
303.808
303.923
304.038
304.152
304.266
304.381
304.494
304.608
304.722
304.835
304.949
305.062
305.175
305.287
305.4
305.513
305.625
305.737
305.849
305.961
306.073
306.184
306.296
306.407
306.518
306.629
306.74
306.85
306.961
307.071
307.182
307.292
307.402
307.511
307.621
307.731
307.84
307.949
308.059
308.168
308.277
308.385
308.494
308.603
308.711
308.82
308.928
309.036
309.144
309.252
309.36
309.468
309.576
309.683
309.791
309.898
310.006
310.113
310.22
310.327
310.435
310.542
310.649
310.756
310.863
310.97
311.077
311.184
311.291
311.398
311.504
311.611
311.718
311.825
311.932
312.039
312.146
312.253
312.36
312.467
312.575
312.682
312.789
312.896
313.004
313.111
313.219
313.327
313.435
313.543
313.651
313.759
313.868
313.976
314.085
314.194
314.303
314.412
314.521
314.631
314.741
314.851
314.961
315.072
315.183
315.294
315.405
315.517
315.629
315.741
315.854
315.967
316.08
316.193
316.307
316.422
316.536
316.651
316.767
316.883
316.999
317.116
317.233
317.351
317.469
317.587
317.707
317.826
317.946
318.067
318.188
318.31
318.433
318.556
318.679
318.804
318.929
319.054
319.18
319.307
319.435
319.563
319.692
319.822
319.952
320.084
320.216
320.349
320.482
320.617
320.752
320.888
321.025
321.163
321.302
321.442
321.582
321.724
321.867
322.01
322.155
322.3
322.447
322.595
322.743
322.893
323.044
323.196
323.349
323.504
323.659
323.816
323.973
324.132
324.292
324.454
324.617
324.781
324.946
325.112
325.28
325.449
325.62
325.792
325.965
326.139
326.315
326.493
326.672
326.852
327.034
327.217
327.402
327.588
327.776
327.965
328.156
328.349
328.543
328.738
328.935
329.134
329.335
329.537
329.74
329.946
330.153
330.361
330.572
330.784
330.998
331.213
331.43
331.65
331.87
332.093
332.317
332.543
332.771
333.001
333.232
333.466
333.701
333.938
334.176
334.417
334.659
334.904
335.15
335.398
335.648
335.899
336.153
336.408
336.665
336.925
337.186
337.448
337.713
337.98
338.248
338.518
338.791
339.065
339.34
339.618
339.898
340.179
340.462
340.747
341.034
341.323
341.613
341.905
342.199
342.495
342.793
343.092
343.393
343.696
344
344.307
344.615
344.924
345.235
345.548
345.863
346.179
346.496
346.815
347.136
347.458
347.782
348.107
348.434
348.762
349.092
349.423
349.755
350.089
350.424
350.76
351.097
351.436
351.776
352.117
352.459
352.803
353.147
353.492
353.839
354.186
354.534
354.884
355.234
355.585
355.936
356.289
356.642
356.996
357.35
357.705
358.061
358.417
358.773
359.13
359.488
359.845
360.203
360.561
360.92
361.278
361.637
361.995
362.354
362.713
363.071
363.429
363.787
364.145
364.503
364.86
365.217
365.573
365.929
366.284
366.639
366.993
367.346
367.698
368.05
368.4
368.75
369.098
369.446
369.792
370.137
370.481
370.824
371.165
371.505
371.843
372.18
372.515
372.849
373.18
373.51
373.839
374.165
374.489
374.811
375.132
375.45
375.765
376.079
376.39
376.699
377.006
377.31
377.612
377.91
378.207
378.5
378.791
379.079
379.365
379.647
379.926
380.203
380.476
380.746
381.013
381.277
381.538
381.796
382.05
382.3
382.548
382.792
383.032
383.269
383.503
383.733
383.959
384.182
384.401
384.616
384.828
385.036
385.24
385.441
385.638
385.831
386.02
386.206
386.388
386.566
386.74
386.911
387.078
387.241
387.401
387.557
387.709
387.858
388.003
388.144
388.283
388.417
388.548
388.676
388.801
388.923
389.041
389.156
389.268
389.378
389.484
389.588
389.689
389.788
389.884
389.978
390.07
390.159
390.247
390.333
390.417
390.5
390.581
390.661
390.74
390.818
390.896
390.973
391.049
391.126
391.202
391.279
391.356
391.434
391.513
391.592
391.673
391.756
391.84
391.927
392.016
392.107
392.201
392.298
392.398
392.502
392.609
392.721
392.837
392.958
393.083
393.214
393.35
393.492
393.64
393.794
393.955
394.122
394.297
394.479
394.669
394.866
395.072
395.286
395.509
395.742
395.983
396.234
396.494
396.764
397.045
397.336
397.638
397.95
398.273
398.608
398.954
399.311
399.68
400.061
400.453
400.858
401.275
401.704
402.145
402.598
403.064
403.542
404.032
404.535
405.05
405.577
406.116
406.667
407.23
407.804
408.39
408.988
409.597
410.216
410.847
411.487
412.138
412.799
413.469
414.148
414.836
415.532
416.235
416.947
417.665
418.389
419.119
419.855
420.595
421.34
422.088
422.838
423.591
424.346
425.101
425.857
426.612
427.365
428.117
428.865
429.61
430.351
431.086
431.814
432.536
433.25
433.955
434.651
435.336
436.01
436.671
437.319
437.954
438.573
439.176
439.763
440.332
440.882
441.413
441.924
442.413
442.881
443.325
443.746
444.143
444.514
444.859
445.176
445.467
445.729
445.961
446.164
446.337
446.478
446.587
446.665
446.709
446.72
446.697
446.639
446.547
446.419
446.256
446.056
445.821
445.548
445.239
444.893
444.51
444.089
443.631
443.135
442.602
442.031
441.423
440.777
440.095
439.375
438.618
437.824
436.995
436.129
435.227
434.291
433.319
432.313
431.273
430.199
429.092
427.954
426.783
425.581
424.349
423.087
421.797
420.477
419.131
417.757
416.358
414.934
413.485
412.013
410.519
409.003
407.466
405.91
404.335
402.741
401.131
399.505
397.864
396.209
394.541
392.861
391.17
389.469
387.758
386.039
384.314
382.581
380.844
379.102
377.357
375.609
373.86
372.11
370.36
368.611
366.864
365.12
363.38
361.644
359.913
358.188
356.47
354.759
353.057
351.363
349.679
348.005
346.341
344.69
343.05
341.422
339.808
338.208
336.621
335.049
333.491
331.949
330.423
328.913
327.42
325.943
324.483
323.04
321.615
320.208
318.819
317.447
316.095
314.76
313.444
312.147
310.869
309.609
308.368
307.147
305.943
304.759
303.594
302.447
301.319
300.209
299.118
298.046
296.991
295.955
294.937
293.937
292.954
291.989
291.041
290.11
289.196
288.299
287.418
286.553
285.705
284.872
284.054
283.252
282.465
281.692
280.934
280.19
279.46
278.744
278.041
277.351
276.674
276.009
275.357
274.717
274.088
273.471
272.865
272.27
271.685
271.111
270.547
269.993
269.448
268.912
268.386
267.869
267.359
266.859
266.366
265.881
265.404
264.934
264.471
264.015
263.566
263.124
262.687
262.257
261.833
261.414
261.001
260.593
260.19
259.792
259.399
259.011
258.627
258.247
257.872
257.5
257.132
256.768
256.408
256.051
255.697
255.347
254.999
254.655
254.313
253.974
253.638
253.304
252.973
252.644
252.317
251.992
251.67
251.349
251.03
250.713
250.398
250.084
249.772
249.462
249.153
248.845
248.539
248.234
247.93
247.628
247.327
247.026
246.727
246.429
246.131
245.835
245.54
245.245
244.951
244.658
244.365
244.074
243.783
243.492
243.202
242.913
242.625
242.336
242.049
241.762
241.475
241.189
240.903
240.617
240.332
240.048
239.763
239.479
239.196
238.912
238.629
238.346
238.064
237.782
237.499
237.218
236.936
236.655
236.373
236.092
235.811
235.531
235.25
234.97
234.689
234.409
234.129
233.849
233.569
233.29
233.01
232.73
232.451
232.172
231.892
231.613
231.334
231.055
230.776
230.497
230.218
229.939
229.66
229.381
229.102
228.823
228.545
228.266
227.987
227.708
227.43
227.151
226.872
226.593
226.315
226.036
225.757
225.479
225.2
224.921
224.642
224.363
224.085
223.806
223.527
223.248
222.969
222.69
222.411
222.132
221.853
221.574
221.295
221.016
220.737
220.457
220.178
219.899
219.62
219.34
219.061
218.781
218.502
218.222
217.943
217.663
217.384
217.104
216.824
216.545
216.265
215.985
215.705
215.425
215.145
214.865
214.585
214.305
214.025
213.744
213.464
213.184
212.904
212.623
212.343
212.062
211.782
211.501
211.221
210.94
210.659
210.379
210.098
209.817
209.536
209.255
208.974
208.694
208.413
208.132
207.85
207.569
207.288
207.007
206.726
206.445
206.163
205.882
205.601
205.32
205.038
204.757
204.475
204.194
203.912
203.631
203.349
203.068
202.786
202.505
202.223
201.942
201.66
201.378
201.097
200.815
200.533
200.252
199.97
199.688
199.406
199.125
198.843
198.561
198.279
197.998
197.716
197.434
197.152
196.871
196.589
196.307
196.025
195.744
195.462
195.18
194.899
194.617
194.335
194.053
193.772
193.49
193.208
192.927
192.645
192.364
192.082
191.801
191.519
191.238
190.956
190.675
190.393
190.112
189.831
189.549
189.268
188.987
188.706
188.424
188.143
187.862
187.581
187.3
187.019
186.738
186.457
186.177
185.896
185.615
185.335
185.054
184.773
184.493
184.212
183.932
183.652
183.371
183.091
182.811
182.531
182.251
181.971
181.691
181.412
181.132
180.852
180.573
180.293
180.014
179.734
179.455
179.176
178.897
178.618
178.339
178.06
177.781
177.503
177.224
176.946
176.667
176.389
176.111
175.833
175.555
175.277
174.999
174.722
174.444
174.167
173.889
173.612
173.335
173.058
172.781
172.504
172.227
171.951
171.674
171.398
171.122
170.846
170.57
170.294
170.018
169.743
169.467
169.192
168.917
168.642
168.367
168.092
167.818
167.543
167.269
166.994
166.72
166.447
166.173
165.899
165.626
165.352
165.079
164.806
164.533
164.261
163.988
163.716
163.444
163.171
162.9
162.628
162.356
162.085
161.814
161.543
161.272
161.001
160.731
160.46
160.19
159.92
159.65
159.381
159.111
158.842
158.573
158.304
158.035
157.767
157.498
157.23
156.962
156.695
156.427
156.16
155.893
155.626
155.359
155.093
154.826
154.56
154.294
154.029
153.763
153.498
153.233
152.968
152.704
152.439
152.175
151.911
151.647
151.384
151.121
150.858
150.595
150.332
150.07
149.808
149.546
149.285
149.023
148.762
148.501
148.241
147.98
147.72
147.46
147.2
146.941
146.682
146.423
146.164
145.906
145.648
145.39
145.133
144.875
144.618
144.361
144.105
143.849
143.593
143.337
143.081
142.826
142.571
142.317
142.062
141.808
141.555
141.301
141.048
140.795
140.543
140.29
140.038
139.787
139.535
139.284
139.033
138.783
138.532
138.282
138.033
137.784
137.535
137.286
137.037
136.789
136.542
136.294
136.047
135.8
135.554
135.308
135.062
134.816
134.571
134.326
134.082
133.838
133.594
133.35
133.107
132.864
132.622
132.38
132.138
131.896
131.655
131.414
131.174
130.934
130.694
130.455
130.216
129.977
129.739
129.501
129.264
129.026
128.79
128.553
128.317
128.081
127.846
127.611
127.376
127.142
126.908
126.675
126.442
126.209
125.977
125.745
125.513
125.282
125.052
124.821
124.591
124.362
124.133
123.904
123.676
123.448
123.22
122.993
122.766
122.54
122.314
122.089
121.864
121.639
121.415
121.191
120.967
120.745
120.522
120.3
120.078
119.857
119.636
119.416
119.196
118.976
118.757
118.539
118.321
118.103
117.886
117.669
117.453
117.237
117.021
116.806
116.592
116.378
116.164
115.951
115.738
115.526
115.314
115.103
114.892
114.682
114.472
114.262
114.053
113.845
113.637
113.43
113.223
113.016
112.81
112.605
112.4
112.195
111.991
111.787
111.584
111.382
111.18
110.978
110.777
110.577
110.377
110.177
109.978
109.78
109.582
109.384
109.187
108.991
108.795
108.6
108.405
108.211
108.017
107.824
107.631
107.439
107.247
107.056
106.866
106.676
106.486
106.297
106.109
105.921
105.734
105.547
105.361
105.176
104.991
104.806
104.622
104.439
104.256
104.074
103.892
103.711
103.531
103.351
103.171
102.993
102.814
102.637
102.46
102.283
102.107
101.932
101.757
101.583
101.41
101.237
101.065
100.893
100.722
100.551
100.381
100.212
100.043
99.8753
99.7078
99.5409
99.3747
99.209
99.044
98.8796
98.7158
98.5526
98.39
98.2281
98.0668
97.9061
97.7461
97.5866
97.4279
97.2697
97.1122
96.9553
96.799
96.6434
96.4885
96.3342
96.1805
96.0274
95.8751
95.7233
95.5722
95.4218
95.272
95.1229
94.9744
94.8266
94.6795
94.533
94.3871
94.242
94.0975
93.9536
93.8105
93.668
93.5262
93.385
93.2445
93.1047
92.9656
92.8272
92.6894
92.5523
92.4159
92.2802
92.1452
92.0108
91.8772
91.7442
91.6119
91.4803
91.3494
91.2192
91.0897
90.9609
90.8328
90.7054
90.5787
90.4527
90.3274
90.2028
90.0789
89.9557
89.8333
89.7115
89.5905
89.4701
89.3505
89.2316
89.1134
88.9959
88.8791
88.7631
88.6478
88.5332
88.4193
88.3061
88.1937
88.082
87.971
87.8607
87.7512
87.6424
87.5343
87.427
87.3204
87.2145
87.1094
87.005
86.9013
86.7984
86.6962
86.5947
86.494
86.394
86.2948
86.1963
86.0986
86.0016
85.9053
85.8098
85.715
85.621
85.5277
85.4352
85.3434
85.2524
85.1621
85.0726
84.9838
84.8958
84.8085
84.722
84.6362
84.5512
84.4669
84.3834
84.3007
84.2187
84.1375
84.057
83.9773
83.8983
83.8201
83.7426
83.666
83.59
83.5149
83.4405
83.3668
83.2939
83.2218
83.1504
83.0798
83.01
82.9409
82.8726
82.8051
82.7383
82.6722
82.607
82.5425
82.4787
82.4158
82.3535
82.2921
82.2314
82.1715
82.1123
82.0539
81.9963
81.9394
81.8833
81.8279
81.7734
81.7195
81.6665
81.6142
81.5626
81.5118
81.4618
81.4126
81.3641
81.3163
81.2693
81.2231
81.1776
81.1329
81.089
81.0458
81.0034
80.9617
80.9208
80.8806
80.8412
80.8025
80.7646
80.7274
80.691
80.6554
80.6205
80.5863
80.5529
80.5203
80.4884
80.4572
80.4268
80.3971
80.3682
80.34
80.3125
80.2858
80.2599
80.2346
80.2101
80.1864
80.1634
80.1411
80.1195
80.0987
80.0786
80.0593
80.0406
80.0227
80.0055
79.9891
79.9734
79.9583
79.9441
79.9305
79.9176
79.9055
79.8941
79.8834
79.8734
79.8641
79.8555
79.8476
79.8404
79.834
79.8282
79.8231
79.8188
79.8151
79.8121
79.8098
79.8082
79.8073
79.8071
79.8076
79.8087
79.8106
79.8131
79.8163
79.8201
79.8247
79.8299
79.8357
79.8423
79.8495
79.8573
79.8659
79.8751
79.8849
79.8954
79.9065
79.9183
79.9308
79.9438
79.9576
79.9719
79.9869
80.0025
80.0188
80.0357
80.0532
80.0713
80.0901
80.1095
80.1295
80.1501
80.1713
80.1931
80.2155
80.2385
80.2622
80.2864
80.3112
80.3366
80.3626
80.3892
80.4163
80.444
80.4723
80.5012
80.5306
80.5607
80.5912
80.6223
80.654
80.6863
80.719
80.7524
80.7862
80.8207
80.8556
80.8911
80.9271
80.9636
81.0007
81.0382
81.0763
81.1149
81.154
81.1936
81.2338
81.2744
81.3155
81.3571
81.3991
81.4417
81.4847
81.5282
81.5722
81.6167
81.6616
81.7069
81.7528
81.799
81.8458
81.8929
81.9405
81.9886
82.037
82.0859
82.1353
82.185
82.2352
82.2857
82.3367
82.3881
82.4398
82.492
82.5446
82.5975
82.6508
82.7045
82.7586
82.813
82.8678
82.923
82.9785
83.0344
83.0906
83.1471
83.204
83.2613
83.3188
83.3767
83.4349
83.4934
83.5522
83.6113
83.6707
83.7304
83.7904
83.8507
83.9113
83.9721
84.0333
84.0946
84.1563
84.2182
84.2803
84.3427
84.4054
84.4683
84.5314
84.5947
84.6583
84.7221
84.7861
84.8503
84.9147
84.9793
85.0441
85.1091
85.1742
85.2396
85.3051
85.3708
85.4367
85.5027
85.5688
85.6351
85.7016
85.7682
85.8349
85.9017
85.9687
86.0358
86.1029
86.1702
86.2376
86.3051
86.3727
86.4404
86.5081
86.5759
86.6438
86.7118
86.7798
86.8478
86.9159
86.9841
87.0523
87.1205
87.1887
87.257
87.3253
87.3935
87.4618
87.5301
87.5984
87.6667
87.7349
87.8031
87.8713
87.9395
88.0076
88.0757
88.1437
88.2117
88.2796
88.3475
88.4153
88.483
88.5506
88.6181
88.6855
88.7529
88.8201
88.8872
88.9542
89.0211
89.0878
89.1545
89.2209
89.2873
89.3535
89.4195
89.4854
89.5511
89.6166
89.682
89.7472
89.8122
89.877
89.9416
90.006
90.0702
90.1342
90.1979
90.2615
90.3248
90.3878
90.4507
90.5132
90.5756
90.6376
90.6995
90.761
90.8223
90.8832
90.9439
91.0044
91.0645
91.1243
91.1838
91.243
91.3019
91.3605
91.4187
91.4766
91.5342
91.5914
91.6483
91.7048
91.7609
91.8167
91.8722
91.9272
91.9819
92.0362
92.0901
92.1436
92.1967
92.2494
92.3017
92.3536
92.4051
92.4561
92.5067
92.5569
92.6066
92.6559
92.7047
92.7531
92.8011
92.8485
92.8955
92.942
92.9881
93.0336
93.0787
93.1232
93.1673
93.2109
93.2539
93.2965
93.3385
93.38
93.421
93.4615
93.5014
93.5408
93.5796
93.6179
93.6556
93.6928
93.7294
93.7654
93.8009
93.8358
93.8701
93.9038
93.937
93.9695
94.0015
94.0328
94.0636
94.0937
94.1232
94.1521
94.1804
94.208
94.2351
94.2615
94.2872
94.3123
94.3368
94.3606
94.3837
94.4062
94.4281
94.4492
94.4697
94.4896
94.5087
94.5272
94.545
94.5621
94.5785
94.5942
94.6092
94.6235
94.6371
94.65
94.6622
94.6736
94.6844
94.6944
94.7037
94.7123
94.7201
94.7273
94.7336
94.7393
94.7441
94.7483
94.7517
94.7543
94.7562
94.7573
94.7576
94.7572
94.7561
94.7541
94.7514
94.7479
94.7436
94.7386
94.7327
94.7261
94.7187
94.7105
94.7015
94.6917
94.6811
94.6697
94.6576
94.6446
94.6308
94.6161
94.6007
94.5845
94.5674
94.5496
94.5309
94.5114
94.491
94.4699
94.4479
94.4251
94.4014
94.377
94.3517
94.3255
94.2985
94.2707
94.242
94.2125
94.1822
94.151
94.119
94.0861
94.0524
94.0178
93.9824
93.9461
93.909
93.871
93.8321
93.7924
93.7519
93.7105
93.6682
93.6251
93.5811
93.5362
93.4905
93.4439
93.3965
93.3482
93.299
93.249
93.1981
93.1463
93.0937
93.0402
92.9859
92.9306
92.8745
92.8176
92.7598
92.7011
92.6415
92.5811
92.5198
92.4576
92.3946
92.3307
92.2659
92.2003
92.1338
92.0664
91.9982
91.9291
91.8591
91.7883
91.7166
91.6441
91.5707
91.4964
91.4212
91.3452
91.2684
91.1907
91.1121
91.0327
90.9524
90.8712
90.7892
90.7064
90.6227
90.5381
90.4527
90.3664
90.2793
90.1914
90.1026
90.0129
89.9224
89.8311
89.7389
89.6459
89.5521
89.4574
89.3619
89.2655
89.1684
89.0704
88.9715
88.8719
88.7714
88.6701
88.568
88.465
88.3613
88.2567
88.1513
88.0451
87.9381
87.8303
87.7217
87.6123
87.5021
87.3911
87.2793
87.1667
87.0533
86.9391
86.8242
86.7084
86.5919
86.4746
86.3565
86.2377
86.1181
85.9977
85.8766
85.7547
85.632
85.5086
85.3844
85.2595
85.1338
85.0074
84.8803
84.7524
84.6238
84.4944
84.3643
84.2335
84.102
83.9697
83.8367
83.7031
83.5687
83.4336
83.2977
83.1612
83.024
82.8861
82.7476
82.6083
82.4683
82.3277
82.1864
82.0444
81.9018
81.7585
81.6145
81.4698
81.3246
81.1786
81.032
80.8848
80.7369
80.5884
80.4393
80.2895
80.1392
79.9882
79.8365
79.6843
79.5315
79.378
79.224
79.0693
78.9141
78.7583
78.6019
78.4449
78.2874
78.1292
77.9705
77.8113
77.6514
77.4911
77.3302
77.1687
77.0067
76.8441
76.6811
76.5174
76.3533
76.1887
76.0235
75.8578
75.6916
75.5249
75.3577
75.1901
75.0219
74.8532
74.6841
74.5145
74.3444
74.1739
74.0029
73.8314
73.6595
73.4871
73.3143
73.141
72.9674
72.7932
72.6187
72.4437
72.2684
72.0926
71.9164
71.7398
71.5628
71.3854
71.2077
71.0295
70.851
70.6721
70.4928
70.3132
70.1332
69.9528
69.7721
69.5911
69.4097
69.228
69.0459
68.8635
68.6808
68.4978
68.3145
68.1309
67.947
67.7627
67.5782
67.3934
67.2083
67.0229
66.8373
66.6514
66.4652
66.2788
66.0921
65.9052
65.718
65.5306
65.343
65.1551
64.967
64.7787
64.5902
64.4014
64.2125
64.0233
63.834
63.6445
63.4548
63.2649
63.0748
62.8846
62.6941
62.5036
62.3129
62.122
61.9309
61.7398
61.5485
61.357
61.1655
60.9738
60.782
60.5901
60.398
60.2059
60.0137
59.8213
59.6289
59.4364
59.2438
59.0512
58.8584
58.6657
58.4728
58.2799
58.0869
57.8939
57.7008
57.5077
57.3146
57.1214
56.9282
56.735
56.5418
56.3486
56.1553
55.9621
55.7688
55.5756
55.3824
55.1892
54.996
54.8028
54.6097
54.4166
54.2235
54.0305
53.8375
53.6446
53.4517
53.2589
53.0661
52.8735
52.6809
52.4883
52.2959
52.1035
51.9112
51.719
51.527
51.335
51.1431
50.9513
50.7597
50.5681
50.3767
50.1854
49.9943
49.8033
49.6124
49.4216
49.231
49.0406
48.8503
48.6602
48.4702
48.2804
48.0908
47.9013
47.712
47.5229
47.334
47.1453
46.9568
46.7684
46.5803
46.3924
46.2046
46.0171
45.8298
45.6427
45.4559
45.2692
45.0828
44.8967
44.7107
44.525
44.3396
44.1544
43.9694
43.7847
43.6002
43.4161
43.2321
43.0485
42.8651
42.682
42.4991
42.3166
42.1343
41.9523
41.7706
41.5892
41.408
41.2272
41.0467
40.8665
40.6866
40.507
40.3277
40.1487
39.9701
39.7917
39.6137
39.4361
39.2587
39.0817
38.905
38.7287
38.5527
38.377
38.2017
38.0268
37.8522
37.6779
37.504
37.3305
37.1573
36.9845
36.8121
36.64
36.4683
36.297
36.126
35.9555
35.7853
35.6155
35.4461
35.277
35.1084
34.9402
34.7723
34.6049
34.4378
34.2711
34.1049
33.9391
33.7736
33.6086
33.444
33.2798
33.116
32.9526
32.7897
32.6271
32.465
32.3034
32.1421
31.9813
31.8209
31.6609
31.5014
31.3423
31.1836
31.0254
30.8676
30.7103
30.5534
30.397
30.241
30.0854
29.9303
29.7756
29.6214
29.4677
29.3144
29.1615
29.0092
28.8572
28.7058
28.5548
28.4042
28.2542
28.1045
27.9554
27.8067
27.6585
27.5108
27.3635
27.2167
27.0704
26.9245
26.7792
26.6343
26.4898
26.3459
26.2024
26.0594
25.9169
25.7749
25.6333
25.4923
25.3517
25.2116
25.0719
24.9328
24.7942
24.656
24.5183
24.3812
24.2445
24.1082
23.9725
23.8373
23.7026
23.5683
23.4346
23.3013
23.1685
23.0362
22.9044
22.7732
22.6423
22.512
22.3822
22.2529
22.1241
21.9958
21.8679
21.7406
21.6137
21.4874
21.3615
21.2362
21.1113
20.9869
20.8631
20.7397
20.6168
20.4944
20.3726
20.2512
20.1303
20.0099
19.89
19.7706
19.6517
19.5332
19.4153
19.2979
19.181
19.0645
18.9486
18.8331
18.7182
18.6037
18.4898
18.3763
18.2633
18.1508
18.0388
17.9273
17.8163
17.7058
17.5958
17.4862
17.3772
17.2686
17.1605
17.053
16.9459
16.8393
16.7331
16.6275
16.5223
16.4177
16.3135
16.2098
16.1066
16.0038
15.9016
15.7998
15.6985
15.5977
15.4974
15.3975
15.2981
15.1992
15.1008
15.0029
14.9054
14.8084
14.7119
14.6158
14.5202
14.4251
14.3305
14.2363
14.1426
14.0493
13.9566
13.8643
13.7724
13.681
13.5901
13.4996
13.4096
13.3201
13.231
13.1424
13.0542
12.9665
12.8793
12.7924
12.7061
12.6202
12.5347
12.4497
12.3652
12.2811
12.1974
12.1142
12.0314
11.9491
11.8672
11.7857
11.7047
11.6241
11.544
11.4643
11.385
11.3062
11.2278
11.1498
11.0723
10.9951
10.9185
10.8422
10.7663
10.6909
10.6159
10.5414
10.4672
10.3935
10.3201
10.2472
10.1748
10.1027
10.031
9.95975
9.8889
9.81846
9.74843
9.6788
9.60958
9.54076
9.47234
9.40431
9.33669
9.26946
9.20263
9.1362
