$SPEC_ID:
No sample description was entered.
$SPEC_REM:
DET# 3
DETDESC# PCKP27 MCB 129
AP# Maestro Version 7.01
$DATE_MEA:
05/27/2019 13:16:44
$MEAS_TIM:
910 1008
$DATA:
0 8191
       0
       0
       0
       0
       0
       0
       0
       0
       0
       0
       0
       0
       0
       0
       0
       0
       0
       0
       0
       0
       0
       0
       0
       0
       0
       0
       0
       0
       0
       0
       0
       0
       0
       0
       0
       0
       0
       0
       0
       0
       0
       0
       0
       0
       0
       0
       0
       0
       0
       0
       0
       0
       0
       0
       0
       0
       0
       0
       0
       0
       0
       0
       0
       0
       0
       0
       0
       0
       0
       0
       0
       0
       0
       0
       0
       0
       0
       0
       0
       0
       0
       0
       0
       0
       0
       0
       0
       0
       0
       0
       0
       0
       0
       5
     447
    2693
    3321
    3282
    3320
    3301
    3323
    3168
    3282
    3145
    3204
    3154
    3168
    3214
    3169
    3036
    3166
    3055
    3111
    3028
    3085
    3060
    3084
    3005
    3078
    3005
    3035
    2943
    3012
    2939
    2990
    2834
    2945
    2867
    2905
    2869
    2767
    2876
    2895
    2833
    2806
    2751
    2871
    2858
    2877
    2865
    2799
    2762
    2849
    2804
    2736
    2819
    2729
    2751
    2706
    2856
    2757
    2740
    2764
    2683
    2738
    2584
    2608
    2661
    2614
    2653
    2699
    2658
    2633
    2644
    2633
    2676
    2563
    2506
    2628
    2585
    2581
    2621
    2538
    2553
    2613
    2554
    2563
    2519
    2589
    2572
    2600
    2425
    2551
    2488
    2471
    2454
    2414
    2428
    2460
    2328
    2432
    2402
    2399
    2472
    2426
    2498
    2400
    2460
    2413
    2441
    2284
    2378
    2554
    2475
    2443
    2361
    2538
    2396
    2411
    2546
    2350
    2357
    2402
    2292
    2427
    2247
    2367
    2294
    2378
    2367
    2350
    2328
    2366
    2287
    2400
    2425
    2266
    2304
    2365
    2265
    2269
    2424
    2332
    2283
    2304
    2341
    2298
    2186
    2315
    2393
    2343
    2304
    2233
    2260
    2219
    2188
    2241
    2363
    2338
    2276
    2191
    2234
    2269
    2294
    2249
    2235
    2193
    2199
    2168
    2216
    2234
    2195
    2223
    2127
    2143
    2146
    2176
    2116
    2303
    2222
    2237
    2146
    2290
    2166
    2204
    2228
    2080
    2195
    2177
    2138
    2195
    2156
    2188
    2171
    2211
    2211
    2162
    2210
    2080
    2116
    2123
    2133
    2083
    2163
    2124
    2104
    2121
    2234
    2179
    2171
    2047
    2140
    2079
    2131
    2088
    2069
    2155
    2179
    2124
    2124
    2099
    2160
    2047
    2120
    2057
    2135
    2060
    2083
    2072
    2073
    2042
    2113
    2105
    2112
    2158
    2027
    2153
    2084
    2036
    2043
    2117
    2066
    2063
    2049
    2016
    2020
    2026
    2128
    1996
    2011
    2021
    2007
    1957
    2093
    2116
    1994
    2065
    2077
    2036
    2057
    1997
    2103
    2067
    2009
    1993
    2033
    2069
    2003
    2089
    1971
    2030
    2086
    2016
    2028
    1995
    2029
    1952
    2027
    2060
    1984
    2058
    2118
    1996
    2019
    1991
    1992
    1987
    2092
    1978
    1963
    2006
    1988
    2033
    1994
    2014
    2016
    2044
    1960
    1956
    1975
    1997
    2018
    1954
    1936
    1967
    2061
    2051
    2111
    1990
    1991
    2006
    1962
    2019
    1902
    1977
    1979
    1915
    1982
    1949
    1957
    1936
    2024
    1968
    2039
    1883
    1891
    1965
    2027
    2030
    1895
    2020
    2013
    2065
    1961
    2049
    2117
    2205
    2059
    2042
    2082
    2019
    1973
    2040
    2007
    2020
    2121
    2062
    2135
    2195
    2192
    2245
    2166
    2085
    1971
    1947
    1984
    2129
    1961
    1894
    1964
    1982
    1942
    1884
    1860
    2014
    1940
    1873
    2020
    2016
    1937
    1937
    1946
    1946
    2032
    1879
    1882
    1904
    1861
    1885
    1871
    1938
    1981
    1959
    1963
    1837
    1898
    1876
    1909
    1854
    1912
    1859
    1843
    1870
    1816
    1899
    1876
    1959
    1855
    1927
    1986
    1955
    1898
    1944
    1974
    2051
    2061
    2050
    2007
    2068
    1973
    1986
    1904
    1971
    1921
    1839
    1965
    1964
    1880
    1925
    1930
    1950
    2013
    1887
    1938
    1925
    1901
    1896
    1880
    1855
    1825
    1883
    1808
    1852
    1973
    1906
    1867
    1836
    1893
    1925
    1906
    1857
    1922
    1834
    1890
    1879
    1805
    1785
    1933
    1857
    1836
    1823
    1868
    1881
    1867
    1910
    1782
    1882
    1852
    1879
    1909
    1753
    1853
    1861
    1865
    1911
    1861
    1876
    1825
    1861
    1873
    1864
    1848
    1852
    1845
    1828
    1837
    1884
    1871
    1855
    1861
    1852
    1921
    1875
    1866
    1939
    1852
    1792
    1840
    1833
    1820
    1939
    1910
    1776
    1856
    1807
    1825
    1890
    1825
    1800
    1873
    1865
    1888
    1879
    1839
    1824
    1878
    1849
    1940
    1874
    1858
    1869
    1892
    1892
    1861
    1835
    1899
    1884
    1885
    1845
    1846
    1892
    1785
    1900
    1819
    1755
    1862
    1802
    1908
    1909
    1814
    1875
    1878
    1801
    1861
    1793
    1908
    1895
    1900
    1855
    1895
    1905
    1956
    1825
    1822
    1828
    1928
    1843
    1837
    1926
    1891
    1872
    1961
    1978
    1835
    1889
    1877
    1802
    1838
    1919
    1885
    1972
    1906
    1920
    1826
    1901
    1853
    1850
    1846
    1919
    2009
    1998
    1939
    1854
    1894
    1863
    1804
    1984
    1931
    1913
    1942
    1922
    1937
    1949
    1808
    1930
    1949
    1890
    2012
    1914
    1886
    1889
    1903
    1964
    1864
    1922
    1876
    1905
    1846
    1911
    1960
    1873
    1933
    1851
    1874
    1901
    1942
    1926
    1907
    1908
    1937
    1931
    1938
    1993
    1885
    1930
    1926
    1903
    1960
    1971
    1900
    1935
    1898
    1910
    1992
    1826
    2002
    1909
    1898
    1920
    1879
    1920
    1907
    1976
    1977
    1952
    1985
    1922
    1890
    1999
    1855
    1916
    1953
    2006
    1941
    1992
    2014
    1932
    1950
    1969
    1904
    1949
    2044
    2005
    1905
    1966
    1913
    1918
    1925
    2000
    1958
    2018
    1926
    2004
    1921
    2008
    1957
    2051
    1946
    2004
    1899
    1956
    1926
    1983
    1943
    1992
    1948
    2013
    1902
    1952
    1934
    1992
    1933
    1905
    1965
    1901
    1899
    1926
    1985
    1965
    1987
    2000
    2000
    1940
    2023
    1897
    1923
    1993
    1877
    1879
    1985
    1921
    1952
    1913
    1970
    1965
    1957
    1953
    1936
    1928
    1992
    1933
    1921
    1953
    1907
    2062
    1940
    1925
    1969
    2003
    1917
    1998
    2090
    1911
    1895
    2017
    1912
    1989
    1956
    1857
    1930
    1960
    1927
    1994
    1958
    1910
    1953
    1918
    1923
    1900
    1976
    1920
    2033
    1863
    1945
    1988
    2000
    1938
    1987
    1968
    1920
    1957
    1924
    1973
    1940
    1978
    1976
    1916
    2009
    1930
    1893
    1980
    1930
    1986
    2061
    1942
    1923
    1967
    2016
    1961
    1903
    2034
    1908
    1989
    1866
    1959
    1903
    2022
    2007
    1947
    1878
    2032
    1942
    1932
    1946
    1970
    1952
    1970
    1942
    1943
    2021
    1872
    1955
    1926
    1961
    1909
    2002
    2038
    1914
    1961
    1931
    1951
    1969
    2033
    1972
    1939
    1893
    1961
    1994
    2016
    1970
    2001
    1995
    1979
    1958
    1947
    1893
    1970
    1943
    1988
    1877
    1968
    1936
    1944
    2021
    1968
    2002
    1995
    1976
    1981
    1984
    2004
    1970
    1879
    1908
    2006
    1991
    1941
    1977
    2080
    1883
    1825
    1983
    2001
    1924
    1993
    1956
    2030
    1994
    1927
    2003
    1994
    1914
    1980
    1993
    1981
    1955
    2033
    2039
    2057
    1985
    2040
    1982
    1996
    1978
    1949
    2042
    2000
    1927
    1989
    1953
    2003
    1981
    1994
    1991
    2008
    1966
    1949
    1894
    1941
    1952
    2066
    2045
    1986
    1991
    2007
    1944
    2039
    2043
    1976
    2008
    2013
    2097
    1985
    2026
    2040
    2012
    2086
    2001
    2076
    2023
    1965
    2093
    2247
    2135
    2168
    2076
    2075
    2228
    2097
    2014
    2211
    2128
    2254
    2121
    2245
    2229
    2169
    2249
    2225
    2263
    2331
    2345
    2255
    2179
    2314
    2345
    2220
    2331
    2260
    2306
    2295
    2244
    2309
    2293
    2318
    2297
    2265
    2351
    2344
    2257
    2283
    2339
    2367
    2391
    2310
    2352
    2374
    2418
    2290
    2290
    2401
    2454
    2350
    2383
    2307
    2376
    2403
    2393
    2369
    2383
    2410
    2373
    2365
    2332
    2418
    2308
    2332
    2495
    2432
    2361
    2345
    2314
    2357
    2396
    2338
    2402
    2399
    2353
    2309
    2255
    2335
    2375
    2392
    2350
    2355
    2377
    2363
    2317
    2424
    2314
    2362
    2374
    2407
    2324
    2352
    2429
    2385
    2338
    2409
    2298
    2336
    2348
    2346
    2254
    2338
    2321
    2271
    2278
    2359
    2282
    2333
    2401
    2260
    2353
    2310
    2343
    2328
    2407
    2347
    2367
    2276
    2335
    2297
    2383
    2311
    2277
    2332
    2330
    2324
    2276
    2272
    2240
    2286
    2347
    2286
    2366
    2349
    2298
    2336
    2308
    2224
    2259
    2279
    2353
    2309
    2287
    2344
    2313
    2305
    2253
    2313
    2250
    2259
    2354
    2288
    2286
    2260
    2257
    2203
    2247
    2269
    2237
    2227
    2300
    2331
    2149
    2204
    2172
    2194
    2271
    2262
    2295
    2261
    2328
    2194
    2172
    2267
    2180
    2218
    2196
    2274
    2283
    2244
    2240
    2278
    2185
    2225
    2152
    2260
    2318
    2209
    2123
    2198
    2261
    2237
    2122
    2207
    2272
    2243
    2260
    2179
    2148
    2083
    2198
    2223
    2317
    2248
    2241
    2198
    2132
    2198
    2221
    2168
    2180
    2302
    2166
    2213
    2192
    2204
    2150
    2219
    2205
    2273
    2233
    2284
    2184
    2130
    2233
    2199
    2117
    2180
    2173
    2111
    2165
    2189
    2185
    2226
    2118
    2175
    2232
    2293
    2204
    2121
    2257
    2236
    2165
    2148
    2225
    2177
    2166
    2164
    2218
    2149
    2222
    2251
    2155
    2225
    2108
    2184
    2175
    2199
    2149
    2340
    2220
    2175
    2102
    2196
    2096
    2160
    2283
    2206
    2160
    2185
    2179
    2216
    2214
    2217
    2242
    2220
    2207
    2148
    2168
    2207
    2278
    2171
    2134
    2218
    2167
    2255
    2190
    2184
    2145
    2191
    2137
    2219
    2124
    2190
    2144
    2176
    2107
    2149
    2192
    2068
    2172
    2164
    2177
    2114
    2123
    2233
    2190
    2095
    2146
    2211
    2144
    2167
    2014
    2084
    2150
    2221
    2136
    2177
    2158
    2144
    2202
    2138
    2073
    2175
    2058
    2110
    2090
    2072
    2170
    2149
    2138
    2161
    2112
    2084
    2128
    2152
    2165
    2136
    2145
    2136
    2110
    2169
    2192
    2026
    2125
    2080
    2169
    2099
    2150
    2026
    2214
    2180
    2056
    2239
    2014
    2061
    2127
    2098
    2116
    2033
    2089
    2058
    2007
    2064
    2145
    2105
    2142
    2063
    2062
    2086
    2008
    2018
    2030
    2064
    2054
    2091
    2054
    2037
    2060
    2069
    1980
    2094
    2029
    2070
    2083
    2083
    2021
    2081
    1986
    2037
    2095
    2066
    2048
    2127
    2119
    2098
    2019
    2112
    1989
    2039
    2112
    2106
    2056
    2074
    2049
    2074
    2064
    2110
    2054
    2070
    2024
    2095
    2077
    1992
    1947
    2034
    2041
    1992
    2064
    2019
    1963
    2067
    2000
    2048
    2050
    2063
    1992
    1982
    2023
    1937
    2081
    2019
    2059
    2042
    2035
    2041
    2053
    2028
    2032
    2026
    2043
    2036
    2062
    2016
    1989
    2021
    2000
    2050
    2032
    2058
    2015
    1975
    2000
    2130
    2003
    2004
    1943
    1990
    2045
    1998
    1929
    1969
    2026
    2103
    1887
    1978
    2052
    2017
    2030
    2026
    1957
    2080
    1967
    1986
    1966
    1944
    1975
    2062
    1976
    1929
    2030
    1985
    1973
    1947
    1972
    1986
    1973
    1972
    2038
    2013
    2006
    2072
    2100
    2063
    2043
    2010
    1990
    2039
    1977
    2090
    1985
    1928
    1955
    2039
    1963
    1994
    1894
    2018
    1998
    1921
    2043
    2015
    2049
    1858
    1964
    2034
    1953
    1909
    1997
    1941
    1990
    1891
    1908
    2004
    1921
    1965
    2030
    1986
    1915
    1848
    1920
    1966
    1937
    1924
    1974
    1911
    1960
    2006
    1920
    2036
    1956
    1994
    1973
    1896
    1906
    1920
    1939
    1974
    1934
    1944
    1883
    1962
    1977
    1960
    1919
    2011
    1970
    1946
    1955
    1905
    1975
    1895
    1843
    1919
    1980
    2026
    1995
    1901
    1999
    1976
    1939
    1959
    1983
    1977
    1931
    1934
    1887
    1993
    1859
    1966
    2081
    1975
    1963
    1853
    1924
    1916
    1917
    1999
    1929
    1932
    1928
    2004
    1957
    1955
    2027
    1902
    1904
    1960
    1932
    1916
    1914
    2023
    1918
    2090
    1952
    1908
    1881
    1918
    1959
    2006
    1996
    1962
    1979
    1875
    1965
    1986
    1938
    1956
    1967
    1956
    1958
    1961
    1957
    1969
    1992
    1926
    1945
    1898
    1871
    2033
    1916
    1918
    1819
    1975
    1896
    1883
    1998
    1918
    1900
    1939
    2000
    1921
    1935
    1933
    1855
    1911
    1946
    1998
    1925
    1976
    1867
    1955
    1992
    1876
    1939
    1901
    1852
    1949
    1869
    1977
    1968
    1942
    1867
    1907
    1941
    1997
    1898
    1971
    1987
    1959
    1965
    1981
    1973
    1998
    1938
    1974
    1980
    1917
    1959
    1921
    1950
    2028
    1950
    1896
    1947
    1945
    1941
    2063
    1971
    1976
    1949
    1959
    1899
    1939
    2002
    1986
    1914
    1961
    1874
    1943
    1876
    1951
    2165
    1999
    2013
    2003
    1932
    1964
    1870
    1933
    1916
    1882
    1996
    1993
    1921
    1935
    1972
    1999
    1966
    1962
    1973
    1968
    1972
    1990
    1912
    1865
    1964
    1952
    2012
    2027
    1962
    1936
    1896
    1969
    1921
    1981
    2013
    1958
    1996
    1981
    2025
    1911
    1937
    1965
    2041
    1921
    1960
    2034
    1995
    2029
    1984
    1980
    1968
    1951
    2011
    2013
    1953
    1977
    1990
    1952
    2056
    1991
    1979
    1928
    2028
    1947
    1925
    2015
    2092
    1976
    1948
    2019
    2009
    1946
    2097
    2065
    2028
    2031
    2049
    2075
    1990
    2020
    2100
    1990
    1995
    2048
    2038
    1977
    2039
    2066
    2003
    2023
    1988
    1965
    2008
    2050
    2014
    2011
    2088
    1950
    2032
    1988
    2089
    2033
    1964
    2070
    2092
    1976
    2077
    2043
    1946
    2111
    1981
    2031
    2048
    1997
    2090
    1996
    2135
    2121
    2004
    2033
    2129
    2089
    2050
    2047
    2117
    2050
    2010
    1993
    2112
    2042
    2055
    2055
    2014
    2105
    1998
    2044
    2172
    2154
    2032
    2035
    2124
    1996
    2159
    2131
    2084
    2047
    2110
    2076
    1993
    2201
    2116
    2116
    2031
    2085
    2142
    2121
    2110
    2154
    2170
    2144
    2116
    2175
    2150
    2157
    2152
    2086
    2050
    2133
    2194
    2006
    2047
    2149
    2158
    2095
    2229
    2173
    2144
    2154
    2238
    2305
    2182
    2216
    2162
    2168
    2157
    2175
    2112
    2166
    2206
    2199
    2157
    2212
    2240
    2156
    2122
    2207
    2202
    2125
    2165
    2232
    2177
    2141
    2142
    2158
    2204
    2243
    2187
    2130
    2209
    2192
    2213
    2280
    2225
    2252
    2245
    2262
    2274
    2191
    2179
    2258
    2201
    2319
    2237
    2297
    2292
    2234
    2320
    2230
    2242
    2264
    2275
    2277
    2362
    2210
    2236
    2275
    2315
    2213
    2191
    2285
    2243
    2234
    2280
    2281
    2288
    2265
    2218
    2361
    2294
    2350
    2198
    2372
    2376
    2331
    2269
    2221
    2345
    2239
    2327
    2242
    2367
    2249
    2240
    2292
    2253
    2226
    2227
    2268
    2266
    2289
    2285
    2227
    2262
    2219
    2392
    2273
    2258
    2157
    2220
    2239
    2217
    2197
    2185
    2224
    2188
    2173
    2291
    2220
    2262
    2185
    2244
    2223
    2212
    2260
    2182
    2225
    2158
    2093
    2140
    2070
    2062
    2049
    2057
    2020
    1998
    1982
    1935
    1956
    1933
    1897
    1893
    1879
    1881
    1860
    1862
    1790
    1828
    1782
    1793
    1790
    1775
    1800
    1709
    1677
    1709
    1682
    1676
    1670
    1745
    1654
    1621
    1676
    1539
    1568
    1549
    1566
    1551
    1568
    1569
    1595
    1476
    1486
    1486
    1523
    1486
    1518
    1464
    1473
    1453
    1425
    1420
    1436
    1531
    1386
    1417
    1435
    1425
    1447
    1416
    1389
    1391
    1433
    1444
    1302
    1383
    1438
    1361
    1309
    1351
    1333
    1348
    1439
    1332
    1339
    1388
    1350
    1444
    1345
    1393
    1305
    1309
    1342
    1333
    1344
    1340
    1262
    1335
    1239
    1279
    1326
    1262
    1327
    1316
    1298
    1213
    1294
    1235
    1296
    1312
    1254
    1259
    1267
    1257
    1239
    1140
    1235
    1250
    1299
    1203
    1218
    1240
    1250
    1268
    1182
    1226
    1168
    1158
    1262
    1103
    1253
    1232
    1218
    1210
    1239
    1129
    1192
    1218
    1213
    1139
    1225
    1151
    1203
    1256
    1157
    1118
    1160
    1175
    1200
    1122
    1146
    1113
    1111
    1136
    1192
    1108
    1175
    1140
    1133
    1142
    1110
    1211
    1181
    1136
    1097
    1145
    1168
    1130
    1160
    1164
    1079
    1141
    1160
    1047
    1096
    1132
    1095
    1085
    1077
    1088
    1080
    1030
    1091
    1070
    1094
    1090
    1119
    1037
    1093
    1051
    1104
    1066
    1074
    1105
    1077
    1083
    1042
    1017
    1109
    1019
    1049
    1038
    1035
    1001
    1008
    1056
     985
    1052
    1003
    1034
    1047
    1002
     972
     988
     969
    1016
    1082
    1048
    1033
    1003
     964
    1022
    1042
     986
    1072
     981
     985
     997
     987
     966
     991
     972
    1056
     997
     958
     957
     944
     984
     967
    1013
    1034
     959
     976
     890
     926
     985
     983
     935
     950
     983
     891
     880
     949
     956
    1044
     948
     899
     932
     961
     920
     928
     901
     921
     943
     977
     947
     947
     930
     926
     909
     938
     888
     906
     898
     917
     955
     846
     895
     932
     890
     871
     877
     924
     919
     878
     879
     848
     865
     850
     933
     854
     896
     875
     860
     891
     892
     878
     802
     849
     881
     852
     798
     800
     843
     841
     824
     846
     818
     856
     774
     858
     798
     771
     792
     827
     841
     818
     822
     874
     848
     826
     815
     833
     850
     813
     854
     829
     783
     800
     779
     827
     826
     797
     826
     779
     761
     798
     759
     848
     786
     784
     771
     805
     723
     798
     792
     738
     758
     774
     770
     757
     776
     782
     779
     752
     781
     794
     730
     711
     704
     762
     796
     771
     728
     737
     741
     759
     735
     752
     775
     725
     703
     702
     735
     714
     732
     726
     698
     723
     690
     697
     760
     732
     712
     767
     689
     727
     708
     712
     679
     619
     716
     687
     673
     661
     690
     709
     730
     705
     634
     669
     741
     683
     698
     679
     663
     670
     662
     677
     653
     739
     722
     737
     636
     652
     691
     631
     684
     678
     709
     666
     694
     675
     651
     720
     621
     666
     650
     672
     649
     679
     655
     648
     712
     639
     650
     666
     697
     609
     629
     633
     655
     620
     667
     646
     647
     653
     604
     660
     655
     668
     650
     606
     637
     636
     683
     632
     648
     663
     678
     661
     668
     654
     602
     666
     606
     597
     682
     641
     660
     611
     660
     622
     585
     622
     590
     607
     659
     664
     659
     607
     572
     650
     589
     614
     594
     597
     628
     610
     604
     640
     619
     567
     589
     570
     607
     650
     606
     593
     594
     592
     603
     584
     606
     591
     620
     587
     590
     547
     580
     617
     616
     627
     624
     573
     592
     614
     610
     584
     641
     593
     632
     607
     622
     621
     578
     601
     586
     615
     579
     599
     553
     540
     619
     575
     572
     613
     598
     580
     557
     592
     587
     577
     594
     570
     578
     562
     622
     535
     574
     559
     588
     573
     588
     603
     592
     555
     605
     635
     560
     607
     594
     563
     570
     595
     598
     590
     570
     568
     574
     618
     556
     550
     576
     573
     578
     554
     601
     579
     617
     580
     578
     552
     539
     613
     550
     566
     609
     563
     559
     584
     561
     568
     592
     590
     571
     597
     605
     583
     601
     558
     582
     546
     638
     543
     613
     578
     542
     568
     567
     566
     594
     574
     589
     516
     549
     579
     611
     622
     561
     573
     563
     610
     549
     562
     563
     565
     567
     570
     573
     585
     591
     532
     550
     513
     560
     566
     568
     566
     521
     579
     578
     552
     558
     595
     569
     577
     582
     528
     556
     532
     582
     565
     576
     562
     572
     589
     560
     591
     527
     560
     560
     577
     556
     562
     566
     569
     545
     568
     606
     549
     553
     540
     585
     544
     560
     531
     583
     558
     543
     613
     554
     565
     543
     516
     548
     538
     548
     572
     611
     552
     570
     585
     574
     575
     584
     550
     556
     530
     559
     599
     554
     525
     532
     531
     548
     562
     563
     558
     555
     539
     575
     553
     534
     537
     557
     537
     526
     534
     560
     581
     543
     532
     569
     544
     526
     588
     509
     554
     566
     539
     574
     544
     557
     588
     522
     551
     527
     543
     557
     522
     566
     492
     569
     547
     566
     534
     517
     535
     573
     575
     511
     509
     558
     560
     523
     527
     555
     535
     539
     571
     551
     577
     554
     548
     518
     537
     550
     519
     530
     539
     575
     545
     527
     561
     508
     522
     587
     498
     555
     535
     539
     555
     559
     540
     521
     543
     582
     543
     529
     544
     538
     530
     522
     520
     519
     522
     520
     511
     526
     552
     581
     567
     512
     514
     553
     530
     514
     507
     514
     538
     533
     550
     526
     515
     550
     504
     512
     507
     485
     519
     523
     530
     518
     508
     552
     507
     525
     578
     524
     519
     538
     524
     512
     499
     522
     483
     545
     539
     547
     524
     507
     537
     507
     511
     542
     522
     532
     519
     501
     481
     540
     512
     503
     510
     527
     468
     496
     543
     536
     513
     492
     524
     507
     509
     510
     532
     507
     550
     518
     495
     496
     481
     541
     541
     492
     486
     560
     485
     509
     522
     515
     521
     527
     518
     506
     509
     485
     523
     537
     522
     503
     492
     482
     528
     517
     461
     535
     503
     467
     527
     507
     522
     515
     535
     545
     525
     527
     466
     509
     518
     531
     546
     526
     492
     509
     533
     462
     489
     473
     492
     507
     546
     512
     498
     506
     546
     460
     503
     518
     527
     499
     495
     557
     515
     496
     505
     534
     530
     535
     491
     495
     503
     547
     516
     480
     520
     563
     507
     518
     487
     496
     496
     457
     526
     521
     497
     482
     519
     488
     543
     460
     490
     513
     509
     545
     476
     518
     472
     495
     507
     553
     482
     512
     520
     534
     512
     527
     562
     540
     527
     520
     551
     571
     543
     552
     573
     543
     575
     594
     604
     646
     660
     647
     705
     779
     825
     873
     977
    1108
    1253
    1410
    1597
    1980
    2259
    2923
    3428
    4343
    5442
    6916
    8961
   11367
   14036
   17426
   21722
   25990
   31193
   35940
   40917
   45086
   49858
   52783
   55496
   56335
   56641
   55444
   53005
   49489
   46157
   41557
   37108
   32721
   28343
   24337
   20680
   17269
   14761
   12581
   10681
    9232
    8148
    7229
    6430
    5778
    5201
    4628
    4352
    3977
    3502
    3180
    2967
    2822
    2479
    2290
    2065
    1894
    1657
    1455
    1432
    1270
    1211
    1102
    1039
     980
     857
     812
     779
     730
     674
     668
     623
     599
     628
     564
     521
     539
     512
     496
     484
     497
     454
     441
     495
     424
     459
     401
     412
     407
     410
     453
     430
     380
     399
     388
     381
     408
     395
     378
     401
     405
     385
     383
     399
     372
     356
     387
     385
     376
     362
     359
     381
     350
     360
     375
     372
     353
     385
     386
     385
     370
     379
     376
     348
     370
     340
     369
     381
     356
     348
     341
     360
     376
     340
     377
     354
     363
     351
     331
     336
     349
     355
     353
     346
     337
     350
     390
     326
     338
     367
     330
     330
     360
     360
     356
     346
     383
     332
     355
     282
     351
     363
     301
     353
     381
     356
     338
     334
     372
     364
     371
     325
     343
     324
     341
     336
     311
     326
     374
     350
     345
     350
     325
     361
     325
     374
     323
     379
     340
     314
     353
     329
     330
     349
     310
     335
     322
     319
     318
     360
     358
     298
     335
     313
     327
     319
     324
     340
     313
     309
     292
     326
     325
     300
     301
     345
     327
     306
     341
     314
     339
     330
     344
     334
     312
     331
     307
     328
     322
     309
     274
     312
     293
     271
     285
     324
     359
     322
     334
     325
     326
     302
     311
     351
     313
     315
     346
     326
     310
     332
     300
     316
     314
     302
     281
     275
     294
     315
     348
     319
     294
     311
     301
     280
     293
     320
     293
     313
     311
     288
     276
     299
     311
     291
     340
     291
     298
     299
     304
     297
     276
     326
     315
     301
     304
     340
     312
     312
     328
     326
     320
     323
     304
     311
     293
     320
     290
     318
     297
     326
     274
     304
     286
     314
     302
     307
     287
     316
     343
     321
     318
     297
     305
     313
     293
     290
     290
     328
     277
     300
     316
     305
     316
     302
     296
     293
     272
     297
     302
     303
     319
     303
     312
     310
     299
     318
     335
     297
     315
     300
     286
     279
     304
     284
     301
     292
     310
     292
     298
     296
     288
     276
     288
     256
     298
     310
     296
     292
     262
     265
     325
     296
     288
     283
     319
     292
     291
     270
     250
     276
     300
     290
     302
     277
     328
     294
     306
     300
     281
     254
     272
     309
     301
     299
     295
     305
     267
     302
     297
     301
     289
     306
     289
     335
     322
     281
     274
     301
     284
     287
     269
     308
     282
     249
     270
     268
     293
     306
     279
     314
     306
     283
     267
     313
     312
     297
     267
     334
     289
     283
     258
     278
     296
     277
     277
     280
     308
     253
     291
     299
     289
     300
     271
     284
     249
     289
     289
     272
     298
     287
     290
     293
     280
     272
     266
     284
     320
     278
     299
     275
     302
     297
     288
     289
     289
     298
     274
     302
     290
     270
     294
     301
     315
     273
     256
     300
     279
     258
     297
     295
     267
     318
     290
     292
     299
     281
     275
     264
     291
     262
     300
     298
     291
     295
     264
     285
     305
     270
     276
     306
     276
     278
     262
     257
     298
     266
     262
     288
     289
     261
     290
     263
     271
     259
     272
     266
     291
     279
     260
     285
     256
     282
     325
     239
     306
     270
     302
     282
     266
     272
     264
     287
     288
     275
     285
     292
     262
     287
     278
     256
     282
     282
     319
     283
     267
     259
     263
     281
     293
     275
     265
     259
     269
     264
     283
     275
     268
     270
     277
     269
     271
     267
     221
     287
     259
     260
     294
     273
     285
     262
     290
     236
     317
     291
     265
     303
     283
     259
     261
     271
     258
     278
     267
     267
     276
     271
     283
     274
     278
     253
     268
     265
     265
     308
     244
     275
     266
     277
     266
     274
     301
     267
     265
     267
     264
     243
     278
     276
     291
     267
     273
     279
     285
     287
     292
     273
     279
     308
     300
     280
     281
     252
     287
     254
     255
     261
     307
     268
     280
     273
     279
     280
     240
     259
     308
     279
     268
     257
     257
     251
     253
     249
     273
     291
     264
     269
     266
     262
     260
     286
     266
     258
     246
     259
     258
     282
     261
     274
     258
     267
     293
     265
     257
     285
     236
     261
     259
     278
     292
     275
     245
     267
     252
     274
     269
     272
     264
     262
     256
     261
     273
     254
     267
     281
     272
     278
     304
     253
     262
     272
     283
     235
     265
     244
     277
     260
     273
     241
     268
     257
     246
     269
     256
     257
     252
     274
     232
     252
     266
     240
     251
     230
     255
     248
     254
     262
     285
     278
     275
     274
     258
     233
     242
     254
     246
     259
     297
     280
     291
     269
     302
     256
     282
     292
     273
     277
     251
     256
     241
     245
     252
     259
     271
     273
     269
     242
     258
     266
     271
     262
     305
     276
     267
     231
     286
     270
     254
     249
     265
     265
     277
     253
     277
     253
     242
     262
     262
     279
     267
     256
     259
     264
     250
     265
     228
     272
     249
     267
     298
     270
     299
     251
     259
     274
     278
     272
     277
     289
     268
     289
     271
     277
     280
     254
     274
     234
     272
     257
     277
     272
     286
     280
     298
     254
     277
     274
     270
     261
     263
     275
     249
     255
     248
     250
     249
     289
     249
     249
     274
     241
     279
     266
     276
     260
     291
     257
     242
     243
     240
     241
     274
     247
     268
     253
     266
     254
     259
     231
     238
     269
     277
     253
     250
     268
     264
     259
     260
     252
     266
     222
     269
     271
     246
     287
     269
     258
     287
     270
     262
     246
     234
     259
     262
     273
     247
     285
     261
     260
     261
     259
     260
     292
     280
     256
     288
     273
     265
     301
     299
     238
     256
     255
     277
     242
     289
     250
     249
     252
     248
     272
     260
     248
     287
     259
     281
     270
     292
     254
     275
     262
     227
     283
     249
     259
     254
     246
     285
     241
     248
     304
     228
     255
     262
     260
     275
     260
     276
     288
     257
     255
     282
     260
     236
     272
     282
     285
     265
     270
     276
     266
     256
     278
     300
     275
     274
     286
     248
     280
     253
     270
     251
     221
     255
     254
     281
     315
     236
     261
     286
     270
     259
     245
     273
     250
     276
     292
     280
     266
     266
     276
     259
     265
     300
     263
     253
     261
     283
     277
     264
     274
     276
     268
     278
     295
     284
     266
     282
     286
     256
     251
     267
     265
     278
     262
     270
     261
     267
     246
     248
     267
     282
     291
     279
     301
     297
     275
     276
     272
     317
     255
     282
     243
     270
     260
     272
     267
     259
     297
     308
     276
     294
     273
     271
     314
     278
     293
     284
     263
     304
     290
     298
     262
     285
     279
     266
     312
     276
     285
     277
     288
     260
     295
     276
     304
     347
     298
     320
     289
     338
     317
     305
     297
     291
     315
     333
     317
     334
     319
     337
     352
     334
     320
     324
     345
     308
     297
     319
     318
     330
     335
     330
     324
     342
     370
     304
     312
     338
     325
     332
     307
     302
     314
     330
     295
     300
     305
     314
     332
     320
     310
     312
     321
     327
     319
     324
     321
     303
     316
     323
     308
     270
     323
     304
     288
     302
     279
     294
     294
     310
     299
     308
     279
     279
     299
     287
     262
     286
     288
     307
     305
     283
     260
     283
     260
     272
     271
     282
     299
     250
     252
     291
     294
     294
     275
     246
     295
     264
     276
     264
     276
     255
     262
     291
     267
     267
     219
     229
     299
     256
     259
     287
     267
     279
     281
     233
     277
     257
     305
     302
     269
     270
     245
     261
     238
     267
     258
     303
     282
     248
     272
     257
     275
     273
     285
     274
     303
     255
     257
     247
     276
     272
     299
     280
     284
     277
     285
     263
     254
     271
     249
     287
     263
     275
     250
     251
     238
     285
     246
     239
     273
     248
     247
     282
     276
     266
     273
     238
     252
     239
     276
     252
     234
     241
     268
     225
     276
     266
     248
     258
     253
     265
     232
     253
     234
     252
     262
     261
     261
     259
     278
     254
     261
     253
     260
     278
     236
     273
     261
     249
     243
     274
     281
     238
     250
     234
     227
     214
     256
     246
     263
     258
     260
     274
     272
     232
     248
     251
     232
     287
     241
     248
     237
     238
     271
     256
     238
     240
     270
     288
     253
     243
     255
     277
     262
     268
     242
     265
     250
     245
     244
     245
     280
     250
     240
     239
     266
     239
     275
     260
     247
     244
     234
     245
     263
     265
     230
     286
     280
     250
     258
     250
     243
     257
     265
     240
     240
     259
     237
     269
     245
     268
     239
     248
     260
     255
     239
     288
     268
     244
     251
     263
     239
     259
     252
     255
     231
     252
     250
     236
     279
     248
     248
     219
     245
     253
     247
     267
     243
     285
     233
     218
     265
     281
     250
     240
     246
     239
     249
     251
     245
     253
     266
     256
     243
     272
     263
     247
     240
     226
     239
     267
     239
     224
     245
     237
     269
     277
     285
     243
     241
     257
     241
     253
     231
     254
     244
     262
     249
     265
     244
     238
     260
     267
     233
     246
     237
     255
     240
     238
     236
     290
     245
     245
     268
     267
     262
     253
     251
     249
     238
     238
     232
     241
     244
     251
     262
     233
     222
     242
     261
     253
     276
     238
     277
     251
     261
     256
     241
     232
     245
     248
     239
     227
     277
     246
     281
     254
     245
     243
     253
     259
     289
     245
     241
     228
     229
     257
     254
     265
     258
     294
     239
     243
     243
     240
     228
     319
     234
     266
     278
     257
     295
     252
     256
     264
     268
     234
     267
     272
     251
     253
     240
     253
     270
     248
     242
     263
     240
     252
     266
     250
     221
     231
     254
     242
     246
     224
     232
     232
     257
     248
     266
     251
     246
     235
     262
     257
     262
     249
     259
     264
     266
     257
     228
     243
     237
     245
     241
     272
     221
     220
     237
     262
     243
     258
     244
     245
     232
     248
     257
     230
     265
     249
     219
     237
     244
     245
     256
     284
     263
     260
     254
     264
     277
     246
     279
     243
     282
     272
     246
     263
     287
     277
     268
     256
     256
     284
     273
     251
     246
     258
     278
     257
     271
     232
     239
     268
     280
     275
     242
     258
     273
     267
     256
     270
     255
     267
     245
     240
     253
     254
     225
     224
     249
     238
     248
     231
     251
     231
     242
     238
     233
     245
     243
     279
     243
     263
     230
     233
     229
     231
     240
     249
     219
     254
     228
     279
     267
     242
     263
     253
     264
     269
     258
     218
     241
     238
     249
     254
     267
     238
     273
     277
     282
     252
     264
     227
     237
     277
     240
     230
     243
     239
     250
     245
     276
     234
     255
     294
     235
     240
     238
     224
     243
     239
     244
     226
     236
     251
     237
     256
     216
     242
     261
     247
     251
     242
     253
     237
     230
     251
     238
     244
     240
     267
     227
     260
     236
     255
     221
     244
     234
     236
     249
     253
     249
     232
     245
     256
     254
     249
     229
     229
     274
     239
     250
     237
     244
     247
     210
     255
     252
     241
     260
     267
     260
     203
     265
     237
     269
     267
     206
     238
     269
     266
     239
     274
     255
     246
     220
     235
     241
     247
     246
     243
     246
     272
     249
     226
     233
     231
     226
     249
     220
     245
     247
     261
     262
     277
     245
     267
     256
     240
     248
     239
     254
     268
     232
     241
     263
     256
     251
     261
     270
     241
     250
     228
     233
     239
     258
     245
     246
     217
     230
     241
     264
     252
     260
     265
     220
     274
     223
     266
     233
     237
     221
     290
     257
     242
     286
     216
     251
     236
     248
     279
     241
     248
     236
     220
     231
     255
     234
     253
     265
     241
     209
     241
     262
     254
     248
     218
     261
     257
     235
     232
     249
     231
     256
     239
     279
     245
     234
     250
     227
     223
     239
     257
     238
     230
     280
     255
     257
     254
     245
     287
     241
     276
     262
     250
     258
     259
     255
     239
     250
     238
     260
     226
     233
     255
     247
     256
     240
     239
     255
     252
     220
     247
     248
     247
     249
     267
     248
     271
     257
     247
     236
     280
     297
     215
     232
     249
     212
     231
     249
     255
     254
     235
     241
     276
     265
     272
     258
     274
     241
     259
     270
     229
     257
     227
     220
     250
     254
     261
     254
     240
     259
     261
     225
     256
     265
     244
     256
     254
     242
     256
     276
     271
     223
     249
     244
     245
     257
     245
     248
     256
     291
     248
     232
     247
     248
     241
     244
     278
     267
     231
     284
     223
     273
     258
     242
     264
     244
     242
     264
     255
     238
     246
     247
     233
     244
     235
     219
     237
     255
     237
     264
     255
     228
     251
     245
     239
     235
     251
     249
     265
     239
     253
     267
     254
     246
     232
     241
     266
     226
     244
     247
     266
     253
     228
     262
     276
     248
     274
     231
     240
     254
     264
     284
     248
     247
     238
     231
     290
     244
     266
     282
     258
     251
     269
     234
     249
     244
     222
     251
     262
     241
     276
     229
     247
     268
     252
     258
     265
     248
     249
     267
     260
     227
     233
     265
     264
     232
     255
     258
     252
     247
     291
     274
     252
     233
     264
     273
     261
     247
     249
     238
     253
     266
     255
     251
     263
     273
     266
     247
     239
     237
     243
     221
     231
     257
     282
     253
     231
     242
     248
     244
     258
     222
     269
     268
     275
     214
     254
     237
     288
     261
     249
     248
     255
     246
     225
     242
     243
     239
     251
     272
     274
     245
     243
     248
     276
     261
     256
     269
     263
     229
     245
     225
     240
     229
     254
     271
     274
     244
     247
     266
     240
     235
     266
     222
     262
     257
     270
     235
     248
     256
     274
     233
     263
     282
     265
     252
     253
     252
     223
     234
     249
     228
     236
     271
     262
     253
     277
     231
     261
     251
     244
     261
     252
     257
     272
     304
     225
     249
     252
     233
     267
     261
     283
     245
     266
     241
     248
     249
     288
     257
     273
     273
     270
     276
     262
     264
     220
     261
     255
     247
     252
     256
     266
     246
     239
     243
     286
     228
     260
     264
     274
     257
     267
     268
     253
     237
     243
     273
     248
     226
     264
     274
     238
     274
     259
     283
     253
     254
     249
     287
     249
     274
     244
     258
     264
     231
     219
     258
     278
     268
     258
     258
     259
     233
     271
     294
     279
     282
     251
     245
     261
     244
     238
     228
     276
     221
     268
     240
     254
     243
     273
     231
     266
     237
     242
     276
     293
     253
     262
     230
     272
     269
     265
     240
     281
     210
     292
     259
     255
     251
     258
     244
     261
     265
     243
     256
     266
     247
     240
     241
     287
     280
     263
     274
     256
     250
     262
     281
     255
     276
     289
     264
     273
     239
     286
     275
     251
     277
     255
     279
     265
     260
     248
     262
     265
     282
     264
     261
     276
     272
     265
     266
     289
     245
     263
     248
     278
     259
     228
     274
     266
     265
     241
     245
     242
     266
     228
     289
     273
     271
     265
     262
     277
     273
     248
     262
     277
     285
     238
     260
     265
     268
     286
     269
     267
     260
     291
     246
     231
     229
     278
     250
     256
     247
     265
     263
     250
     270
     268
     279
     259
     243
     252
     283
     236
     288
     258
     268
     269
     313
     252
     277
     270
     250
     256
     277
     278
     275
     255
     291
     261
     261
     290
     247
     268
     244
     273
     270
     273
     278
     281
     269
     286
     279
     270
     281
     253
     244
     280
     260
     260
     288
     248
     266
     292
     279
     286
     259
     301
     265
     261
     278
     273
     263
     290
     278
     270
     262
     263
     298
     278
     244
     277
     256
     279
     288
     246
     292
     282
     248
     270
     276
     279
     272
     255
     276
     282
     253
     277
     273
     279
     273
     285
     262
     267
     262
     270
     285
     232
     266
     286
     281
     305
     266
     263
     277
     292
     285
     261
     255
     313
     250
     277
     275
     276
     272
     296
     253
     266
     291
     261
     248
     262
     262
     260
     299
     295
     281
     304
     286
     279
     267
     286
     238
     273
     321
     312
     285
     300
     253
     263
     285
     288
     296
     265
     262
     319
     260
     277
     264
     283
     270
     251
     265
     283
     291
     273
     231
     292
     297
     290
     265
     268
     288
     264
     285
     288
     287
     293
     286
     266
     281
     270
     261
     284
     304
     242
     288
     281
     322
     292
     273
     257
     294
     255
     261
     265
     310
     280
     313
     291
     305
     319
     265
     265
     304
     287
     306
     286
     275
     261
     279
     295
     287
     294
     298
     294
     293
     303
     297
     280
     303
     286
     293
     265
     286
     281
     299
     301
     255
     292
     275
     254
     300
     279
     276
     298
     243
     268
     312
     275
     288
     255
     309
     311
     313
     263
     262
     271
     295
     274
     290
     298
     265
     275
     270
     274
     309
     307
     325
     289
     263
     264
     284
     300
     285
     291
     289
     266
     274
     289
     319
     310
     268
     290
     293
     310
     283
     316
     292
     273
     302
     276
     312
     258
     271
     275
     303
     283
     280
     278
     276
     291
     289
     298
     278
     263
     298
     275
     311
     280
     290
     266
     293
     306
     291
     252
     280
     296
     317
     298
     269
     303
     278
     291
     282
     265
     269
     329
     317
     289
     299
     305
     287
     280
     285
     299
     299
     296
     316
     272
     289
     272
     306
     330
     312
     269
     296
     272
     271
     310
     321
     258
     292
     318
     301
     283
     263
     270
     314
     301
     293
     312
     300
     292
     293
     290
     281
     283
     285
     313
     300
     315
     276
     302
     308
     334
     307
     312
     340
     276
     318
     317
     311
     275
     302
     285
     300
     304
     329
     323
     299
     296
     303
     288
     290
     321
     312
     317
     281
     313
     288
     314
     290
     304
     303
     290
     302
     288
     265
     276
     288
     298
     308
     337
     308
     320
     301
     325
     293
     294
     341
     307
     307
     296
     287
     316
     326
     297
     306
     308
     299
     319
     285
     307
     324
     299
     324
     291
     310
     294
     315
     314
     317
     306
     296
     316
     310
     335
     285
     320
     294
     303
     319
     286
     312
     316
     291
     282
     284
     318
     293
     292
     319
     307
     284
     312
     309
     308
     285
     324
     321
     328
     306
     319
     315
     308
     292
     311
     314
     293
     280
     316
     301
     291
     365
     297
     347
     338
     313
     308
     319
     316
     334
     275
     310
     328
     316
     289
     358
     331
     314
     314
     292
     323
     322
     325
     327
     309
     317
     327
     280
     300
     329
     333
     315
     312
     323
     301
     315
     308
     340
     299
     328
     333
     306
     291
     306
     288
     313
     322
     311
     320
     332
     306
     354
     350
     355
     314
     320
     327
     321
     323
     312
     307
     318
     330
     342
     340
     333
     355
     329
     310
     316
     310
     341
     328
     327
     365
     329
     330
     331
     300
     333
     341
     348
     312
     333
     281
     347
     306
     333
     310
     332
     362
     334
     330
     346
     323
     342
     331
     317
     345
     308
     310
     335
     326
     331
     334
     363
     303
     371
     354
     347
     320
     339
     334
     313
     312
     311
     339
     318
     339
     337
     343
     359
     317
     328
     351
     381
     346
     371
     341
     317
     332
     314
     352
     322
     339
     348
     350
     338
     310
     344
     339
     337
     331
     343
     312
     344
     334
     359
     326
     373
     367
     349
     340
     361
     380
     319
     340
     356
     386
     321
     358
     338
     349
     350
     323
     335
     371
     355
     378
     337
     345
     337
     372
     338
     346
     349
     346
     331
     351
     314
     374
     333
     331
     380
     307
     350
     350
     352
     325
     350
     358
     378
     346
     358
     397
     360
     327
     350
     363
     367
     334
     397
     338
     351
     363
     375
     376
     354
     357
     339
     355
     350
     347
     364
     356
     367
     356
     335
     376
     341
     360
     375
     373
     355
     381
     359
     362
     379
     367
     358
     367
     382
     377
     351
     364
     368
     352
     358
     365
     336
     402
     381
     385
     380
     363
     351
     364
     347
     353
     405
     362
     386
     370
     377
     364
     355
     365
     335
     380
     368
     345
     379
     372
     395
     312
     356
     401
     387
     349
     372
     356
     383
     357
     346
     396
     362
     394
     354
     404
     363
     353
     398
     358
     379
     388
     392
     346
     383
     389
     358
     321
     399
     403
     381
     400
     381
     421
     352
     368
     402
     384
     409
     365
     381
     380
     393
     360
     397
     427
     396
     403
     420
     393
     374
     338
     342
     377
     383
     400
     344
     408
     392
     360
     409
     395
     401
     406
     371
     423
     390
     388
     382
     387
     374
     373
     398
     413
     392
     355
     388
     441
     385
     370
     395
     381
     405
     349
     354
     427
     412
     392
     394
     375
     383
     406
     403
     360
     398
     408
     419
     416
     407
     406
     381
     408
     389
     397
     380
     415
     387
     383
     408
     385
     407
     400
     391
     427
     411
     398
     381
     405
     402
     410
     404
     394
     386
     413
     436
     382
     419
     378
     394
     350
     438
     359
     395
     397
     388
     430
     437
     438
     368
     441
     416
     422
     429
     394
     412
     423
     430
     423
     446
     427
     442
     412
     432
     441
     394
     416
     420
     405
     446
     423
     374
     419
     418
     392
     440
     444
     423
     453
     430
     400
     401
     413
     453
     470
     426
     396
     439
     417
     443
     441
     459
     443
     427
     459
     401
     408
     442
     426
     461
     426
     434
     439
     416
     422
     432
     441
     437
     441
     431
     417
     407
     452
     390
     478
     398
     409
     439
     435
     445
     454
     469
     459
     431
     412
     426
     416
     438
     421
     436
     465
     449
     418
     449
     431
     437
     478
     401
     430
     424
     458
     438
     390
     428
     446
     404
     427
     436
     430
     418
     442
     434
     448
     413
     419
     398
     446
     447
     456
     453
     435
     409
     446
     446
     473
     417
     417
     428
     433
     406
     451
     431
     398
     406
     419
     462
     482
     454
     418
     425
     417
     420
     412
     426
     408
     421
     437
     379
     413
     406
     410
     369
     400
     376
     383
     427
     388
     421
     396
     366
     398
     394
     376
     392
     392
     383
     392
     366
     370
     378
     355
     381
     359
     376
     343
     318
     331
     313
     296
     315
     311
     335
     306
     309
     314
     277
     313
     281
     334
     306
     305
     315
     291
     314
     285
     298
     290
     302
     336
     296
     301
     293
     300
     287
     322
     277
     291
     296
     282
     278
     263
     277
     286
     294
     286
     285
     247
     287
     278
     268
     288
     275
     301
     282
     269
     264
     253
     299
     270
     264
     277
     303
     274
     281
     284
     277
     305
     297
     277
     253
     262
     280
     267
     241
     262
     250
     260
     282
     279
     276
     286
     251
     244
     263
     253
     260
     274
     253
     287
     261
     245
     290
     260
     265
     270
     232
     266
     233
     242
     286
     275
     278
     251
     267
     258
     234
     268
     237
     226
     252
     248
     265
     257
     258
     262
     249
     247
     239
     299
     238
     258
     243
     242
     250
     246
     233
     264
     225
     281
     250
     261
     240
     241
     259
     248
     226
     267
     226
     231
     246
     270
     253
     253
     253
     256
     253
     256
     235
     234
     237
     229
     254
     244
     255
     249
     222
     257
     249
     238
     217
     221
     247
     271
     222
     212
     235
     248
     228
     223
     226
     226
     218
     261
     271
     208
     234
     219
     258
     216
     220
     217
     236
     239
     247
     232
     226
     242
     232
     229
     227
     230
     256
     242
     252
     211
     218
     216
     232
     233
     228
     254
     235
     232
     197
     227
     236
     236
     227
     231
     224
     222
     233
     236
     224
     233
     219
     213
     203
     211
     225
     237
     212
     210
     225
     211
     192
     223
     203
     204
     219
     242
     243
     235
     220
     226
     216
     195
     217
     201
     210
     214
     231
     219
     241
     214
     207
     207
     238
     222
     217
     248
     210
     196
     217
     234
     203
     225
     217
     205
     199
     213
     207
     227
     204
     206
     230
     228
     218
     216
     221
     227
     208
     218
     198
     201
     200
     184
     241
     207
     234
     216
     238
     202
     226
     204
     209
     210
     206
     231
     218
     220
     207
     230
     207
     194
     198
     210
     213
     198
     192
     206
     188
     215
     186
     223
     230
     200
     203
     219
     200
     239
     220
     215
     179
     201
     185
     205
     188
     184
     227
     194
     191
     186
     205
     218
     202
     198
     202
     198
     214
     198
     189
     202
     199
     215
     188
     205
     182
     219
     206
     183
     197
     197
     188
     194
     213
     199
     202
     178
     195
     182
     212
     212
     188
     182
     186
     187
     186
     201
     184
     193
     200
     155
     185
     164
     187
     175
     190
     201
     166
     163
     208
     193
     172
     199
     206
     189
     196
     171
     189
     162
     196
     179
     194
     168
     169
     175
     177
     195
     191
     192
     171
     184
     168
     176
     195
     177
     172
     169
     193
     196
     152
     169
     195
     168
     181
     181
     169
     184
     188
     182
     167
     185
     174
     166
     159
     167
     147
     178
     179
     190
     183
     173
     184
     188
     164
     172
     147
     160
     157
     158
     146
     154
     181
     163
     178
     162
     156
     153
     166
     173
     165
     169
     181
     172
     156
     173
     157
     165
     169
     178
     172
     180
     154
     142
     163
     160
     168
     133
     157
     158
     167
     166
     173
     149
     158
     181
     152
     142
     153
     157
     167
     154
     149
     170
     153
     138
     160
     154
     140
     177
     146
     158
     140
     128
     170
     143
     149
     151
     138
     152
     145
     154
     143
     154
     140
     131
     142
     124
     158
     126
     154
     147
     128
     147
     123
     139
     140
     143
     130
     141
     146
     137
     157
     120
     141
     145
     143
     139
     149
     139
     131
     130
     125
     136
     140
     130
     138
     139
     148
     155
     148
     138
     153
     150
     116
     124
     145
     144
     117
     122
     150
     134
     146
     127
     132
     141
     125
     140
     121
     119
     145
     131
     138
     142
     127
     129
     134
     121
     103
     126
     115
     129
     113
     144
     124
     111
     128
     125
     116
     128
     117
     100
     127
     121
     141
     144
     109
     137
     109
     116
     107
     119
     118
     120
     125
     124
     115
     124
     135
     134
     116
     120
     130
     118
     107
     105
     125
     133
     135
     123
     108
     122
     126
     106
     142
     103
     104
     120
     123
     117
      91
     114
     123
     137
     106
     107
     125
     111
     127
     116
     115
      91
     135
     115
     105
     109
     109
     113
     117
     113
     110
      93
     114
     107
     110
     114
     111
     109
     123
      99
     130
     112
     110
     111
     104
     103
     117
     105
     105
     103
      98
     114
     114
     107
      96
     107
     116
     101
     107
     120
     132
     111
     113
     112
      97
     103
     105
      97
     111
      90
     111
      94
     110
     128
     113
     100
     102
     111
      98
     112
     112
     107
      97
     101
      93
      82
      96
     106
     113
      95
     115
     100
      96
     112
      78
     107
     109
      92
      92
      89
      85
      97
     122
     102
      87
      97
      92
     115
     113
      96
     101
      91
     109
      90
      75
      84
      82
      79
      78
     109
      91
      92
      96
      94
      85
      92
     110
      79
     109
      86
      91
      90
      80
      83
      87
     113
      99
     104
     102
     105
      99
     105
      97
     107
     121
     108
     102
     101
      96
     105
      93
      84
     110
      95
      98
      84
      93
      78
     102
      86
     107
      93
      95
      99
     111
      95
      87
      87
      92
      86
      99
      94
     111
      83
      99
      89
      92
      91
      87
      94
      81
      73
      86
      89
      80
      87
      71
     105
      87
      95
      85
      93
      89
      84
      78
      75
     104
      76
      90
      94
      76
      91
      87
      83
      75
      89
     110
      82
      77
      84
      96
      93
     109
      89
      92
      81
     113
      84
      98
      82
      90
      86
     106
     100
      86
      88
      91
      78
      98
     101
     102
      70
      78
      94
      80
      85
      87
      67
      96
      87
      86
      96
      69
      97
      71
      85
      90
      86
      84
      74
      85
      77
      84
     104
      95
      84
      81
     109
      86
      76
      73
      77
      83
      77
      75
      95
      97
      90
      85
      90
      78
      82
      93
      79
     101
      81
      85
      94
      85
      94
      90
      94
      89
      85
      66
      81
      89
      84
      90
      93
      86
      75
     105
      83
     103
      96
      88
      73
      81
      95
      86
      85
      76
      90
      94
      83
      91
      89
      91
      80
      84
      92
      86
      89
      91
      82
      87
      90
      89
      87
      73
      69
      67
      85
      76
      83
      77
      87
      75
      69
      90
     111
      80
      91
      81
      79
      76
      94
      63
      98
      76
      73
      77
      83
      75
      85
      97
      81
      86
      85
      73
      85
      79
      87
      84
      85
      69
      91
      82
      86
      79
      73
      66
      87
      82
      79
      85
      85
      91
      95
      78
      85
      77
     105
     100
      72
      88
      88
      86
      83
      86
      81
      64
      87
      87
      83
      79
      65
      80
      76
      80
     100
      88
      81
      83
      93
      87
      85
      79
      74
      85
      76
      98
      87
      89
      90
      92
      78
      75
      92
      83
      90
     105
      74
      93
      71
      73
      73
      93
      78
      76
      99
      83
      85
      75
      95
      76
      76
      83
      92
      79
      73
      84
      82
      71
      78
      92
      84
      80
      91
      76
      78
      95
      83
      80
      72
      85
      85
      85
      83
      85
      81
      87
      82
      80
      73
      78
      96
      65
      89
      86
      72
      82
      86
      93
      71
      83
      77
      75
      65
      77
      85
      85
      82
      91
      79
      75
      84
      83
      64
      93
      85
      81
      70
      73
      81
      70
      83
      77
      66
      89
      79
      72
      94
      85
      75
      80
      69
      79
      60
      89
      98
      81
      91
      70
      80
      65
      80
      86
      71
      77
      85
      70
      72
      67
      81
      77
      68
      74
      87
      74
      77
     100
      82
      91
      93
      82
      90
      86
      69
      67
      78
      87
      86
      81
      88
      81
      81
      85
      78
      76
      77
      80
      92
      68
      86
      84
      79
      76
      66
      84
      70
      87
      78
      90
      82
      85
      96
      91
      71
      71
      82
      86
     100
      79
      80
      74
      79
      84
      83
      83
      78
      82
      90
      88
      72
      78
      89
      97
      80
      81
      74
      83
      80
      76
      69
      85
      88
      78
      87
     106
      86
      76
     107
      93
      89
      80
      78
      65
      74
      88
      77
      65
      92
      88
      98
      85
      79
      71
      99
      87
     101
      96
      80
      77
      84
      91
      96
      90
      82
     100
      92
     100
     120
     139
     125
     137
     154
     188
     226
     292
     358
     469
     654
     893
    1271
    1823
    2397
    3466
    4543
    6068
    7666
    9401
   11024
   12808
   13760
   14378
   14763
   13983
   12989
   11831
    9962
    8096
    6447
    5177
    3864
    2917
    2322
    1778
    1569
    1351
    1220
    1122
    1032
     979
     885
     878
     831
     769
     694
     633
     598
     520
     487
     439
     450
     363
     359
     331
     273
     243
     265
     237
     221
     208
     199
     193
     164
     178
     168
     129
     121
     137
     144
     119
     106
     109
     114
     122
      97
      91
     111
     122
      90
     107
     103
     107
      94
      93
      98
     101
     108
     108
     102
     105
      98
      99
      94
      88
      80
      80
     107
      74
      95
      90
      94
     103
     105
     114
      79
      89
      87
      92
      92
      83
      93
      98
     107
      94
      89
      97
      97
      86
      79
     100
      81
     106
      80
      92
      85
      84
      89
      89
      86
      72
      89
      83
      83
      82
      84
      72
      95
      82
      85
      85
      84
      90
      75
      78
      84
      76
      91
      76
      76
      83
      88
      79
      81
      89
      77
      79
      76
      84
      99
      89
      88
      71
      74
      81
     104
      69
      93
      88
      73
      65
      70
      63
      73
      83
      64
      76
      74
      63
      79
      69
      74
      89
      65
      84
      80
      73
      82
      68
      79
      79
      82
      76
      95
      84
      76
      70
      73
      84
      67
      69
      67
     103
      72
      79
      71
      78
      75
      66
      82
      78
      73
      87
      61
      81
      85
      79
      58
      65
      71
      79
      86
      69
      89
      85
      83
      78
      67
      90
      75
      62
      78
      79
      65
      99
      75
      59
      76
      74
      74
      71
      74
      72
      79
      85
      74
      74
      78
     100
      64
      78
      76
      69
      63
      78
      73
      58
      71
      76
      75
      77
      77
      60
      58
      71
      76
      59
      68
      92
      71
      59
      66
      80
      74
      68
      85
      68
      76
      70
      70
      50
      72
      66
      77
      85
      73
      67
      71
      73
      68
      66
      61
      82
      68
      82
      65
      82
      64
      68
      86
      67
      67
      78
      64
      75
      73
      62
      58
      71
      81
      70
      54
      73
      54
      77
      66
      81
      63
      64
      75
      69
      68
      68
      68
      65
      69
      67
      64
      65
      67
      89
      69
      75
      72
      63
      59
      53
      61
      70
      62
      57
      66
      62
      74
      72
      67
      65
      56
      56
      74
      71
      79
      73
      72
      73
      75
      61
      64
      63
      69
      68
      81
      77
      71
      63
      67
      73
      61
      60
      76
      55
      53
      54
      66
      65
      69
      69
      56
      71
      73
      65
      56
      66
      56
      70
      83
      78
      59
      67
      73
      61
      56
      63
      66
      63
      80
      58
      60
      66
      67
      63
      73
      45
      68
      86
      86
      63
      66
      69
      76
      57
      75
      64
      74
      56
      77
      59
      70
      53
      57
      62
      58
      70
      64
      48
      75
      57
      58
      65
      62
      57
      65
      72
      67
      67
      50
      70
      75
      69
      58
      55
      60
      63
      63
      50
      59
      79
      64
      59
      55
      53
      66
      64
      64
      65
      69
      68
      61
      62
      43
      64
      53
      73
      54
      55
      65
      54
      51
      69
      62
      56
      60
      51
      66
      67
      73
      58
      69
      46
      62
      67
      67
      64
      61
      51
      64
      52
      52
      70
      50
      42
      70
      59
      58
      65
      60
      63
      53
      59
      75
      73
      68
      51
      61
      56
      68
      58
      60
      59
      48
      53
      66
      74
      64
      62
      68
      55
      68
      53
      57
      53
      57
      57
      57
      63
      53
      72
      54
      55
      57
      58
      45
      68
      45
      53
      57
      46
      66
      48
      63
      74
      68
      68
      56
      61
      61
      62
      73
      73
      55
      63
      65
      58
      48
      59
      74
      50
      63
      43
      53
      58
      64
      45
      69
      64
      53
      73
      50
      64
      60
      55
      61
      61
      45
      59
      60
      67
      55
      56
      66
      57
      65
      67
      64
       0
       0
       0
       0
       0
       0
       0
       0
       0
       0
       0
       0
       0
       0
       0
       0
       0
       0
       0
       0
       0
       0
       0
       0
       0
       0
       0
       0
       0
       0
       0
       0
       0
       0
       0
       0
       0
       0
       0
       0
       0
       0
       0
       0
       0
       0
       0
       0
       0
       0
       0
       0
       0
       0
       0
       0
       0
       0
       0
       0
       0
       0
       0
       0
       0
       0
       0
       0
       0
       0
       0
       0
       0
       0
       0
       0
       0
       0
       0
       0
       0
       0
       0
       0
       0
       0
       0
       0
       0
       0
       0
       0
       0
       0
       0
       0
       0
       0
       0
       0
       0
       0
       0
       0
       0
       0
       0
       0
       0
       0
       0
       0
       0
       0
       0
       0
       0
       0
       0
       0
       0
       0
       0
       0
       0
       0
       0
       0
$ROI:
0
$PRESETS:
None
0
0
$ENER_FIT:
-0.946274 0.242428
$MCA_CAL:
3
-9.462742E-001 2.424276E-001 -2.056130E-007 keV
$SHAPE_CAL:
3
4.142836E+001 -1.952030E-002 2.453628E-006
