$SPEC_ID:
No sample description was entered.
$SPEC_REM:
DET# 3
DETDESC# PCKP27 MCB 129
AP# Maestro Version 7.01
$DATE_MEA:
05/27/2019 10:57:15
$MEAS_TIM:
1075 1085
$DATA:
0 8191
       0
       0
       0
       0
       0
       0
       0
       0
       0
       0
       0
       0
       0
       0
       0
       0
       0
       0
       0
       0
       0
       0
       0
       0
       0
       0
       0
       0
       0
       0
       0
       0
       0
       0
       0
       0
       0
       0
       0
       0
       0
       0
       0
       0
       0
       0
       0
       0
       0
       0
       0
       0
       0
       0
       0
       0
       0
       0
       0
       0
       0
       0
       0
       0
       0
       0
       0
       0
       0
       0
       0
       0
       0
       0
       0
       0
       0
       0
       0
       0
       0
       0
       0
       0
       0
       0
       0
       0
       0
       0
       0
       0
       0
       0
       3
      52
      75
      61
      65
      55
      69
      73
      77
      65
      65
      71
      75
      71
      82
      75
      92
      74
      57
      67
      89
      72
      68
      70
      84
      94
      69
      74
      72
      72
      75
      81
      85
      58
      75
      77
      69
      82
      71
      62
      74
      71
      78
      76
      65
      61
      96
      58
      80
      86
      71
      80
      80
      67
      86
      51
      65
      77
      73
      66
      87
      81
      72
      81
      82
      79
      62
      67
      61
      83
      89
      95
      64
      91
      77
      71
      69
      73
      71
      77
      53
      85
      81
      70
      71
      72
      86
      95
      83
      78
      81
      85
      79
      72
      89
      84
      84
      74
      75
      93
      77
      80
     108
      79
      90
      70
      90
      67
      88
      87
      74
      74
      88
      70
      84
      72
      69
     106
      83
      75
      72
      86
      80
      83
      92
      89
      83
      96
      80
      71
      78
      95
      68
      87
      90
      77
      78
      82
      84
      87
      85
      83
      68
      76
      72
      84
      69
      92
     110
      79
      92
      84
      91
      77
      95
      95
      85
      79
      71
      88
      92
      72
      86
      91
      74
      95
      87
      83
      79
      95
      89
      98
      87
     100
      95
      89
      85
      85
      63
      96
      72
      97
      78
     101
      82
      91
      87
      87
      90
     114
      84
      88
     107
     102
      74
      80
      84
      83
      84
      75
      80
      93
      82
      83
      87
      78
      96
      99
      87
     100
      99
      76
      82
      91
      78
      87
      87
      86
      66
      91
      81
      77
      80
      86
      73
      67
      76
      87
      90
      85
      76
      83
      90
      82
      96
      97
     109
      79
      87
      68
      92
      88
     100
      89
      85
     100
      95
      77
     102
      65
      94
      81
      66
      88
      89
      83
      87
      91
     108
      89
      76
      91
      91
      83
      80
      96
      95
      76
      90
     102
     105
      96
      67
      87
      78
     119
      75
      87
      78
      87
      89
      81
      84
      81
      84
      94
      95
      99
      86
     102
      94
      92
      72
      80
      78
      83
      90
      93
     101
     111
      73
      92
      78
      92
      82
      78
      83
      98
      98
     103
      80
     102
      90
      87
     110
      95
      98
      92
     100
      96
      93
     107
      99
     102
     112
     118
      83
      92
     107
     120
      82
     101
      93
     125
      99
      97
      94
     114
     103
     112
     111
     117
     119
     127
     116
     115
     123
     107
     124
     121
     127
     104
     154
     131
     152
     134
     136
     146
     132
     139
     151
     141
     114
     142
     141
     118
     176
     143
     146
     164
     125
     144
     177
     159
     138
     137
     144
     147
     153
     159
     126
     150
     148
     145
     148
     150
     148
     133
     124
     132
     150
     136
     137
     147
     142
     129
     123
     129
     127
     120
     114
     116
     114
     136
     105
     120
     126
     124
     120
     113
     125
     124
     109
     118
     118
     120
     111
     120
     133
     112
     121
     121
     127
     125
     129
     102
     107
     110
     126
      98
     102
     108
     119
     129
     115
     119
     113
     116
     100
     111
     117
     100
     120
     109
     126
     109
     113
     117
     115
     113
     108
      99
      90
     101
     127
      96
     116
      89
     102
      99
      98
     127
      96
     108
     103
      99
     111
      88
     112
      90
      93
     110
     100
     102
      97
      83
      74
      83
      91
     103
     108
      97
      87
      80
      80
      78
      93
     107
     107
      90
      95
      84
      94
      65
      85
      82
      78
      89
      83
      93
      86
      78
      92
      89
     105
      87
      86
      73
     101
      83
     105
      93
     111
     104
      76
      83
     102
     100
      77
     114
     106
      82
     112
      78
     104
      88
     117
     104
      99
      75
      91
      84
      96
     105
     114
      88
     113
      92
      98
      70
      93
      92
      98
      91
      67
      94
      95
     102
      87
      94
     100
      98
      92
      94
     104
      94
     109
      96
      98
      78
     108
     108
     115
      99
     109
      95
      82
      84
      97
      79
     101
      97
      90
      81
      88
      92
     108
      95
      94
     106
      86
     110
      85
     100
     100
      78
     113
     124
      95
     118
      90
      93
      88
      90
      92
      98
     104
     107
      85
     108
     105
     106
     103
     100
      80
      92
     119
     100
     105
      91
     105
     121
     107
     114
      99
     111
     110
     104
     109
     101
     108
      99
     103
     110
     104
     108
     100
      98
      99
     110
      94
     106
      97
     107
      94
     104
     108
     110
     117
      91
     113
     101
     112
     115
     107
      97
     102
      92
      94
     105
      87
     105
     114
     112
      89
     124
      88
      85
      90
     108
      99
      89
     111
     113
     114
     111
     111
     104
     116
     121
     115
     112
     116
     118
     118
      97
     114
     100
     117
     110
     124
     105
     105
      93
      96
     110
     124
     105
     104
     106
     111
     119
     102
     108
      99
     121
     108
      98
     105
     115
      95
     111
     118
      97
     107
     107
      91
     114
     108
     106
     124
      92
      98
     124
     110
     106
     118
      98
     114
      93
     116
     105
     115
     106
     102
     126
     110
     123
     104
     113
     132
     121
     103
     109
      99
      98
     106
     114
     114
     100
     117
     120
     131
     119
     110
      97
     113
     139
     112
     119
     112
     115
     113
     112
     105
     118
     110
     119
     121
     109
     111
     122
     112
     112
     136
     107
      96
     113
     129
     104
     115
     109
     122
     124
     128
     111
     123
     110
     135
     119
     120
     127
     110
     104
      97
     101
     101
     107
     113
     109
     120
     115
     115
     114
     111
     127
     101
     109
     110
     102
     119
     128
     117
     110
     110
     115
     109
     120
     145
     107
     130
     136
     102
     114
     117
     126
     127
     114
     130
     114
     125
     127
     103
     118
     116
     125
     124
     120
     127
     130
     102
     122
     118
     112
     138
     127
     123
     109
     108
     115
     135
     128
     109
     130
     133
     131
     119
     135
     115
     122
     130
     124
     141
     122
     112
     161
     137
     133
     144
     143
     139
     149
     144
     134
     136
     139
     157
     122
     128
     124
     159
     103
     100
     134
     131
     120
     125
     116
     144
     153
     149
     149
     138
     125
     171
     136
     149
     140
     142
     162
     137
     149
     142
     159
     131
     138
     151
     128
     151
     141
     152
     176
     181
     166
     153
     152
     146
     153
     149
     140
     176
     147
     148
     153
     127
     149
     151
     130
     157
     157
     157
     164
     155
     156
     165
     149
     165
     152
     161
     153
     166
     178
     173
     172
     154
     146
     149
     150
     156
     146
     166
     153
     179
     194
     162
     148
     162
     163
     176
     152
     173
     143
     166
     177
     143
     145
     170
     158
     169
     154
     169
     168
     175
     178
     170
     167
     180
     176
     160
     141
     168
     166
     183
     173
     158
     179
     193
     158
     158
     154
     168
     168
     176
     171
     152
     164
     159
     170
     162
     142
     169
     158
     149
     165
     175
     141
     165
     143
     160
     174
     175
     147
     166
     164
     176
     159
     147
     169
     146
     162
     160
     175
     187
     159
     154
     163
     173
     178
     158
     142
     163
     157
     160
     158
     141
     168
     157
     168
     154
     154
     152
     141
     151
     143
     166
     165
     157
     181
     142
     177
     149
     140
     153
     158
     137
     159
     137
     128
     148
     151
     156
     135
     145
     156
     156
     150
     150
     125
     128
     144
     158
     157
     156
     147
     155
     160
     170
     142
     163
     145
     151
     148
     145
     159
     162
     141
     142
     148
     142
     145
     157
     146
     163
     139
     139
     154
     159
     124
     136
     135
     176
     146
     149
     138
     152
     152
     138
     129
     162
     159
     155
     155
     140
     140
     153
     156
     142
     140
     155
     139
     135
     157
     132
     131
     146
     138
     140
     167
     136
     145
     142
     148
     136
     129
     157
     139
     140
     125
     157
     138
     132
     114
     143
     116
     147
     146
     151
     133
     145
     151
     140
     119
     132
     144
     159
     150
     138
     130
     133
     134
     126
     123
     145
     151
     126
     160
     125
     154
     152
     132
     154
     127
     160
     130
     132
     131
     117
     151
     152
     124
     143
     144
     137
     132
     157
     147
     127
     132
     126
     135
     135
     138
     125
     132
     131
     157
     128
     103
     129
     132
     133
     149
     129
     144
     119
     143
     131
     148
     141
     150
     136
     134
     144
     155
     132
     142
     140
     132
     119
     128
     136
     138
     114
     160
     107
     123
     118
     156
     116
     138
     134
     135
     123
     135
     122
     144
     130
     114
     126
     143
     149
     129
     121
     114
     137
     132
     117
     122
     139
     127
     141
     118
     147
     139
     134
     133
     137
     113
     139
     140
     123
     128
     130
     140
     126
     122
     131
     111
     131
     134
     136
     139
     138
     124
     119
     121
     121
     120
     134
     126
     132
     136
     121
     134
     144
     129
     117
     131
     127
     123
     122
     128
     122
     127
     134
     111
     113
     129
     136
     109
     118
     115
     121
     135
     131
     121
     125
     118
     111
     130
     113
     110
     123
     104
     105
     122
      97
     138
     127
     112
     126
     113
     127
     122
     110
     141
     134
     125
     120
     120
     138
     113
     109
     120
     119
     118
     119
     109
     135
     109
     125
     113
     120
     128
     103
      98
     120
     116
     127
     127
     137
     127
     121
     105
     118
     106
     114
     117
     120
     124
     121
     110
     137
     123
     115
     104
     113
     115
     118
     111
     102
     127
     123
     115
     124
     110
     121
     129
     111
     117
     128
      99
     102
     120
     121
     114
     120
     111
     118
      99
      98
     100
     122
      99
      94
     103
     113
     116
     117
     131
     126
     128
     117
     110
     109
     110
     121
     125
     121
     105
     122
      95
     127
     118
     133
     112
     112
     124
      96
     101
     130
     117
     111
     102
     104
     104
     130
     104
     104
     123
     104
     102
     111
     133
     123
      95
     116
     109
     102
     114
     109
     111
     104
     119
     116
     106
     114
     117
     102
     113
     121
     107
     108
     126
     126
     113
     104
     115
     114
     103
     128
     121
     113
     103
     126
     108
     131
     114
     112
     123
     109
     128
     119
     106
     109
     101
      95
     124
     129
     105
     102
     116
     101
     111
     119
     112
     116
     109
     125
     123
     110
     106
     117
     107
     104
     112
     118
     106
     125
      98
     124
     106
     124
     102
     130
     116
     121
      95
      95
     115
     118
     128
      77
     106
     120
     110
     104
      98
     106
     103
     100
     124
     101
     132
     110
     105
     104
     120
     121
      91
     100
     107
     127
     117
     105
     124
     121
     119
     106
     105
      94
     114
     114
     103
     106
     113
      93
     105
     107
     121
     104
     129
     122
     135
      93
     103
     110
      89
     100
     108
     105
     113
     115
     101
      96
     102
     111
     101
     119
     123
     121
      93
     123
     113
     111
     115
     106
     106
      88
     100
     127
     100
     114
     115
      85
     103
     108
     103
     113
     128
      97
      95
     100
     111
      98
      98
      94
     105
     110
     119
     112
     126
     102
     106
     108
     127
     107
     121
     122
     101
     117
     108
      91
     124
     106
     111
     107
      94
     121
     112
     114
     104
     102
     102
     115
     106
     119
     121
     100
      93
      95
      99
     127
      84
     106
     112
     124
     119
     104
     129
      81
      92
      86
     111
     101
     120
     106
     109
     105
     121
     110
     111
      92
      90
     107
      99
     108
      98
     127
     101
     104
      97
      95
     112
      98
     103
     101
     107
      97
     101
     106
     101
     107
      91
     101
     100
     113
      90
     103
     100
      99
     104
      95
     109
     114
     101
     105
     116
      99
     102
     114
     102
      99
      97
      96
     111
     108
     102
     100
     109
      96
     102
     114
     104
     105
      89
     113
      97
      89
      91
     104
     121
     100
      86
      87
      93
     107
      98
     103
     114
      96
     102
     101
      97
     118
     100
     101
      83
     104
     108
      85
      99
      70
     106
     100
      97
      91
      84
     103
     104
      90
      81
      93
      97
     119
      81
      82
     101
      86
     107
      96
      91
      96
      94
      98
      96
      75
      89
     105
      85
      87
      90
      80
      83
      86
      99
      89
      91
      76
      87
      87
      89
      81
      93
      78
      93
     105
      93
      81
      83
      68
      83
      95
     107
      72
      80
      98
      78
      80
      75
      74
      73
      69
      74
      86
      88
      78
      83
      76
      83
      72
      80
      76
      75
      89
      77
      98
      94
      82
      78
      70
      75
      80
      66
      90
      76
      99
      56
      79
      79
      64
      64
      69
      75
      77
      82
      71
      66
      91
      68
      78
      76
      73
      72
      64
      81
      80
      72
      78
      84
      80
      63
      66
      70
      81
      74
      66
      63
      71
      75
      72
      58
      70
      68
      63
      71
      71
      64
      73
      68
      76
      65
      89
      54
      70
      65
      68
      65
      53
      72
      67
      69
      59
      65
      70
      69
      61
      83
      57
      74
      69
      77
      66
      45
      69
      82
      66
      46
      50
      57
      71
      62
      58
      73
      63
      52
      67
      77
      70
      72
      84
      62
      59
      57
      59
      51
      59
      71
      65
      59
      71
      69
      63
      57
      52
      61
      63
      64
      58
      53
      55
      64
      58
      61
      47
      58
      58
      62
      59
      49
      73
      74
      56
      65
      69
      50
      65
      62
      63
      58
      48
      62
      56
      56
      55
      64
      49
      55
      58
      50
      52
      53
      58
      64
      53
      62
      52
      52
      56
      57
      56
      64
      52
      58
      59
      59
      51
      42
      49
      59
      62
      51
      47
      56
      44
      49
      53
      59
      65
      55
      57
      61
      59
      49
      58
      50
      48
      60
      47
      56
      62
      45
      43
      39
      60
      60
      54
      54
      62
      63
      58
      55
      60
      50
      49
      62
      46
      75
      46
      43
      57
      62
      48
      47
      43
      59
      63
      50
      53
      59
      51
      51
      47
      53
      63
      60
      45
      43
      59
      42
      68
      40
      50
      69
      52
      57
      65
      53
      48
      50
      41
      42
      56
      45
      48
      53
      59
      37
      42
      39
      63
      59
      63
      45
      58
      55
      47
      55
      61
      42
      55
      61
      34
      40
      61
      57
      56
      54
      49
      49
      48
      40
      52
      40
      52
      45
      50
      56
      55
      49
      48
      51
      54
      63
      46
      49
      45
      44
      46
      51
      49
      45
      62
      55
      51
      49
      55
      47
      40
      49
      41
      46
      62
      44
      39
      43
      50
      59
      61
      56
      47
      53
      41
      52
      48
      43
      51
      50
      34
      52
      53
      50
      54
      49
      43
      44
      45
      33
      52
      44
      49
      47
      37
      40
      50
      41
      54
      50
      49
      53
      37
      45
      49
      40
      49
      31
      55
      43
      33
      43
      47
      42
      47
      41
      42
      40
      41
      47
      35
      37
      41
      38
      48
      42
      36
      41
      45
      50
      39
      55
      39
      57
      34
      43
      44
      42
      50
      45
      46
      47
      53
      41
      45
      41
      43
      58
      48
      41
      49
      53
      46
      30
      38
      60
      50
      37
      48
      44
      47
      48
      46
      43
      43
      50
      48
      48
      61
      45
      44
      42
      36
      39
      52
      48
      41
      44
      52
      29
      47
      45
      49
      49
      57
      34
      44
      48
      34
      54
      34
      48
      42
      33
      47
      39
      41
      39
      39
      53
      32
      39
      40
      43
      31
      48
      32
      43
      39
      44
      52
      44
      43
      39
      40
      43
      48
      42
      48
      43
      49
      44
      45
      63
      45
      49
      43
      42
      41
      45
      42
      37
      45
      41
      39
      41
      45
      46
      44
      31
      48
      46
      41
      36
      37
      41
      35
      39
      36
      44
      41
      50
      41
      46
      60
      44
      40
      47
      39
      38
      39
      40
      40
      46
      46
      44
      37
      37
      40
      45
      42
      38
      38
      34
      51
      51
      43
      43
      48
      44
      47
      39
      40
      41
      39
      50
      37
      33
      33
      34
      40
      39
      43
      53
      39
      45
      33
      40
      35
      46
      30
      32
      44
      50
      36
      35
      40
      44
      33
      39
      44
      40
      42
      46
      42
      36
      48
      33
      43
      56
      37
      38
      34
      38
      46
      48
      51
      33
      35
      45
      41
      42
      38
      40
      35
      38
      51
      37
      48
      41
      38
      39
      41
      42
      45
      38
      33
      34
      38
      51
      41
      28
      32
      44
      30
      49
      50
      45
      50
      45
      33
      42
      42
      39
      36
      47
      46
      43
      39
      48
      40
      44
      32
      35
      31
      51
      47
      38
      40
      49
      37
      34
      39
      44
      34
      39
      31
      38
      39
      49
      53
      45
      35
      50
      45
      52
      34
      46
      32
      41
      35
      44
      32
      39
      33
      41
      36
      34
      41
      35
      38
      51
      46
      45
      42
      31
      44
      51
      43
      40
      45
      49
      39
      41
      48
      37
      48
      40
      40
      40
      42
      40
      40
      42
      49
      54
      59
      48
      43
      53
      44
      41
      40
      49
      40
      48
      39
      46
      51
      44
      56
      50
      38
      48
      61
      52
      41
      42
      37
      45
      38
      43
      36
      46
      52
      55
      46
      44
      48
      43
      51
      43
      63
      42
      49
      62
      46
      50
      39
      44
      49
      53
      53
      50
      56
      49
      41
      60
      53
      61
      69
      57
      49
      52
      60
      47
      41
      69
      54
      63
      48
      57
      57
      69
      62
      56
      71
      69
      71
      63
      57
      59
      64
      71
      73
      73
      63
      77
      72
      67
      69
      73
      72
      67
      83
      75
      62
      88
      63
      79
      83
      96
      79
      62
      66
      80
      83
      83
      67
      70
      79
      87
      92
      75
      98
      76
      78
      90
      88
      93
      83
      90
     102
      98
      97
      98
     113
      96
     111
     112
     120
     107
     124
     109
     118
     124
     105
     134
     104
     127
     137
     132
     117
     125
     124
     118
     149
     131
     140
     140
     125
     149
     150
     153
     156
     160
     137
     142
     145
     132
     155
     142
     174
     170
     167
     179
     171
     178
     154
     160
     163
     178
     153
     165
     180
     169
     182
     175
     200
     198
     186
     192
     203
     182
     221
     210
     183
     206
     215
     195
     230
     203
     188
     202
     218
     199
     232
     214
     195
     235
     245
     227
     210
     234
     238
     254
     247
     255
     253
     245
     242
     254
     269
     252
     233
     267
     250
     247
     258
     283
     290
     276
     300
     292
     269
     258
     276
     294
     300
     297
     310
     287
     304
     324
     344
     296
     301
     282
     316
     317
     327
     333
     330
     350
     320
     345
     304
     321
     353
     296
     329
     329
     355
     337
     360
     334
     362
     348
     376
     352
     339
     341
     365
     374
     390
     350
     359
     380
     380
     363
     379
     366
     395
     379
     361
     378
     400
     396
     384
     390
     415
     391
     377
     383
     382
     394
     379
     380
     425
     400
     436
     405
     400
     441
     417
     395
     413
     448
     377
     411
     399
     410
     421
     421
     409
     409
     442
     401
     416
     417
     426
     411
     410
     448
     399
     391
     399
     414
     391
     440
     435
     444
     408
     424
     422
     447
     426
     378
     457
     419
     397
     425
     394
     432
     416
     387
     405
     383
     433
     392
     412
     390
     423
     401
     354
     402
     434
     392
     374
     373
     398
     381
     412
     407
     398
     426
     380
     401
     394
     378
     370
     357
     352
     326
     375
     341
     330
     359
     357
     371
     379
     385
     342
     369
     367
     346
     347
     350
     368
     342
     324
     368
     329
     331
     323
     335
     319
     333
     308
     306
     309
     324
     311
     314
     292
     308
     319
     301
     284
     320
     311
     347
     274
     303
     263
     287
     307
     293
     299
     264
     262
     306
     264
     286
     290
     263
     250
     265
     231
     243
     239
     254
     237
     271
     233
     225
     231
     252
     202
     230
     215
     229
     231
     204
     199
     226
     197
     218
     195
     195
     202
     190
     214
     185
     173
     198
     201
     194
     166
     172
     157
     150
     171
     186
     181
     188
     178
     144
     147
     159
     138
     153
     154
     154
     159
     134
     137
     148
     130
     113
     135
     123
     130
     137
     115
     116
     104
     119
     109
     120
     113
     102
     105
      99
     121
     120
     119
      94
     102
      94
      91
     106
      85
     104
      91
      83
      71
      84
      93
      85
      72
      76
      75
      73
      72
      73
      84
      78
      72
      54
      93
      84
      71
      62
      54
      56
      65
      70
      60
      53
      69
      59
      59
      45
      45
      60
      46
      44
      61
      43
      54
      40
      39
      39
      43
      44
      50
      38
      44
      51
      50
      36
      23
      40
      37
      34
      37
      25
      39
      41
      34
      27
      37
      36
      31
      34
      37
      31
      34
      38
      35
      27
      33
      26
      21
      22
      22
      27
      38
      20
      16
      19
      21
      22
      22
      16
      32
      24
      28
      23
      23
      22
      21
      25
      23
      22
      23
      26
      13
      15
      26
      21
      18
      19
      22
      13
      17
      18
      19
      16
      19
      24
      22
      19
      19
      18
      19
      17
      26
      17
      15
      24
      12
      25
      14
      17
      26
      11
      18
      14
      13
      17
      13
      25
      19
      21
      17
      18
      15
      13
      14
      12
      20
      22
      22
      24
      18
      16
      14
      12
      18
      14
      18
      20
      23
      21
      17
      19
      14
      20
      13
      27
      17
      14
      23
      19
      14
      15
      19
      16
      14
      20
      18
      21
      20
      18
      13
      20
       9
      12
      19
      22
      19
      14
      15
      21
      15
      14
      20
      14
      18
      11
      13
      11
      15
      23
      27
      15
      17
      15
      15
      23
      17
      20
      18
      16
      23
      16
      19
       9
      12
      13
      23
      12
      26
      10
       7
       8
      11
      11
      19
      21
      18
      28
      21
      15
      15
      14
      19
      18
      14
      20
      18
      13
      17
      12
      15
      16
      14
      14
      11
      11
       7
       9
      14
      19
      14
      12
      17
      19
       7
       7
      15
       9
      15
      14
      13
      19
      19
      14
       9
      20
      14
      21
      14
      21
      14
      21
      16
      12
      19
      12
      18
      16
      14
      22
      18
      16
      17
      14
      11
      14
      23
      15
      10
      12
       9
      19
      21
      13
      19
      11
      17
       8
      18
      17
      19
      13
      14
      13
      17
      19
      13
      20
      14
      13
      20
      13
      13
      22
      12
      15
      12
      13
      17
      13
      14
      18
      20
      18
      26
      21
      11
      16
      17
      12
      14
      16
      20
       9
       9
      21
      12
      12
      12
      17
      13
       7
      17
      13
      18
      13
      12
      12
      11
      15
      12
      16
      17
       9
      16
      19
      16
      15
       9
      17
      16
      18
      13
      15
      13
      13
      18
      17
      17
      14
      17
      18
      18
      25
      14
      14
      22
      11
      12
      16
      12
      11
      15
      19
      14
      14
      12
      10
      10
      15
      18
      13
      15
      16
      13
      12
      21
      13
      21
      10
      13
      12
      15
      11
      22
      23
      14
      11
       9
       5
      12
      21
      11
       7
      12
      18
      15
      11
      10
      18
      11
      12
      16
       9
      18
      14
      16
       5
      13
      15
      18
      10
      11
      13
      14
       7
      17
      14
      11
      13
      13
      12
      12
      14
      16
      12
      15
      18
      10
      16
      15
      15
      17
      16
      12
      16
      15
      19
      17
      16
      10
      23
      21
      19
      12
      11
      19
      10
      17
      15
      15
      20
      18
      16
      20
      10
      19
      14
      12
      15
      12
      10
      12
      11
      14
      18
      21
      16
      17
      19
      11
      22
      17
      16
      15
      13
       7
      13
      15
       9
      14
      11
      14
      13
      13
      16
      19
      12
      12
      18
      21
      19
      12
      10
      14
      14
      23
      17
      12
      11
      17
       8
      16
      17
      14
      12
      11
      12
      10
      17
      19
       9
      10
      12
      17
      18
      16
      15
      16
      10
       6
      21
      15
      16
      11
       8
      16
      13
      16
      11
      12
      28
      16
      10
      15
      22
       6
      14
       7
      13
      17
      19
      10
      12
      13
      18
      14
      11
      17
      16
      16
      14
       9
       9
      16
      18
      19
      16
      14
      10
       9
      15
      13
      16
      12
      13
      14
      13
      11
       7
      10
      11
      13
      14
       6
      10
      17
      10
      13
      10
       9
      12
      11
      15
      11
      17
      14
      19
      12
      13
      13
       9
      18
      14
      17
      11
      17
      17
      19
      14
      13
      21
      16
      15
      12
      11
      15
      19
       8
       8
      10
      12
      11
      15
      15
      13
      14
      17
      12
      19
      15
      13
      16
      15
      13
       7
      20
      16
       8
       9
      18
      11
      14
       9
       6
      22
      17
      10
      13
      21
       6
       9
      16
      18
      10
      13
      22
      20
      13
      12
      23
      14
      20
      13
      11
      13
      10
      10
      18
      22
      12
       7
      12
      13
      16
      15
      18
      12
      10
      18
      10
      17
      18
      19
      21
       9
      14
      19
      11
      14
      10
      10
      21
      11
      11
      14
      20
      14
      14
      14
      14
      13
      19
      16
      11
      16
      11
      11
      23
      19
      17
       7
      14
      19
      12
       9
      11
      14
       9
      11
      10
      15
       5
      18
      11
      17
      11
      12
      14
      18
      14
       9
      10
       9
      10
      16
      10
      20
      15
      18
      13
      14
      16
      12
      14
      13
      13
      16
      16
       9
      13
      17
      13
      14
      11
      11
      13
      11
      14
      13
      16
      14
      18
      15
      15
      13
      17
      16
      18
      15
      14
      13
      15
       8
      14
      10
      12
      10
      10
       9
      13
      13
      12
      22
      16
      11
      18
      10
      17
      18
      16
      12
      13
      11
      19
      13
      11
      17
      18
      18
      12
      11
      12
      12
      11
      19
      17
      10
      15
      17
      21
      15
      18
      12
      14
      16
      17
      12
      18
      15
      11
      16
      12
      15
      26
       8
      11
      10
       8
      24
      11
      15
      14
      17
      19
      13
      17
      13
      18
      11
      16
       9
      14
      10
      11
       9
      22
       8
      13
      13
      15
      14
       9
      20
      14
      16
      14
      12
      18
      22
      13
      17
      13
      15
      27
      14
      19
      10
      13
      21
      19
      19
      14
      14
      16
      17
      11
      11
      19
       7
      14
      11
      22
      14
      19
      14
      12
      15
      13
      15
      18
      17
       7
      14
      22
      15
      11
      19
      13
      11
      12
      16
      15
      14
      19
      12
      15
      20
      18
      14
      15
       8
      14
      12
      12
      10
       9
      11
      18
       6
      12
      13
      11
      19
      25
      14
      14
       9
      19
       9
      12
      10
      17
      14
      10
      15
      12
      13
      11
      18
      17
      14
      11
      15
      12
      14
      13
      16
       7
      15
      12
       4
       7
      14
      13
      13
      11
      18
      16
      13
       9
      12
      10
      11
      18
      19
      19
      19
       7
      17
      16
      14
      12
      12
      12
      14
      15
      15
      11
      17
      25
      17
      11
      19
      12
      11
       7
       7
      18
      12
      13
      13
       9
      25
      17
      15
       9
      10
       9
      10
      11
      16
      13
      13
      16
      13
      16
      11
      15
      19
      15
      13
      12
      14
       7
      15
      15
      17
      12
      17
      13
       9
      11
       6
      14
      13
      11
      14
      15
      16
       8
      14
      18
      12
      19
       9
      11
      22
       9
      21
      12
      17
       7
      12
      22
      17
      13
      10
      10
       6
      18
      11
      10
      16
      20
      11
       9
      17
      15
      17
      16
      17
      19
      11
      12
      12
      13
       8
       6
      10
      13
      19
       7
       9
       8
       7
      16
       8
      10
      12
       9
      12
      11
      17
      11
      17
      19
      17
      17
      13
      14
      17
      15
      15
      16
      13
      17
      28
      16
      11
      11
      19
      15
       9
      17
       9
      14
      14
       8
      13
      10
      12
      15
      18
      10
      14
       8
      15
       6
      18
      14
      12
       9
      12
      10
      14
      10
      10
      12
       9
      12
      16
      18
      11
      14
      15
      17
      15
      15
      14
      12
      22
       7
      15
      12
       9
      13
      19
      13
       9
      13
      17
      19
      10
       7
      14
       9
      11
      11
      13
      16
      13
       9
       9
      13
      15
      14
      10
      18
      12
      13
       9
      13
       8
      17
      12
      13
      15
      12
      20
      10
      11
      14
      11
      12
      16
      18
      13
      11
      14
      18
      15
      16
      18
      16
       7
      14
      10
       8
      21
      10
       8
      12
      12
      12
      15
       8
      17
      17
      12
       9
      11
      22
      17
      16
      12
      14
      11
      17
      13
      11
      15
      11
      11
      13
      11
      14
      20
      16
      10
      21
       8
      16
      12
      10
      10
      11
      13
       9
      15
      13
      17
      11
       8
      14
      22
      15
      13
      11
      10
      13
      13
      16
      18
      18
      15
      19
       9
       8
      13
      13
       9
       4
      13
      14
      16
      14
      13
      13
       8
      14
      12
      13
      12
      12
      16
      12
      15
      11
      16
      11
      14
      14
       8
      11
      10
      11
      10
      10
      13
      14
      13
      16
      15
      14
      14
      11
      13
      10
      14
       9
      10
       7
      12
      18
      16
      14
      12
      12
      15
      15
      14
      14
      14
      12
      11
      10
      17
      12
      10
      13
      12
      15
      14
       7
      12
       9
      12
      10
      10
      14
      12
      11
      15
       8
      19
      11
      10
       7
      10
      11
      14
      10
      13
      17
       7
      14
      13
       9
      17
      11
      15
      20
      12
       9
       8
      10
       9
      13
      15
      13
      17
       9
      12
      18
      14
      10
      16
      12
      15
      20
      14
      22
      11
      16
      13
      15
      22
      20
      11
      13
      16
      11
      16
       8
      18
      19
      10
      14
      14
      11
      13
      14
      11
       8
      11
      10
      14
       8
      17
       9
      11
      13
      14
      14
       7
      13
      13
      10
      15
       9
       6
       8
       7
      13
      13
      14
      12
      15
      13
      15
      12
      10
       7
      16
       7
      12
      12
       9
      16
      11
       7
       7
       7
      13
       9
      16
       7
      11
      15
      13
      13
      16
      15
      11
      14
      10
      13
      13
      12
      16
      17
      14
      13
      14
      10
      12
      12
      16
      15
      14
      14
       9
      18
      11
      18
      10
      14
       7
      13
      11
      13
      10
      11
      12
      11
      11
      16
       5
       5
      13
      10
      17
      15
      12
      13
       9
      13
      15
      11
      15
      14
      15
      16
       8
      16
      11
      12
       8
       9
      19
      10
       8
       9
      18
      14
      14
       8
      11
      13
      11
      16
      14
      10
      10
      12
      12
      15
      11
       9
      10
       8
      15
      13
      10
      13
      16
      14
      12
      13
      12
       9
       9
      17
       9
      16
       9
      10
      15
      22
      15
      18
      13
      13
      14
      16
      14
      20
      14
      15
      12
      12
       9
      13
      14
      10
      14
       7
      17
      12
      10
      14
       8
      10
      10
       6
       6
       6
      11
       6
      14
      15
       8
      14
       8
       9
      13
      10
       3
       7
      13
      15
      16
      15
      12
      14
      16
      13
      11
      18
       9
      15
       9
      12
      14
      13
      19
      13
       7
      16
      11
      13
      11
      19
      13
      15
      15
      14
       8
       8
       9
      14
       8
      12
      12
      14
      16
      21
      12
       8
       8
      13
      12
      11
       9
      18
      14
       9
       8
      12
      19
      14
      14
       4
       6
      12
      15
      12
      11
      16
      13
      10
       9
      15
      20
       9
      10
       7
      10
      10
      12
      11
      15
      12
      14
      11
      12
      12
      14
       9
      13
       8
      14
      11
      16
      16
      11
      17
      13
      22
      11
       8
      20
      12
      12
      11
      14
       8
      13
      10
      15
      11
      10
      14
      10
      10
      16
       8
      13
      10
      10
      15
      16
      15
      13
       7
      10
      16
      14
      17
      13
      12
      12
      17
      14
      17
      11
      17
      11
      12
       7
      17
      21
      16
       6
      10
      18
      13
      19
      14
      13
      19
      12
      16
      10
      14
      15
      12
       8
      10
       8
      13
      10
      10
      15
      10
       9
      20
      14
      14
      12
      10
      17
      14
      19
      12
      14
      16
       9
      16
       8
      20
      15
      10
      14
      14
      10
      12
      13
      11
       8
      14
      13
      15
       6
      17
       8
      14
      15
      11
      14
      15
      15
      13
      17
      15
      16
      15
      13
      11
      10
       7
       9
      13
      13
      15
      15
      14
      12
       7
      11
      14
      11
       9
      18
       9
      15
      16
      12
      12
      12
      11
       9
       9
      15
       6
       5
       8
       8
      15
      11
      12
      10
      11
      18
      11
       8
      14
      11
      11
       9
      15
      11
      14
      20
       7
      13
      12
      18
      17
      11
       9
      12
      12
      16
      11
      13
      15
      14
      10
      13
      12
      14
      16
      14
      12
       7
      12
       7
      17
      13
      17
      11
      18
      10
       6
       7
      14
      11
      11
       4
      15
       9
      15
      15
      11
      12
      13
      21
      15
      17
      13
      12
      13
       6
      11
       8
       8
       9
      10
      11
      10
      12
      10
      10
      12
      11
      17
      11
      13
      11
      13
      16
      11
      11
      15
      13
       9
      15
      11
      13
      17
       7
      12
       6
      14
      12
      12
      13
      10
      14
      14
       9
      15
       9
      11
       6
      14
      12
      18
      14
       4
      16
      19
      12
      10
      11
      10
      13
       9
      15
       8
      10
      19
       7
      14
      13
      11
      15
      13
      11
      14
       7
       9
       6
      10
      14
      16
       9
      10
      14
      16
       9
       6
      16
      19
      10
      16
       8
      11
      18
      15
      19
      17
      17
      12
      13
      15
      18
       7
      11
      15
      12
      14
      13
       7
      15
      16
      13
      13
      13
      11
      19
      16
      18
      12
      16
      10
      10
      13
       6
      13
      13
      17
      21
      13
       8
      13
      15
      18
      12
       9
      17
       8
      10
      21
      13
      10
      10
      10
      13
      11
       9
      13
      11
      15
      12
       7
      21
      11
       8
      10
      14
      18
      15
      19
      12
      11
      23
      11
      13
      20
       5
       8
      17
      11
      12
      13
      16
       9
      12
      15
      12
       8
      11
      13
      15
      17
      16
      14
      13
       8
      12
       8
      10
      14
      11
      12
      12
      12
      14
      17
      25
      11
      18
      12
      18
      11
      14
      15
      14
      11
      18
      11
       6
      15
       9
      17
      14
      13
       9
      16
      12
      16
      12
      12
      14
      11
       9
      10
       9
      16
      16
      15
      13
       9
      19
      11
      14
      11
      16
      16
      15
       9
      13
      16
      14
      13
      15
      18
      18
      12
      11
      12
      17
      10
      21
      13
      17
      14
       9
       9
       8
      12
      15
      15
       8
      14
      18
      13
       8
      13
      16
       9
      11
      10
      12
      14
      11
       6
      15
      14
      17
      14
      10
       6
      13
      17
      20
      11
      14
      13
      12
      10
      14
      12
      13
      14
      13
      12
      21
      13
      13
      18
      15
       9
      20
      16
      14
      14
      10
      13
      10
      13
      14
      14
      17
      12
       9
      15
      10
      12
      11
      13
      13
      13
      12
      21
      11
      13
      11
      13
       5
       9
       9
      15
       9
      20
       8
      18
      22
      10
      15
      16
      13
      10
      10
      27
       6
      10
      17
      13
       9
      15
      13
      17
       9
      12
      13
       5
      16
       9
      11
      17
      12
      11
       9
      12
      17
      12
      11
      13
      13
      13
      10
      14
      21
      14
       7
      12
      11
       9
      16
      19
      10
      12
      12
      12
      16
      12
      16
      20
      10
      23
      12
      19
      16
      12
      17
      11
      11
      12
       9
      10
      18
      12
      13
      13
      14
      19
      15
      10
      10
      12
      12
      14
      12
      14
      13
       9
      19
      12
      12
      10
      19
      17
      13
       7
      16
      15
      17
      17
      14
      12
      10
      15
      14
      16
      23
      14
      13
      14
      20
      17
      10
      17
      15
      12
      11
      18
      20
      16
      15
      20
      12
      19
      11
      15
      11
      19
       9
      17
      12
      22
      17
      10
      13
       6
       8
      13
      12
      11
      21
      18
      17
      14
      13
      10
      16
      23
       9
      11
      16
      13
      13
      13
       9
      21
      16
      18
      15
      15
      17
      17
      17
      16
      12
      15
       8
      11
      11
      11
      11
      16
      12
      15
      24
      17
      11
      16
      18
      14
      11
       9
      19
      12
      15
      18
      13
      15
       6
      17
      20
      14
      16
      11
      13
      23
      24
      12
      17
      13
      16
      12
      11
      20
       8
      15
       9
      12
      14
      11
      11
      14
      13
      22
      17
      17
      14
      14
      11
      13
      12
      11
      18
      14
      16
      18
      15
       9
      14
      15
      15
      16
      13
       6
      14
      12
      18
      14
      13
      15
      10
      11
      14
      16
      12
      16
      13
      13
      13
      11
      12
      13
      17
       9
       7
      11
      10
      17
      15
      18
      14
       8
      11
      14
      16
      11
       9
      11
      15
      12
      10
      18
      11
      11
      15
      13
      15
      13
       9
      12
      12
      13
      12
      13
      13
      14
      15
      15
      14
      10
      18
      15
      12
      19
      11
      20
      15
       9
      11
       7
      19
      13
      11
      16
      17
      10
      20
      17
      13
      13
      14
      13
      15
      11
       9
      19
      13
      17
      11
      16
      13
       8
      10
      13
       8
      13
      11
      11
      13
       6
      15
      10
      13
      19
       7
      14
      17
       7
      10
      12
       9
      12
      11
       9
      10
      12
       8
      16
      12
       5
       9
      15
       9
      10
      10
      17
      14
      11
      21
      17
       9
      16
      16
      11
      15
      16
      14
       9
      10
      11
      15
      16
       9
      13
      11
       8
      16
      13
      14
       5
       7
      10
       9
      13
      15
      15
      13
       8
      15
      10
      20
      13
       9
      10
      10
      10
      11
      16
      10
      13
      15
      11
      15
      18
      11
      11
      17
      12
      13
      13
       9
      15
       6
      11
      10
      14
      14
      11
      16
      17
      12
      14
      15
      15
      20
      10
      10
       8
       6
      12
      18
       5
      11
      10
      12
       8
       4
      12
      11
       7
      10
      11
       7
       9
      14
       5
      13
      10
       9
      15
      11
      13
      10
      13
      12
       9
       9
      12
       8
      12
       9
       7
       7
      20
      13
       7
      13
      13
       4
       6
       9
       9
       8
       8
       8
      14
      11
       7
      12
      13
       5
      10
       9
      18
      11
       8
      13
      19
       9
       6
       7
      11
       7
      10
       6
      11
       6
       4
      12
       7
      13
      12
       3
      10
       3
       7
      12
       6
      14
       9
       9
       7
      15
       9
      14
       9
       9
       6
       8
      10
       9
       8
      11
      13
       5
       6
      10
       7
      18
       5
       5
      12
       6
       5
       6
       8
      12
       9
       7
      10
       5
       4
       4
       8
       8
       8
       4
       5
       5
      11
       6
       4
       8
       8
       5
      13
       8
       6
       4
       4
       2
      11
       6
      10
       9
       5
       9
       6
       8
       7
       9
       9
      11
       6
       5
       6
       8
       7
       6
       8
      10
       3
       7
       6
       8
       4
       6
       4
      12
       7
       3
       4
       8
       9
       9
      10
       6
       8
       8
       6
       7
      10
       6
      13
      11
       7
       2
       4
       8
       9
       8
       8
       4
       6
      10
       8
       7
       4
      11
       9
      10
       7
       7
       3
      10
       7
       3
       8
       9
       7
       6
       5
       8
       5
       4
       8
       7
       2
       5
       6
       3
       5
       5
       5
       6
       5
       9
       5
       6
       6
       3
       5
       5
       3
       6
       3
       5
       5
       4
      11
       7
       4
       6
       9
       2
       8
      11
       4
      12
       3
       5
       4
       6
       4
       3
       5
       6
       4
       5
       6
       5
       2
       4
       4
       0
       4
       4
       5
       6
       3
       3
      13
       7
       3
       4
       7
       7
       9
       7
       5
       4
       8
       4
       5
       5
       6
       3
       6
       5
       2
       4
       4
       6
       3
       4
       6
       2
       1
       3
       3
       4
       6
       4
       2
       5
       4
       5
       2
       6
       5
       5
       5
       6
       2
       4
       1
       3
       3
       7
       3
       5
       6
       1
       5
       1
       6
       2
       3
       4
       2
       5
       4
       1
       2
       4
       2
       3
       8
       4
       5
       3
       3
       6
       4
       3
      10
       2
       2
       3
       3
       4
       4
       2
       3
       7
       8
       5
       1
       4
       3
       6
       6
      10
       7
       3
       8
       4
       4
       4
       5
       3
       2
       3
       1
       5
       6
       6
       3
       5
       1
       8
       4
       5
       7
       3
       1
       6
       1
       3
       5
       2
       5
       4
       1
       4
       5
       5
       4
       3
       3
       2
       6
       2
       4
       2
       2
       4
       2
       6
       4
       2
       5
       1
       5
       4
       4
       5
       6
       1
       4
       1
       3
       5
       4
       3
       0
       2
       4
       2
       9
       2
       3
       2
       9
       3
       2
       3
       2
       4
       5
       1
       0
       4
       4
       3
       6
       3
       2
       2
       1
       4
       1
       1
       5
       5
       3
       1
       5
       1
       1
       4
       2
       6
       3
       7
       3
       1
       1
       4
       1
       0
       7
       4
       3
       1
       1
       4
       3
       4
       1
       2
       7
       3
       3
       3
       5
       5
       3
       8
       4
       5
       1
       2
       3
       3
       2
       5
       3
       0
       0
       3
       0
       4
       1
       4
       3
       2
       3
       1
       4
       5
       4
       2
       1
       3
       1
       2
       6
       2
       3
       2
       2
       2
       4
       3
       1
       3
       2
       3
       2
       1
       0
       3
       5
       4
       3
       1
       5
       3
       3
       2
       3
       2
       1
       2
       2
       4
       2
       2
       0
       7
       4
       2
       2
       0
       0
       3
       1
       2
       6
       1
       0
       5
       3
       4
       1
       2
       2
       2
       3
       3
       1
       3
       2
       3
       6
       2
       2
       2
       4
       1
       2
       3
       3
       3
       1
       2
       3
       3
       3
       0
       3
       0
       3
       3
       2
       5
       4
       2
       3
       1
       0
       4
       6
       0
       0
       1
       1
       1
       2
       0
       4
       1
       6
       1
       1
       2
       0
       1
       0
       4
       3
       2
       4
       3
       0
       3
       4
       2
       2
       3
       3
       1
       5
       2
       4
       1
       3
       3
       3
       3
       3
       2
       3
       2
       0
       2
       3
       2
       4
       3
       0
       1
       2
       4
       3
       3
       2
       1
       3
       2
       4
       3
       3
       1
       2
       2
       3
       3
       0
       2
       1
       3
       0
       1
       2
       2
       3
       0
       0
       2
       4
       1
       3
       4
       2
       1
       1
       4
       3
       3
       3
       1
       3
       0
       1
       1
       2
       0
       0
       1
       4
       3
       6
       2
       4
       3
       0
       6
       5
       2
       2
       3
       2
       4
       1
       1
       3
       2
       8
       5
       1
       2
       2
       0
       2
       6
       2
       0
       4
       2
       2
       8
       1
       1
       0
       3
       2
       2
       0
       3
       0
       1
       2
       3
       3
       0
       1
       3
       3
       2
       3
       2
       3
       2
       2
       2
       7
       4
       1
       1
       1
       2
       4
       1
       4
       0
       3
       2
       4
       3
       1
       3
       4
       3
       2
       4
       2
       2
       1
       1
       3
       4
       4
       3
       0
       4
       6
       1
       1
       3
       1
       7
       3
       5
       0
       3
       3
       6
       2
       0
       1
       3
       0
       2
       2
       3
       1
       2
       3
       4
       2
       2
       1
       1
       2
       5
       2
       3
       2
       2
       2
       1
       2
       0
       5
       1
       5
       1
       3
       2
       2
       4
       2
       2
       2
       1
       7
       3
       5
       5
       4
       3
       3
       2
       3
       5
       7
      10
       3
       4
       2
       6
       2
       7
       4
       1
       2
       3
       2
       5
       1
       4
       5
       3
       5
       2
       4
       9
       6
       2
       6
       2
       2
       3
       5
       5
       4
       6
       3
       5
       7
       5
       3
       5
       7
       7
       2
       5
       5
       6
      11
       7
       5
       3
       6
      10
       8
       7
       7
       6
       4
       8
       3
       7
       5
       8
       4
       5
       4
       2
       6
       3
       6
       2
       5
       6
       6
      11
       4
       7
       6
       6
       5
       6
       7
       4
      11
       3
       8
       7
       9
       6
       5
       6
       6
       8
       6
       3
       5
       9
       4
       5
       3
       8
       5
       8
       3
       5
       6
       9
       3
       9
      10
       9
       9
       6
       5
      17
       5
       8
      14
       7
      12
       6
      13
      11
       7
       4
       6
       6
       5
       4
       6
       8
      10
       9
       9
       6
      12
      10
      10
       4
      10
       8
       7
      15
      14
      12
       7
      12
      11
       9
      10
      10
       7
       6
      13
      10
       9
      10
       9
      13
      10
       5
       9
      12
      11
       8
      11
      12
       8
      11
      12
      15
      11
      13
      13
       8
      15
      10
      10
      13
      13
      21
      16
      13
      12
      11
       9
      21
      13
      10
      14
      18
      15
      17
      17
      12
      16
       7
      16
      17
      13
      13
      16
      18
      21
      15
       8
      16
      22
      15
       8
      17
      11
      21
      21
      24
      19
      22
      12
      15
      14
      24
      15
      13
      26
      20
      23
      19
      16
      17
      16
      19
      28
      12
      15
      16
      24
      19
      21
      24
      15
      26
      19
      29
      14
      21
      24
      25
      19
      25
      19
      24
      15
      15
      22
      23
      17
      19
      17
      21
      21
      15
      29
      32
      26
      21
      17
      23
      30
      30
      25
      21
      32
      25
      21
      16
      29
      23
      26
      26
      22
      25
      24
      27
      17
      23
      30
      31
      26
      27
      28
      28
      33
      25
      22
      33
      23
      35
      23
      34
      22
      21
      32
      33
      30
      28
      20
      31
      31
      27
      25
      40
      22
      37
      29
      25
      33
      29
      22
      28
      24
      19
      33
      25
      26
      36
      36
      28
      23
      29
      27
      34
      38
      30
      40
      28
      23
      28
      40
      27
      41
      20
      30
      18
      27
      35
      40
      37
      30
      43
      32
      26
      32
      28
      32
      31
      35
      30
      36
      33
      28
      32
      23
      30
      30
      39
      30
      33
      34
      49
      41
      34
      38
      39
      34
      41
      46
      32
      38
      43
      25
      37
      35
      43
      23
      38
      32
      41
      45
      32
      43
      46
      39
      41
      48
      36
      47
      33
      39
      35
      36
      51
      39
      31
      37
      37
      44
      47
      38
      43
      37
      43
      50
      40
      38
      52
      41
      40
      38
      42
      41
      37
      45
      39
      42
      32
      38
      40
      37
      28
      38
      41
      29
      36
      33
      39
      37
      45
      34
      32
      52
      30
      38
      44
      31
      32
      37
      40
      44
      44
      32
      39
      41
      43
      46
      33
      29
      38
      30
      35
      45
      35
      33
      33
      40
      42
      29
      36
      34
      50
      45
      39
      37
      38
      40
      35
      34
      49
      43
      32
      30
      36
      36
      32
      39
      38
      37
      42
      39
      35
      33
      32
      43
      42
      32
      30
      43
      39
      40
      34
      37
      24
      37
      24
      28
      36
      44
      27
      33
      25
      35
      34
      35
      18
      25
      35
      33
      39
      25
      25
      33
      28
      25
      42
      34
      27
      35
      33
      37
      39
      29
      36
      37
      31
      26
      25
      34
      29
      38
      22
      34
      26
      30
      31
      37
      39
      29
      26
      28
      51
      34
      35
      35
      29
      25
      25
      27
      29
      35
      28
      29
      30
      26
      23
      30
      28
      34
      35
      27
      24
      34
      20
      25
      28
      34
      32
      26
      30
      32
      20
      23
      25
      31
      22
      21
      24
      20
      20
      18
      15
      16
      25
      25
      31
      23
      29
      27
      24
      16
      11
      17
      32
      25
      24
      25
      25
      23
      20
      14
      23
      21
      17
      21
      22
      16
      28
      20
      19
      29
      21
      30
      13
      15
      13
      26
      20
      21
      17
      24
      16
      19
      21
      13
      27
      11
      29
      16
      15
      22
      18
      23
      18
      20
      18
      22
      15
      15
      18
      16
      20
      15
      18
      10
      11
      11
      16
       9
      20
      11
      15
      10
      21
      12
      14
      12
      20
      12
      15
      16
      19
      17
      11
      11
      10
      14
      14
      12
      13
      14
      12
      12
      12
      16
      15
       7
      14
       8
       8
      15
      10
      11
      14
       6
      12
       5
      14
       9
       7
      10
       8
      12
      13
       9
      10
      12
       8
      10
      10
       8
       7
       4
      16
       4
      13
       7
      11
      10
      11
       7
       8
       6
       8
       8
       9
       9
       9
      11
       7
       5
       7
       4
       9
       4
       4
       5
       8
      13
       8
       9
       8
      11
       7
       8
       2
       5
       7
       2
       5
       8
       6
       5
       6
       5
       5
       6
       2
       6
       5
       5
       5
       9
       3
       6
       4
       4
       9
       7
       5
       3
       5
       8
       8
       3
       7
       3
       5
       1
       0
       6
       1
       1
       4
       4
       3
       1
       4
       3
       6
       1
       6
       2
       1
       3
       2
       4
       5
       2
       7
       4
       3
       2
       3
       1
       6
       3
       7
       5
       1
       4
       0
       2
       4
       5
       6
       1
       4
       1
       2
       0
       4
       0
       0
       1
       4
       4
       3
       4
       2
       1
       0
       1
       2
       1
       1
       5
       3
       0
       0
       4
       1
       1
       2
       4
       2
       3
       1
       3
       1
       1
       1
       2
       1
       1
       0
       1
       2
       2
       1
       3
       2
       0
       2
       1
       1
       3
       4
       1
       2
       2
       1
       1
       1
       1
       1
       1
       1
       1
       1
       2
       1
       0
       3
       2
       0
       2
       3
       1
       0
       0
       2
       2
       0
       1
       0
       0
       0
       1
       0
       2
       0
       2
       2
       3
       1
       0
       0
       0
       0
       3
       1
       0
       0
       0
       2
       0
       0
       0
       0
       1
       1
       0
       0
       1
       2
       0
       1
       0
       0
       0
       1
       1
       2
       1
       0
       0
       0
       1
       1
       3
       0
       0
       1
       0
       1
       0
       1
       0
       0
       1
       1
       0
       0
       0
       0
       0
       0
       1
       1
       0
       1
       1
       0
       1
       0
       0
       1
       0
       0
       0
       3
       1
       0
       0
       0
       0
       0
       0
       0
       0
       2
       0
       1
       0
       0
       2
       0
       0
       0
       0
       1
       0
       2
       1
       1
       0
       1
       0
       0
       1
       1
       0
       0
       0
       0
       0
       0
       0
       0
       1
       0
       0
       0
       0
       2
       0
       0
       0
       0
       0
       0
       0
       0
       0
       0
       1
       0
       0
       1
       0
       0
       0
       0
       0
       0
       0
       0
       0
       0
       0
       0
       0
       0
       1
       0
       1
       1
       1
       1
       0
       0
       0
       1
       1
       1
       0
       1
       0
       0
       0
       1
       0
       1
       2
       1
       0
       0
       0
       0
       1
       1
       0
       0
       1
       2
       1
       1
       0
       0
       0
       0
       1
       1
       0
       0
       0
       0
       0
       0
       0
       0
       0
       0
       1
       0
       0
       0
       2
       0
       0
       0
       0
       0
       2
       0
       1
       0
       0
       1
       1
       0
       0
       2
       0
       0
       0
       0
       1
       0
       0
       0
       0
       1
       0
       0
       0
       1
       0
       0
       0
       0
       0
       0
       3
       0
       0
       0
       0
       1
       0
       0
       0
       0
       0
       0
       1
       0
       1
       2
       1
       1
       2
       0
       2
       0
       1
       1
       0
       0
       0
       1
       0
       0
       0
       2
       0
       1
       0
       0
       0
       0
       0
       0
       0
       0
       0
       0
       0
       0
       0
       0
       0
       1
       1
       0
       1
       2
       0
       1
       0
       1
       1
       1
       1
       1
       0
       0
       0
       0
       0
       1
       1
       0
       0
       0
       0
       0
       0
       0
       0
       2
       0
       0
       1
       1
       1
       0
       1
       0
       0
       0
       0
       0
       0
       0
       0
       0
       0
       1
       0
       0
       1
       0
       0
       0
       0
       0
       0
       1
       0
       0
       0
       0
       0
       0
       0
       0
       0
       1
       1
       0
       0
       1
       2
       1
       0
       0
       1
       0
       1
       0
       0
       0
       0
       1
       0
       0
       0
       0
       0
       0
       0
       2
       0
       0
       0
       1
       1
       1
       0
       1
       0
       0
       0
       0
       0
       0
       0
       1
       0
       0
       1
       0
       0
       1
       0
       1
       0
       0
       0
       0
       2
       0
       1
       0
       1
       2
       1
       2
       0
       0
       0
       0
       0
       1
       0
       1
       0
       0
       0
       0
       2
       1
       0
       0
       2
       0
       2
       0
       1
       0
       0
       0
       0
       1
       1
       1
       0
       0
       0
       0
       0
       1
       1
       0
       1
       0
       0
       1
       0
       0
       2
       1
       2
       0
       1
       1
       1
       0
       0
       0
       2
       2
       0
       0
       1
       0
       1
       0
       1
       0
       0
       0
       0
       1
       0
       0
       1
       0
       1
       2
       0
       0
       0
       2
       0
       0
       0
       0
       0
       0
       1
       0
       0
       1
       0
       1
       0
       1
       2
       0
       0
       0
       0
       0
       0
       0
       0
       0
       1
       2
       0
       0
       0
       0
       2
       0
       0
       1
       0
       0
       1
       0
       0
       1
       0
       0
       1
       2
       1
       1
       0
       0
       3
       1
       0
       0
       0
       0
       0
       0
       2
       1
       0
       1
       0
       0
       0
       0
       0
       0
       0
       0
       0
       1
       1
       1
       2
       1
       0
       1
       1
       1
       0
       0
       0
       1
       0
       0
       1
       0
       0
       0
       2
       0
       1
       0
       0
       0
       0
       0
       1
       1
       0
       1
       1
       0
       2
       1
       0
       0
       0
       0
       2
       0
       1
       0
       0
       0
       0
       1
       1
       0
       0
       0
       0
       2
       0
       1
       1
       0
       0
       0
       0
       0
       0
       1
       0
       0
       0
       0
       0
       0
       0
       0
       1
       0
       2
       3
       0
       0
       0
       2
       0
       0
       0
       1
       0
       0
       0
       0
       1
       1
       1
       0
       1
       1
       0
       0
       0
       0
       0
       1
       0
       1
       2
       0
       0
       0
       0
       0
       2
       0
       0
       0
       0
       0
       0
       0
       0
       0
       0
       0
       0
       0
       0
       0
       0
       0
       0
       0
       0
       0
       0
       0
       0
       0
       0
       0
       0
       0
       0
       0
       0
       0
       0
       0
       0
       0
       0
       0
       0
       0
       0
       0
       0
       0
       0
       0
       0
       0
       0
       0
       0
       0
       0
       0
       0
       0
       0
       0
       0
       0
       0
       0
       0
       0
       0
       0
       0
       0
       0
       0
       0
       0
       0
       0
       0
       0
       0
       0
       0
       0
       0
       0
       0
       0
       0
       0
       0
       0
       0
       0
       0
       0
       0
       0
       0
       0
       0
       0
       0
       0
       0
       0
       0
       0
       0
       0
       0
       0
       0
       0
       0
       0
       0
       0
       0
       0
       0
       0
       0
       0
       0
       0
       0
       0
       0
       0
       0
$ROI:
0
$PRESETS:
None
0
0
$ENER_FIT:
-0.946274 0.242428
$MCA_CAL:
3
-9.462742E-001 2.424276E-001 -2.056130E-007 keV
$SHAPE_CAL:
3
4.142836E+001 -1.952030E-002 2.453628E-006
