0
0
0
0
0
0
0
0
0
0
0
0
0
0
0
0
0
0
0
0
0
0
0
0
0
0
0
0
0
0
0
0
0
0
0
0
0
0
0
0
0
0
0
0
0
0
0
0
0
0
0
0
0
0
0
0
0
0
0
0
0
0
0
0
0
0
0
0
0
0
0
0
0
0
0
0
0
0
0
0
0
0
0
0
0
0
0
0
0
0
0
0
0
0
0
0
0
0
0
0
0
0
0
0
0
0
0
0
0
0
0
0
0
0
0
0
0
0
0
0
0
0
0
0
0
0
0
0
0
0
0
0
0
0
0
0
0
0
0
0
0
0
0
0
0
0
0
0
0
0
0
0
0
0
0
0
0
0
0
0
0
0
0
0
0
0
0
0
0
0
0
0
0
0
0
0
0
0
0
0
0
0
0
0
0
0
0
0
0
0
0
0
0
0
0
0
0
0
0
0
0
0
0
0
0
0
0
0
0
0
0
0
0
0
0
0
0
0
0
0
0
0
0
0
0
0
0
0
0
0
0
0
0
0
0
0
0
0
0
0
0
0
0
0
0
0
0
0
0
0
0
0
0
0
0
0
0
0
0
0
0
0
0
0
0
0
0
0
0
0
0
0
0
0
0
0
0
0
0
0
0
0
0
0
0
0
0
0
0
0
0
0
0
0
0
0
0
0
0
0
0
0
0
0
0
0
0
0
0
0
0
0
0
0
0
0
0
0
0
0
0
0
0
0
0
0
0
0
0
0
0
0
0
0
0
0
0
0
0
0
0
0
0
0
0
0
0
0
0
0
0
0
0
0
0
0
0
0
0
0
0
0
0
0
0
0
0
0
0
0
0
0
0
0
0
0
0
0
0
0
0
0
0
0
0
0
0
0
0
0
0
0
0
0
0
0
0
0
0
0
0
0
0
0
0
0
0
0
0
0
0
0
0
0
0
0
0
0
0
0
0
0
0
0
0
0
0
0
0
0
0
0
0
0
0
0
0
0
0
0
0
0
0
0
0
0
0
0
0
0
0
0
0
0
0
0
0
0
0
0
0
0
0
0
0
0
0
0
0
0
0
0
0
0
0
0
0
0
0
0
0
0
0
0
0
0
0
0
0
0
0
0
0
0
0
0
0
0
0
0
0
0
0
0
0
0
0
0
0
0
0
0
0
0
0
0
0
0
0
0
0
0
0
0
0
0
0
0
0
0
0
0
0
0
0
0
0
0
0
0
0
0
0
0
0
0
0
0
0
0
0
0
0
0
0
0
0
0
0
0
0
0
0
0
0
0
0
0
0
0
0
0
0
0
0
0
0
0
0
0
0
0
0
0
0
0
0
0
0
0
0
0
0
0
0
0
0
0
0
0
0
0
0
0
0
0
0
0
0
0
0
0
0
0
0
0
0
0
0
0
0
0
0
0
0
0
0
0
0
0
0
0
0
0
0
0
0
0
0
0
0
0
0
0
0
0
0
0
0
0
0
0
0
0
0
0
0
0
0
0
0
0
0
0
0
0
0
0
0
0
0
0
0
0
0
0
0
0
0
0
0
0
0
0
0
0
0
0
0
0
0
0
0
0
0
0
0
0
0
0
0
0
0
0
0
0
0
0
0
0
0
0
0
0
0
0
0
0
0
0
0
0
0
0
0
0
0
0
0
0
0
0
0
0
0
0
0
1.82804e-322
1.82804e-322
1.82804e-322
1.82804e-322
3.65609e-322
3.65609e-322
5.48413e-322
5.48413e-322
7.31217e-322
9.18962e-322
1.28457e-321
1.65018e-321
2.01579e-321
2.5642e-321
3.30036e-321
4.21438e-321
5.31615e-321
6.78352e-321
8.6165e-321
1.09979e-320
1.39327e-320
1.77814e-320
2.25492e-320
2.85965e-320
3.64769e-320
4.63779e-320
5.88432e-320
7.47917e-320
9.49545e-320
1.20616e-319
1.53244e-319
1.94859e-319
2.47468e-319
3.14374e-319
3.9925e-319
5.07218e-319
6.44148e-319
8.18291e-319
1.03918e-318
1.31983e-318
1.67599e-318
2.1284e-318
2.70289e-318
3.4321e-318
4.35781e-318
5.53318e-318
7.02532e-318
8.91945e-318
1.13237e-317
1.43755e-317
1.82491e-317
2.31657e-317
2.94057e-317
3.7325e-317
4.73753e-317
6.01296e-317
7.63143e-317
9.68517e-317
1.22911e-316
1.55977e-316
1.9793e-316
2.51157e-316
3.18685e-316
4.04354e-316
5.13034e-316
6.50897e-316
8.25776e-316
1.0476e-315
1.32896e-315
1.68582e-315
2.13842e-315
2.71242e-315
3.44038e-315
4.36353e-315
5.53417e-315
7.0186e-315
8.90085e-315
1.12874e-314
1.43134e-314
1.81499e-314
2.30137e-314
2.91799e-314
3.69968e-314
4.69058e-314
5.94666e-314
7.5388e-314
9.55685e-314
1.21146e-313
1.53564e-313
1.94648e-313
2.46715e-313
3.12697e-313
3.9631e-313
5.02261e-313
6.36513e-313
8.06618e-313
1.02214e-312
1.29521e-312
1.64115e-312
2.07942e-312
2.63462e-312
3.33794e-312
4.22883e-312
5.35731e-312
6.78665e-312
8.59701e-312
1.08899e-311
1.37937e-311
1.74712e-311
2.21282e-311
2.80256e-311
3.54932e-311
4.49489e-311
5.69215e-311
7.20804e-311
9.12726e-311
1.1557e-310
1.46331e-310
1.85272e-310
2.34566e-310
2.96964e-310
3.75947e-310
4.75918e-310
6.02449e-310
7.62592e-310
9.65266e-310
1.22176e-309
1.54634e-309
1.95709e-309
2.47684e-309
3.1345e-309
3.96663e-309
5.01948e-309
6.35153e-309
8.03677e-309
1.01687e-308
1.28658e-308
1.62776e-308
2.05932e-308
2.60521e-308
3.29568e-308
4.16898e-308
5.27349e-308
6.67037e-308
8.43692e-308
1.06709e-307
1.34959e-307
1.70681e-307
2.1585e-307
2.72963e-307
3.45173e-307
4.36468e-307
5.51889e-307
6.97806e-307
8.82268e-307
1.11545e-306
1.4102e-306
1.78278e-306
2.25369e-306
2.84889e-306
3.60115e-306
4.55186e-306
5.75333e-306
7.27166e-306
9.19032e-306
1.16148e-305
1.46783e-305
1.8549e-305
2.34396e-305
2.96185e-305
3.74248e-305
4.72866e-305
5.97449e-305
7.54824e-305
9.53618e-305
1.20472e-304
1.52188e-304
1.92247e-304
2.4284e-304
3.06735e-304
3.87428e-304
4.8933e-304
6.1801e-304
7.80499e-304
9.85671e-304
1.24473e-303
1.57181e-303
1.98477e-303
2.50613e-303
3.16431e-303
3.99519e-303
5.04405e-303
6.36801e-303
8.03919e-303
1.01485e-302
1.28108e-302
1.61709e-302
2.04115e-302
2.57632e-302
3.25167e-302
4.1039e-302
5.17928e-302
6.53621e-302
8.24832e-302
1.04085e-301
1.31339e-301
1.65723e-301
2.091e-301
2.63821e-301
3.3285e-301
4.19923e-301
5.29754e-301
6.68285e-301
8.4301e-301
1.06338e-300
1.34129e-300
1.69178e-300
2.13377e-300
2.69113e-300
3.39394e-300
4.28013e-300
5.3975e-300
6.80631e-300
8.5825e-300
1.08218e-299
1.36448e-299
1.72036e-299
2.16897e-299
2.73446e-299
3.44725e-299
4.34567e-299
5.47803e-299
6.90518e-299
8.70379e-299
1.09705e-298
1.38269e-298
1.74264e-298
2.19621e-298
2.76773e-298
3.48783e-298
4.39513e-298
5.53822e-298
6.97834e-298
8.79259e-298
1.10781e-297
1.39571e-297
1.75837e-297
2.21518e-297
2.79054e-297
3.51522e-297
4.42792e-297
5.57737e-297
7.02494e-297
8.84788e-297
1.11434e-296
1.4034e-296
1.76737e-296
2.22564e-296
2.80264e-296
3.52909e-296
4.44366e-296
5.59503e-296
7.04445e-296
8.869e-296
1.11657e-295
1.40566e-295
1.76952e-295
2.2275e-295
2.80389e-295
3.52929e-295
4.44218e-295
5.591e-295
7.03664e-295
8.85573e-295
1.11447e-294
1.40246e-294
1.76482e-294
2.22071e-294
2.79426e-294
3.5158e-294
4.42349e-294
5.56531e-294
7.0016e-294
8.80821e-294
1.10805e-293
1.39386e-293
1.75331e-293
2.20537e-293
2.77387e-293
3.4888e-293
4.38781e-293
5.51828e-293
6.93973e-293
8.72699e-293
1.09741e-292
1.37993e-292
1.73512e-292
2.18164e-292
2.74297e-292
3.44859e-292
4.33556e-292
5.45044e-292
6.85175e-292
8.61301e-292
1.08266e-291
1.36085e-291
1.71046e-291
2.1498e-291
2.70189e-291
3.39563e-291
4.26732e-291
5.36257e-291
6.73868e-291
8.46758e-291
1.06396e-290
1.33683e-290
1.67962e-290
2.11022e-290
2.65112e-290
3.33052e-290
4.18388e-290
5.25567e-290
6.60178e-290
8.29234e-290
1.04154e-289
1.30815e-289
1.64295e-289
2.06335e-289
2.59122e-289
3.25401e-289
4.08617e-289
5.13095e-289
6.44261e-289
8.08926e-289
1.01564e-288
1.27513e-288
1.60085e-288
2.00969e-288
2.52286e-288
3.16693e-288
3.97528e-288
4.98976e-288
6.2629e-288
7.86057e-288
9.86543e-288
1.23811e-287
1.55378e-287
1.94985e-287
2.44678e-287
3.07024e-287
3.85241e-287
4.83366e-287
6.06462e-287
7.60875e-287
9.54567e-287
1.19752e-286
1.50225e-286
1.88445e-286
2.3638e-286
2.96496e-286
3.71887e-286
4.6643e-286
5.84985e-286
7.33645e-286
9.20048e-286
1.15377e-285
1.4468e-285
1.81419e-285
2.27478e-285
2.8522e-285
3.57605e-285
4.48343e-285
5.62082e-285
7.04649e-285
8.83341e-285
1.10731e-284
1.388e-284
1.73978e-284
2.18064e-284
2.7331e-284
3.42539e-284
4.29287e-284
5.37983e-284
6.74175e-284
8.44812e-284
1.0586e-283
1.32643e-283
1.66196e-283
2.08229e-283
2.60882e-283
3.26836e-283
4.09448e-283
5.12922e-283
6.4252e-283
8.04832e-283
1.00811e-282
1.26268e-282
1.58147e-282
1.98067e-282
2.48054e-282
3.10644e-282
3.89013e-282
4.87133e-282
6.09978e-282
7.63773e-282
9.56307e-282
1.19733e-281
1.49904e-281
1.8767e-281
2.34942e-281
2.9411e-281
3.68165e-281
4.60848e-281
5.7684e-281
7.22e-281
9.03652e-281
1.13096e-280
1.4154e-280
1.77131e-280
2.21662e-280
2.77377e-280
3.47084e-280
4.34291e-280
5.43389e-280
6.79866e-280
8.50588e-280
1.06414e-279
1.33125e-279
1.66535e-279
2.08322e-279
2.60583e-279
3.25942e-279
4.07679e-279
5.09893e-279
6.3771e-279
7.97537e-279
9.97381e-279
1.24725e-278
1.55966e-278
1.95025e-278
2.43856e-278
3.04902e-278
3.81214e-278
4.76608e-278
5.9585e-278
7.44896e-278
9.31188e-278
1.16403e-277
1.45502e-277
1.8187e-277
2.27319e-277
2.84114e-277
3.55086e-277
4.4377e-277
5.5458e-277
6.93034e-277
8.6602e-277
1.08214e-276
1.35215e-276
1.68945e-276
2.11082e-276
2.63718e-276
3.29467e-276
4.11593e-276
5.14169e-276
6.42284e-276
8.0229e-276
1.00212e-275
1.25167e-275
1.56331e-275
1.95245e-275
2.43838e-275
3.04512e-275
3.80269e-275
4.74855e-275
5.92944e-275
7.40371e-275
9.24418e-275
1.15417e-274
1.44097e-274
1.79897e-274
2.24582e-274
2.80356e-274
3.49968e-274
4.36847e-274
5.45272e-274
6.80582e-274
8.49436e-274
1.06014e-273
1.32306e-273
1.65113e-273
2.06046e-273
2.57116e-273
3.20833e-273
4.00324e-273
4.9949e-273
6.23197e-273
7.77512e-273
9.70001e-273
1.2101e-272
1.50956e-272
1.88307e-272
2.34889e-272
2.92984e-272
3.65433e-272
4.55779e-272
5.68439e-272
7.0892e-272
8.84084e-272
1.10249e-271
1.37479e-271
1.71428e-271
2.13752e-271
2.66515e-271
3.3229e-271
4.14281e-271
5.16484e-271
6.43874e-271
8.02655e-271
1.00055e-270
1.24719e-270
1.55457e-270
1.93763e-270
2.41498e-270
3.00982e-270
3.75103e-270
4.67458e-270
5.8253e-270
7.25901e-270
9.04523e-270
1.12705e-269
1.40428e-269
1.74963e-269
2.17982e-269
2.71567e-269
3.38313e-269
4.21447e-269
5.24989e-269
6.53943e-269
8.14542e-269
1.01454e-268
1.2636e-268
1.57374e-268
1.95992e-268
2.44078e-268
3.03949e-268
3.78491e-268
4.71297e-268
5.86836e-268
7.3067e-268
9.09723e-268
1.13261e-267
1.41005e-267
1.75538e-267
2.18521e-267
2.72017e-267
3.38597e-267
4.21457e-267
5.24574e-267
6.52894e-267
8.12572e-267
1.01126e-266
1.25849e-266
1.5661e-266
1.94882e-266
2.42497e-266
3.01734e-266
3.75427e-266
4.671e-266
5.81136e-266
7.22984e-266
8.99419e-266
1.11887e-265
1.39181e-265
1.73126e-265
2.15342e-265
2.67842e-265
3.33128e-265
4.14312e-265
5.1526e-265
6.40779e-265
7.96845e-265
9.90882e-265
1.23212e-264
1.53203e-264
1.90487e-264
2.36836e-264
2.9445e-264
3.66065e-264
4.55081e-264
5.65721e-264
7.03232e-264
8.74135e-264
1.08653e-263
1.35048e-263
1.67848e-263
2.08607e-263
2.59253e-263
3.22183e-263
4.00373e-263
4.97519e-263
6.18213e-263
7.68155e-263
9.54428e-263
1.18583e-262
1.47327e-262
1.83031e-262
2.2738e-262
2.82463e-262
3.50877e-262
4.35844e-262
5.41365e-262
6.72408e-262
8.35139e-262
1.03721e-261
1.28813e-261
1.59968e-261
1.98652e-261
2.4668e-261
3.06308e-261
3.80335e-261
4.72233e-261
5.86314e-261
7.27926e-261
9.03707e-261
1.12189e-260
1.3927e-260
1.72881e-260
2.14595e-260
2.66364e-260
3.30609e-260
4.10333e-260
5.09263e-260
6.32019e-260
7.84335e-260
9.73322e-260
1.2078e-259
1.4987e-259
1.8596e-259
2.30731e-259
2.86271e-259
3.55165e-259
4.40623e-259
5.46621e-259
6.78093e-259
8.41154e-259
1.04339e-258
1.29419e-258
1.60521e-258
1.99091e-258
2.46918e-258
3.06223e-258
3.79757e-258
4.7093e-258
5.83971e-258
7.24116e-258
8.97861e-258
1.11325e-257
1.38026e-257
1.71123e-257
2.1215e-257
2.63002e-257
3.2603e-257
4.04148e-257
5.00964e-257
6.20948e-257
7.69639e-257
9.53898e-257
1.18222e-256
1.46515e-256
1.81571e-256
2.25006e-256
2.7882e-256
3.45492e-256
4.2809e-256
5.30414e-256
6.57171e-256
8.14188e-256
1.00868e-255
1.24959e-255
1.54797e-255
1.91753e-255
2.37522e-255
2.94204e-255
3.64399e-255
4.51325e-255
5.58964e-255
6.92248e-255
8.5728e-255
1.06161e-254
1.3146e-254
1.62781e-254
2.01557e-254
2.4956e-254
3.08983e-254
3.8254e-254
4.7359e-254
5.86289e-254
7.25779e-254
8.98421e-254
1.11209e-253
1.37651e-253
1.70375e-253
2.10869e-253
2.60978e-253
3.22982e-253
3.99701e-253
4.94625e-253
6.12068e-253
7.57367e-253
9.37123e-253
1.1595e-252
1.43458e-252
1.77486e-252
2.19577e-252
2.7164e-252
3.36033e-252
4.15675e-252
5.14173e-252
6.35985e-252
7.86626e-252
9.7291e-252
1.20326e-251
1.4881e-251
1.84028e-251
2.27574e-251
2.81412e-251
3.47973e-251
4.30261e-251
5.31987e-251
6.5774e-251
8.13186e-251
1.00533e-250
1.24283e-250
1.53637e-250
1.89917e-250
2.34756e-250
2.90169e-250
3.58648e-250
4.43271e-250
5.47839e-250
6.7705e-250
8.36702e-250
1.03396e-249
1.27768e-249
1.57878e-249
1.95076e-249
2.41029e-249
2.97796e-249
3.67918e-249
4.54534e-249
5.6152e-249
6.9366e-249
8.56863e-249
1.05842e-248
1.30735e-248
1.61475e-248
1.99435e-248
2.4631e-248
3.04191e-248
3.75658e-248
4.63898e-248
5.72844e-248
7.07346e-248
8.73397e-248
1.07839e-247
1.33143e-247
1.6438e-247
2.02937e-247
2.50527e-247
3.09267e-247
3.81764e-247
4.71237e-247
5.81657e-247
7.17922e-247
8.86077e-247
1.09357e-246
1.34961e-246
1.66553e-246
2.05531e-246
2.53622e-246
3.12954e-246
3.8615e-246
4.76447e-246
5.87837e-246
7.25241e-246
8.94727e-246
1.10378e-245
1.36162e-245
1.67963e-245
2.07184e-245
2.55552e-245
3.152e-245
3.88756e-245
4.79458e-245
5.91299e-245
7.292e-245
8.99227e-245
1.10886e-244
1.3673e-244
1.68592e-244
2.0787e-244
2.56289e-244
3.15975e-244
3.89545e-244
4.80226e-244
5.91993e-244
7.29744e-244
8.99514e-244
1.10874e-243
1.36657e-243
1.6843e-243
2.07582e-243
2.55824e-243
3.15267e-243
3.88506e-243
4.7874e-243
5.89909e-243
7.26866e-243
8.95583e-243
1.10342e-242
1.35944e-242
1.67479e-242
2.06322e-242
2.54163e-242
3.13086e-242
3.85653e-242
4.75022e-242
5.85078e-242
7.20605e-242
8.8749e-242
1.09298e-241
1.346e-241
1.65753e-241
2.04108e-241
2.51329e-241
3.09462e-241
3.81027e-241
4.69124e-241
5.77567e-241
7.1105e-241
8.75348e-241
1.07757e-240
1.32645e-240
1.63276e-240
2.00972e-240
2.47362e-240
3.04447e-240
3.74692e-240
4.61127e-240
5.67479e-240
6.98332e-240
8.59325e-240
1.05739e-239
1.30106e-239
1.60082e-239
1.96957e-239
2.42316e-239
2.98109e-239
3.66736e-239
4.51142e-239
5.54954e-239
6.82628e-239
8.39642e-239
1.03273e-238
1.27017e-238
1.56215e-238
1.92117e-238
2.3626e-238
2.90535e-238
3.57265e-238
4.39305e-238
5.40162e-238
6.64149e-238
8.16563e-238
1.00392e-237
1.23421e-237
1.51727e-237
1.86517e-237
2.29276e-237
2.81827e-237
3.46408e-237
4.25773e-237
5.233e-237
6.43141e-237
7.90397e-237
9.71331e-237
1.19364e-236
1.46677e-236
1.80232e-236
2.21456e-236
2.72098e-236
3.34307e-236
4.10724e-236
5.04588e-236
6.19879e-236
7.61483e-236
9.35399e-236
1.14899e-235
1.4113e-235
1.73343e-235
2.12899e-235
2.61473e-235
3.21116e-235
3.94349e-235
4.84264e-235
5.94658e-235
7.30189e-235
8.96574e-235
1.10083e-234
1.35157e-234
1.65935e-234
2.03714e-234
2.50086e-234
3.07e-234
3.76853e-234
4.62581e-234
5.67789e-234
6.96898e-234
8.55332e-234
1.04974e-233
1.2883e-233
1.58099e-233
1.94012e-233
2.38073e-233
2.92129e-233
3.58444e-233
4.39797e-233
5.39593e-233
6.62008e-233
8.12163e-233
9.96337e-233
1.22223e-232
1.49928e-232
1.83906e-232
2.25575e-232
2.76675e-232
3.39337e-232
4.16176e-232
5.10393e-232
6.25917e-232
7.67558e-232
9.41215e-232
1.15412e-231
1.41512e-231
1.73509e-231
2.12731e-231
2.6081e-231
3.19743e-231
3.91977e-231
4.80511e-231
5.89019e-231
7.22002e-231
8.84975e-231
1.08469e-230
1.32943e-230
1.62932e-230
1.99678e-230
2.44703e-230
2.99868e-230
3.67455e-230
4.50258e-230
5.51699e-230
6.75967e-230
8.28195e-230
1.01466e-229
1.24307e-229
1.52283e-229
1.86548e-229
2.28514e-229
2.7991e-229
3.42853e-229
4.19932e-229
5.14321e-229
6.29901e-229
7.71425e-229
9.44709e-229
1.15687e-228
1.41663e-228
1.73464e-228
2.12396e-228
2.60056e-228
3.18398e-228
3.89813e-228
4.77228e-228
5.84223e-228
7.15178e-228
8.75454e-228
1.07161e-227
1.31166e-227
1.60542e-227
1.9649e-227
2.40478e-227
2.94301e-227
3.60158e-227
4.40735e-227
5.39317e-227
6.59925e-227
8.07473e-227
9.87972e-227
1.20877e-226
1.47886e-226
1.80923e-226
2.21331e-226
2.70754e-226
3.31199e-226
4.05124e-226
4.9553e-226
6.06086e-226
7.4128e-226
9.06595e-226
1.10873e-225
1.35589e-225
1.65808e-225
2.02754e-225
2.47922e-225
3.03142e-225
3.70645e-225
4.53163e-225
5.54031e-225
6.77324e-225
8.28022e-225
1.01221e-224
1.23732e-224
1.51244e-224
1.84865e-224
2.25952e-224
2.7616e-224
3.37512e-224
4.12477e-224
5.04072e-224
6.15985e-224
7.52714e-224
9.19757e-224
1.12383e-223
1.37312e-223
1.67765e-223
2.04964e-223
2.50401e-223
3.05899e-223
3.73683e-223
4.56469e-223
5.57575e-223
6.81048e-223
8.31831e-223
1.01596e-222
1.2408e-222
1.51533e-222
1.85054e-222
2.2598e-222
2.75948e-222
3.36951e-222
4.11424e-222
5.02338e-222
6.13317e-222
7.48785e-222
9.14139e-222
1.11597e-221
1.3623e-221
1.66294e-221
2.02986e-221
2.47763e-221
3.02406e-221
3.69086e-221
4.50451e-221
5.49733e-221
6.7087e-221
8.18669e-221
9.9899e-221
1.21898e-220
1.48736e-220
1.81476e-220
2.21414e-220
2.7013e-220
3.29553e-220
4.02031e-220
4.90431e-220
5.98245e-220
7.29732e-220
8.90084e-220
1.08563e-219
1.32408e-219
1.61485e-219
1.96939e-219
2.40168e-219
2.92875e-219
3.57134e-219
4.35476e-219
5.30982e-219
6.47409e-219
7.89333e-219
9.62334e-219
1.1732e-218
1.43023e-218
1.74349e-218
2.12529e-218
2.59059e-218
3.15764e-218
3.84866e-218
4.69072e-218
5.7168e-218
6.96706e-218
8.49042e-218
1.03465e-217
1.26078e-217
1.53627e-217
1.87188e-217
2.28073e-217
2.77877e-217
3.38544e-217
4.12439e-217
5.02443e-217
6.12066e-217
7.45577e-217
9.08175e-217
1.10619e-216
1.34733e-216
1.64097e-216
1.99853e-216
2.4339e-216
2.96401e-216
3.60943e-216
4.39522e-216
5.35188e-216
6.51651e-216
7.93427e-216
9.6601e-216
1.17609e-215
1.4318e-215
1.74303e-215
2.12184e-215
2.58288e-215
3.14396e-215
3.82679e-215
4.65773e-215
5.66888e-215
6.89928e-215
8.3964e-215
1.0218e-214
1.24343e-214
1.51307e-214
1.84112e-214
2.2402e-214
2.72568e-214
3.31625e-214
4.03461e-214
4.90839e-214
5.97118e-214
7.2638e-214
8.8359e-214
1.07478e-213
1.3073e-213
1.59005e-213
1.93389e-213
2.35198e-213
2.86035e-213
3.47847e-213
4.23e-213
5.1437e-213
6.25453e-213
7.60494e-213
9.24657e-213
1.12421e-212
1.36678e-212
1.66163e-212
2.02e-212
2.45556e-212
2.98494e-212
3.62829e-212
4.41013e-212
5.36024e-212
6.51479e-212
7.91771e-212
9.62237e-212
1.16936e-211
1.42101e-211
1.72674e-211
2.09818e-211
2.54942e-211
3.09758e-211
3.76345e-211
4.57229e-211
5.55475e-211
6.74805e-211
8.19738e-211
9.95761e-211
1.20953e-210
1.46914e-210
1.78441e-210
2.16724e-210
2.6321e-210
3.19655e-210
3.88189e-210
4.71399e-210
5.72422e-210
6.95069e-210
8.43961e-210
1.02471e-209
1.24412e-209
1.51044e-209
1.83372e-209
2.22609e-209
2.70231e-209
3.28029e-209
3.98173e-209
4.83297e-209
5.86597e-209
7.1195e-209
8.64055e-209
1.04862e-208
1.27255e-208
1.54425e-208
1.87388e-208
2.27378e-208
2.75893e-208
3.34745e-208
4.06136e-208
4.92733e-208
5.97772e-208
7.25174e-208
8.79695e-208
1.0671e-207
1.29438e-207
1.57e-207
1.90424e-207
2.30955e-207
2.80102e-207
3.39695e-207
4.11949e-207
4.99553e-207
6.05763e-207
7.34526e-207
8.90624e-207
1.07985e-206
1.30924e-206
1.58729e-206
1.92431e-206
2.33281e-206
2.82791e-206
3.42795e-206
4.15515e-206
5.03643e-206
6.10438e-206
7.3985e-206
8.96662e-206
1.08667e-205
1.31689e-205
1.59582e-205
1.93375e-205
2.34316e-205
2.83913e-205
3.43995e-205
4.16776e-205
5.04935e-205
6.11719e-205
7.41057e-205
8.97707e-205
1.08743e-204
1.31719e-204
1.59544e-204
1.9324e-204
2.34043e-204
2.8345e-204
3.43275e-204
4.15709e-204
5.03408e-204
6.09585e-204
7.38128e-204
8.93742e-204
1.08212e-203
1.31015e-203
1.58618e-203
1.92028e-203
2.32467e-203
2.81411e-203
3.40646e-203
4.12333e-203
4.99088e-203
6.04072e-203
7.31111e-203
8.84833e-203
1.07084e-202
1.29589e-202
1.56817e-202
1.8976e-202
2.29614e-202
2.77828e-202
3.36152e-202
4.06704e-202
4.92045e-202
5.9527e-202
7.20123e-202
8.71129e-202
1.05376e-201
1.27463e-201
1.54173e-201
1.86473e-201
2.25532e-201
2.72761e-201
3.29868e-201
3.98915e-201
4.82397e-201
5.83327e-201
7.05346e-201
8.52855e-201
1.03117e-200
1.24673e-200
1.50728e-200
1.82222e-200
2.20287e-200
2.66294e-200
3.21897e-200
3.89094e-200
4.70301e-200
5.68435e-200
6.87019e-200
8.30309e-200
1.00345e-199
1.21264e-199
1.46538e-199
1.77074e-199
2.13964e-199
2.5853e-199
3.12366e-199
3.77399e-199
4.55953e-199
5.50836e-199
6.65438e-199
8.03852e-199
9.71019e-199
1.1729e-198
1.41671e-198
1.71113e-198
2.06665e-198
2.49594e-198
3.01428e-198
3.64014e-198
4.39577e-198
5.30805e-198
6.40941e-198
7.73899e-198
9.34401e-198
1.12815e-197
1.36201e-197
1.6443e-197
1.98501e-197
2.39622e-197
2.89252e-197
3.49146e-197
4.21426e-197
5.0865e-197
6.13903e-197
7.40907e-197
8.94151e-197
1.07905e-196
1.30213e-196
1.57127e-196
1.89596e-196
2.28767e-196
2.76019e-196
3.33018e-196
4.01772e-196
4.84702e-196
5.84728e-196
7.05367e-196
8.50863e-196
1.02633e-195
1.23794e-195
1.49311e-195
1.80082e-195
2.17185e-195
2.61923e-195
3.15864e-195
3.80899e-195
4.59307e-195
5.53833e-195
6.67788e-195
8.05157e-195
9.70747e-195
1.17035e-194
1.41093e-194
1.70091e-194
2.0504e-194
2.47161e-194
2.97924e-194
3.59097e-194
4.32815e-194
5.21647e-194
6.28685e-194
7.57658e-194
9.13054e-194
1.10028e-193
1.32584e-193
1.59759e-193
1.92495e-193
2.31931e-193
2.79435e-193
3.36656e-193
4.05578e-193
4.88591e-193
5.88572e-193
7.08986e-193
8.54001e-193
1.02864e-192
1.23894e-192
1.49217e-192
1.7971e-192
2.16426e-192
2.60633e-192
3.13857e-192
3.77935e-192
4.55078e-192
5.47947e-192
6.59741e-192
7.94313e-192
9.56298e-192
1.15127e-191
1.38594e-191
1.66839e-191
2.00831e-191
2.4174e-191
2.9097e-191
3.50213e-191
4.21501e-191
5.07281e-191
6.10494e-191
7.34678e-191
8.8409e-191
1.06385e-190
1.2801e-190
1.54026e-190
1.85321e-190
2.22966e-190
2.68249e-190
3.22714e-190
3.88224e-190
4.67014e-190
5.61773e-190
6.75732e-190
8.12777e-190
9.77577e-190
1.17575e-189
1.41404e-189
1.70055e-189
2.04504e-189
2.45922e-189
2.95717e-189
3.55581e-189
4.27547e-189
5.14058e-189
6.18049e-189
7.43049e-189
8.93296e-189
1.07388e-188
1.29092e-188
1.55177e-188
1.86525e-188
2.24197e-188
2.69468e-188
3.23867e-188
3.89232e-188
4.67773e-188
5.62139e-188
6.75516e-188
8.11729e-188
9.7537e-188
1.17196e-187
1.40811e-187
1.69178e-187
2.03252e-187
2.44179e-187
2.93336e-187
3.52376e-187
4.23282e-187
5.08436e-187
6.10697e-187
7.33498e-187
8.80957e-187
1.05802e-186
1.27062e-186
1.52588e-186
1.83236e-186
2.2003e-186
2.64202e-186
3.1723e-186
3.80887e-186
4.57299e-186
5.49019e-186
6.5911e-186
7.91246e-186
9.49836e-186
1.14017e-185
1.36858e-185
1.6427e-185
1.97164e-185
2.36635e-185
2.83998e-185
3.40827e-185
4.09012e-185
4.90818e-185
5.88964e-185
7.06708e-185
8.47959e-185
1.0174e-184
1.22066e-184
1.46446e-184
1.75689e-184
2.10763e-184
2.52829e-184
3.0328e-184
3.63784e-184
4.36341e-184
5.23349e-184
6.27683e-184
7.52788e-184
9.02793e-184
1.08265e-183
1.29828e-183
1.5568e-183
1.86672e-183
2.23826e-183
2.68365e-183
3.21753e-183
3.85747e-183
4.62452e-183
5.54387e-183
6.64573e-183
7.96628e-183
9.54886e-183
1.14454e-182
1.37181e-182
1.64414e-182
1.97046e-182
2.36145e-182
2.82991e-182
3.39118e-182
4.06361e-182
4.86919e-182
5.83424e-182
6.99028e-182
8.37507e-182
1.00338e-181
1.20206e-181
1.44002e-181
1.72502e-181
2.06635e-181
2.47512e-181
2.96464e-181
3.55083e-181
4.25277e-181
5.09328e-181
6.09966e-181
7.30461e-181
8.74724e-181
1.04744e-180
1.25421e-180
1.50174e-180
1.79804e-180
2.15273e-180
2.57729e-180
3.08546e-180
3.69368e-180
4.42163e-180
5.29283e-180
6.33544e-180
7.58314e-180
9.07621e-180
1.08628e-179
1.30006e-179
1.55585e-179
1.8619e-179
2.22806e-179
2.66613e-179
3.19021e-179
3.81715e-179
4.56712e-179
5.46423e-179
6.5373e-179
7.82081e-179
9.35594e-179
1.1192e-178
1.33878e-178
1.60138e-178
1.91542e-178
2.29094e-178
2.73999e-178
3.27693e-178
3.91894e-178
4.68654e-178
5.60428e-178
6.70148e-178
8.01317e-178
9.58122e-178
1.14557e-177
1.36963e-177
1.63746e-177
1.95758e-177
2.34019e-177
2.79748e-177
3.344e-177
3.99713e-177
4.77764e-177
5.71033e-177
6.82484e-177
8.15656e-177
9.74775e-177
1.16489e-176
1.39203e-176
1.6634e-176
1.98759e-176
2.37487e-176
2.8375e-176
3.39012e-176
4.05021e-176
4.83865e-176
5.78033e-176
6.90502e-176
8.24822e-176
9.85232e-176
1.17679e-175
1.40554e-175
1.6787e-175
2.00486e-175
2.39429e-175
2.85926e-175
3.4144e-175
4.07716e-175
4.86838e-175
5.81292e-175
6.94044e-175
8.28635e-175
9.89287e-175
1.18104e-174
1.40991e-174
1.68306e-174
2.00905e-174
2.39809e-174
2.86235e-174
3.41636e-174
4.07745e-174
4.86626e-174
5.80746e-174
6.93042e-174
8.27021e-174
9.86862e-174
1.17755e-173
1.40503e-173
1.67639e-173
2.00008e-173
2.38618e-173
2.8467e-173
3.39597e-173
4.05106e-173
4.83233e-173
5.76405e-173
6.87515e-173
8.20011e-173
9.78004e-173
1.16639e-172
1.39101e-172
1.65883e-172
1.97813e-172
2.3588e-172
2.81262e-172
3.35361e-172
3.99852e-172
4.76725e-172
5.68355e-172
6.77571e-172
8.07743e-172
9.62886e-172
1.14778e-171
1.36813e-171
1.63071e-171
1.94362e-171
2.31648e-171
2.76077e-171
3.29013e-171
3.92084e-171
4.67228e-171
5.56752e-171
6.63404e-171
7.90455e-171
9.41801e-171
1.12208e-170
1.33682e-170
1.59259e-170
1.89723e-170
2.26005e-170
2.69215e-170
3.20673e-170
3.81953e-170
4.54926e-170
5.41819e-170
6.45284e-170
7.68477e-170
9.15154e-170
1.08978e-169
1.29769e-169
1.54519e-169
1.83983e-169
2.19057e-169
2.60806e-169
3.10501e-169
3.6965e-169
4.4005e-169
5.23838e-169
6.23554e-169
7.42224e-169
8.83443e-169
1.05149e-168
1.25146e-168
1.48939e-168
1.7725e-168
2.10933e-168
2.51008e-168
2.98685e-168
3.55404e-168
4.22877e-168
5.03141e-168
5.98615e-168
7.12179e-168
8.47254e-168
1.00791e-167
1.19898e-167
1.42622e-167
1.69646e-167
2.01783e-167
2.39998e-167
2.85439e-167
3.39472e-167
4.03716e-167
4.80101e-167
5.70915e-167
6.78881e-167
8.07233e-167
9.59815e-167
1.14119e-166
1.35679e-166
1.61306e-166
1.91767e-166
2.2797e-166
2.70997e-166
3.22133e-166
3.82903e-166
4.55119e-166
5.40935e-166
6.42907e-166
7.64072e-166
9.08037e-166
1.07909e-165
1.28231e-165
1.52374e-165
1.81056e-165
2.15128e-165
2.55602e-165
3.0368e-165
3.60787e-165
4.28616e-165
5.09177e-165
6.04857e-165
7.18488e-165
8.53433e-165
1.01368e-164
1.20398e-164
1.42994e-164
1.69825e-164
2.01682e-164
2.39506e-164
2.84412e-164
3.37725e-164
4.01016e-164
4.76149e-164
5.65337e-164
6.71205e-164
7.96867e-164
9.46019e-164
1.12304e-163
1.33314e-163
1.58249e-163
1.8784e-163
2.22955e-163
2.64624e-163
3.14069e-163
3.72739e-163
4.42351e-163
5.24943e-163
6.22932e-163
7.39184e-163
8.77096e-163
1.0407e-162
1.23477e-162
1.46498e-162
1.73803e-162
2.0619e-162
2.44603e-162
2.90161e-162
3.4419e-162
4.08264e-162
4.84248e-162
5.7435e-162
6.81191e-162
8.07876e-162
9.58084e-162
1.13618e-161
1.34732e-161
1.59764e-161
1.89439e-161
2.24618e-161
2.66319e-161
3.15749e-161
3.7434e-161
4.43785e-161
5.26093e-161
6.23643e-161
7.39252e-161
8.76258e-161
1.03861e-160
1.23101e-160
1.45898e-160
1.7291e-160
2.04916e-160
2.42837e-160
2.87764e-160
3.40989e-160
4.04044e-160
4.78739e-160
5.67222e-160
6.72032e-160
7.96178e-160
9.43222e-160
1.11738e-159
1.32364e-159
1.56792e-159
1.8572e-159
2.19977e-159
2.60543e-159
3.08578e-159
3.65455e-159
4.32798e-159
5.12531e-159
6.06929e-159
7.18686e-159
8.50988e-159
1.00761e-158
1.193e-158
1.41245e-158
1.67221e-158
1.97966e-158
2.34355e-158
2.77422e-158
3.2839e-158
3.88707e-158
4.60084e-158
5.44548e-158
6.44493e-158
7.62751e-158
9.02674e-158
1.06822e-157
1.26409e-157
1.4958e-157
1.76992e-157
2.0942e-157
2.47779e-157
2.93154e-157
3.46824e-157
4.10303e-157
4.85383e-157
5.74178e-157
6.79192e-157
8.03381e-157
9.5024e-157
1.1239e-156
1.32925e-156
1.57206e-156
1.85914e-156
2.19857e-156
2.59987e-156
3.07429e-156
3.63515e-156
4.29816e-156
5.0819e-156
6.00831e-156
7.10333e-156
8.3976e-156
9.9273e-156
1.17352e-155
1.38718e-155
1.63967e-155
1.93805e-155
2.29064e-155
2.70727e-155
3.19956e-155
3.78121e-155
4.46843e-155
5.28035e-155
6.23955e-155
7.3727e-155
8.71131e-155
1.02926e-154
1.21604e-154
1.43665e-154
1.69723e-154
2.005e-154
2.36848e-154
2.79775e-154
3.30468e-154
3.90333e-154
4.61023e-154
5.44495e-154
6.43056e-154
7.59427e-154
8.96823e-154
1.05904e-153
1.25054e-153
1.47662e-153
1.74349e-153
2.05853e-153
2.43039e-153
2.86932e-153
3.38738e-153
3.99883e-153
4.72047e-153
5.57212e-153
6.57716e-153
7.76319e-153
9.16273e-153
1.08141e-152
1.27627e-152
1.50618e-152
1.77744e-152
2.09746e-152
2.47501e-152
2.92041e-152
3.44583e-152
4.06562e-152
4.7967e-152
5.65903e-152
6.67612e-152
7.8757e-152
9.29047e-152
1.0959e-151
1.29266e-151
1.52469e-151
1.7983e-151
2.12093e-151
2.50135e-151
2.94988e-151
3.47871e-151
4.10218e-151
4.83721e-151
5.70371e-151
6.72518e-151
7.92927e-151
9.34857e-151
1.10215e-150
1.29933e-150
1.53173e-150
1.80562e-150
2.12841e-150
2.5088e-150
2.95706e-150
3.48528e-150
4.10769e-150
4.84107e-150
5.70517e-150
6.72324e-150
7.92267e-150
9.33572e-150
1.10004e-149
1.29613e-149
1.52713e-149
1.79922e-149
2.11971e-149
2.49719e-149
2.94178e-149
3.46538e-149
4.08203e-149
4.80821e-149
5.66336e-149
6.67034e-149
7.85607e-149
9.25221e-149
1.0896e-148
1.28314e-148
1.511e-148
1.77925e-148
2.09505e-148
2.46679e-148
2.90439e-148
3.41948e-148
4.02577e-148
4.73936e-148
5.57924e-148
6.56769e-148
7.73096e-148
9.09992e-148
1.07109e-147
1.26065e-147
1.48371e-147
1.74617e-147
2.05497e-147
2.41829e-147
2.84574e-147
3.3486e-147
3.94018e-147
4.63609e-147
5.45469e-147
6.41759e-147
7.55017e-147
8.88229e-147
1.0449e-146
1.22917e-146
1.44587e-146
1.7007e-146
2.00038e-146
2.35277e-146
2.76713e-146
3.25434e-146
3.82718e-146
4.50068e-146
5.2925e-146
6.22338e-146
7.31771e-146
8.60413e-146
1.01163e-145
1.18938e-145
1.3983e-145
1.64387e-145
1.93248e-145
2.27167e-145
2.67029e-145
3.13874e-145
3.68923e-145
4.3361e-145
5.09619e-145
5.98929e-145
7.03863e-145
8.27149e-145
9.71993e-145
1.14216e-144
1.34206e-144
1.57688e-144
1.85272e-144
2.17673e-144
2.55731e-144
3.0043e-144
3.5293e-144
4.14587e-144
4.86996e-144
5.72031e-144
6.71886e-144
7.89143e-144
9.26827e-144
1.08849e-143
1.2783e-143
1.50116e-143
1.76279e-143
2.06995e-143
2.43054e-143
2.85382e-143
3.3507e-143
3.93393e-143
4.6185e-143
5.42198e-143
6.365e-143
7.47175e-143
8.7706e-143
1.02948e-142
1.20835e-142
1.41824e-142
1.66452e-142
1.95349e-142
2.29254e-142
2.69033e-142
3.15702e-142
3.70452e-142
4.34681e-142
5.10025e-142
5.98406e-142
7.02075e-142
8.23672e-142
9.66292e-142
1.13356e-141
1.32974e-141
1.5598e-141
1.8296e-141
2.14598e-141
2.51697e-141
2.95198e-141
3.46204e-141
4.06008e-141
4.76124e-141
5.58327e-141
6.54697e-141
7.6767e-141
9.00104e-141
1.05534e-140
1.23731e-140
1.45059e-140
1.70057e-140
1.99356e-140
2.33693e-140
2.73934e-140
3.21091e-140
3.76352e-140
4.41106e-140
5.16982e-140
6.05886e-140
7.10051e-140
8.32092e-140
9.75071e-140
1.14257e-139
1.3388e-139
1.56866e-139
1.83792e-139
2.15332e-139
2.52274e-139
2.95542e-139
3.46217e-139
4.05566e-139
4.7507e-139
5.56464e-139
6.51778e-139
7.63388e-139
8.94076e-139
1.0471e-138
1.22626e-138
1.43602e-138
1.68159e-138
1.96909e-138
2.30565e-138
2.69963e-138
3.1608e-138
3.70062e-138
4.33246e-138
5.07199e-138
5.93751e-138
6.95047e-138
8.13592e-138
9.5232e-138
1.11466e-137
1.30462e-137
1.52689e-137
1.78697e-137
2.09126e-137
2.44728e-137
2.86379e-137
3.35106e-137
3.92109e-137
4.5879e-137
5.3679e-137
6.28026e-137
7.34741e-137
8.59556e-137
1.00553e-136
1.17626e-136
1.37592e-136
1.6094e-136
1.88244e-136
2.2017e-136
2.57502e-136
3.01152e-136
3.52187e-136
4.11855e-136
4.81614e-136
5.63166e-136
6.58501e-136
7.69946e-136
9.00217e-136
1.05249e-135
1.23047e-135
1.43849e-135
1.68161e-135
1.96575e-135
2.29781e-135
2.68586e-135
3.13931e-135
3.66919e-135
4.28833e-135
5.01175e-135
5.85698e-135
6.8445e-135
7.9982e-135
9.34601e-135
1.09205e-134
1.27598e-134
1.49082e-134
1.74178e-134
2.0349e-134
2.37725e-134
2.7771e-134
3.24407e-134
3.78942e-134
4.42627e-134
5.16994e-134
6.03834e-134
7.05232e-134
8.23626e-134
9.61858e-134
1.12325e-133
1.31166e-133
1.53163e-133
1.78841e-133
2.08815e-133
2.43805e-133
2.84646e-133
3.32316e-133
3.87954e-133
4.5289e-133
5.28674e-133
6.17116e-133
7.20325e-133
8.40763e-133
9.81299e-133
1.14528e-132
1.33662e-132
1.55985e-132
1.82031e-132
2.12417e-132
2.47865e-132
2.89218e-132
3.37457e-132
3.93726e-132
4.59361e-132
5.35916e-132
6.25204e-132
7.29341e-132
8.50791e-132
9.92425e-132
1.15759e-131
1.3502e-131
1.57479e-131
1.83666e-131
2.142e-131
2.49801e-131
2.91307e-131
3.39697e-131
3.96109e-131
4.61871e-131
5.38531e-131
6.27889e-131
7.32047e-131
8.5345e-131
9.94947e-131
1.15986e-130
1.35205e-130
1.57603e-130
1.83705e-130
2.1412e-130
2.49562e-130
2.90859e-130
3.38977e-130
3.95039e-130
4.60356e-130
5.36451e-130
6.25101e-130
7.28371e-130
8.4867e-130
9.88799e-130
1.15202e-129
1.34213e-129
1.56356e-129
1.82144e-129
2.12178e-129
2.47155e-129
2.87886e-129
3.35316e-129
3.90546e-129
4.54854e-129
5.29732e-129
6.16911e-129
7.1841e-129
8.36577e-129
9.74141e-129
1.13428e-128
1.3207e-128
1.53769e-128
1.79027e-128
2.08425e-128
2.42642e-128
2.82464e-128
3.2881e-128
3.82745e-128
4.45509e-128
5.18546e-128
6.03533e-128
7.02422e-128
8.17482e-128
9.51353e-128
1.1071e-127
1.2883e-127
1.4991e-127
1.74432e-127
2.02957e-127
2.36139e-127
2.74734e-127
3.19625e-127
3.71837e-127
4.32561e-127
5.03181e-127
5.85309e-127
6.80816e-127
7.91875e-127
9.21016e-127
1.07118e-126
1.24577e-126
1.44876e-126
1.68477e-126
1.95914e-126
2.27811e-126
2.64891e-126
3.07994e-126
3.58097e-126
4.16335e-126
4.84025e-126
5.62698e-126
6.54134e-126
7.60398e-126
8.83891e-126
1.0274e-125
1.19416e-125
1.38794e-125
1.61309e-125
1.8747e-125
2.17866e-125
2.53179e-125
2.94205e-125
3.41866e-125
3.97233e-125
4.61548e-125
5.36255e-125
6.23031e-125
7.23821e-125
8.40883e-125
9.7684e-125
1.13473e-124
1.3181e-124
1.53103e-124
1.7783e-124
2.06542e-124
2.3988e-124
2.78589e-124
3.23532e-124
3.7571e-124
4.36286e-124
5.0661e-124
5.88246e-124
6.8301e-124
7.9301e-124
9.2069e-124
1.06889e-123
1.24089e-123
1.44051e-123
1.67218e-123
1.94104e-123
2.25303e-123
2.61507e-123
3.03517e-123
3.52262e-123
4.0882e-123
4.7444e-123
5.50571e-123
6.38894e-123
7.41357e-123
8.60219e-123
9.981e-123
1.15804e-122
1.34355e-122
1.55872e-122
1.80828e-122
2.09771e-122
2.43337e-122
2.82264e-122
3.27405e-122
3.79751e-122
4.40448e-122
5.10827e-122
5.92429e-122
6.8704e-122
7.96729e-122
9.23895e-122
1.07132e-121
1.24221e-121
1.44031e-121
1.66994e-121
1.93611e-121
2.2446e-121
2.60216e-121
3.01655e-121
3.4968e-121
4.05335e-121
4.6983e-121
5.44565e-121
6.31165e-121
7.31507e-121
8.47769e-121
9.8247e-121
1.13853e-120
1.31933e-120
1.52878e-120
1.77141e-120
2.05247e-120
2.37803e-120
2.75513e-120
3.1919e-120
3.69776e-120
4.28364e-120
4.96214e-120
5.7479e-120
6.65782e-120
7.71148e-120
8.93155e-120
1.03443e-119
1.19799e-119
1.38737e-119
1.60663e-119
1.86046e-119
2.15431e-119
2.49447e-119
2.88824e-119
3.34403e-119
3.8716e-119
4.48223e-119
5.18897e-119
6.00691e-119
6.95351e-119
8.04897e-119
9.31664e-119
1.07836e-118
1.24809e-118
1.4445e-118
1.67174e-118
1.93465e-118
2.23883e-118
2.59073e-118
2.99783e-118
3.46876e-118
4.01352e-118
4.64365e-118
5.37249e-118
6.2155e-118
7.1905e-118
8.31813e-118
9.62222e-118
1.11303e-117
1.28743e-117
1.4891e-117
1.72228e-117
1.99191e-117
2.30366e-117
2.66409e-117
3.0808e-117
3.56256e-117
4.11948e-117
4.76329e-117
5.50749e-117
6.36772e-117
7.36203e-117
8.51127e-117
9.83952e-117
1.13746e-116
1.31487e-116
1.51989e-116
1.75681e-116
2.03058e-116
2.34692e-116
2.71244e-116
3.13476e-116
3.6227e-116
4.18643e-116
4.83769e-116
5.59004e-116
6.45915e-116
7.4631e-116
8.62275e-116
9.96221e-116
1.15093e-115
1.32961e-115
1.53598e-115
1.7743e-115
2.04952e-115
2.36734e-115
2.73434e-115
3.15811e-115
3.64742e-115
4.21238e-115
4.86465e-115
5.61771e-115
6.48709e-115
7.49072e-115
8.64929e-115
9.98667e-115
1.15304e-114
1.33122e-114
1.53688e-114
1.77424e-114
2.04818e-114
2.36432e-114
2.72916e-114
3.15017e-114
3.63599e-114
4.19657e-114
4.84338e-114
5.58967e-114
6.45071e-114
7.44408e-114
8.5901e-114
9.91217e-114
1.14373e-113
1.31965e-113
1.52257e-113
1.75663e-113
2.0266e-113
2.33796e-113
2.69705e-113
3.11117e-113
3.58874e-113
4.13946e-113
4.77451e-113
5.50677e-113
6.35108e-113
7.32457e-113
8.44694e-113
9.74092e-113
1.12327e-112
1.29524e-112
1.49348e-112
1.722e-112
1.98541e-112
2.28901e-112
2.63895e-112
3.04226e-112
3.50708e-112
4.04275e-112
4.66006e-112
5.37143e-112
6.19115e-112
7.13569e-112
8.224e-112
9.47794e-112
1.09226e-111
1.25871e-111
1.45046e-111
1.67135e-111
1.92581e-111
2.21893e-111
2.55656e-111
2.94545e-111
3.39337e-111
3.90925e-111
4.50338e-111
5.1876e-111
5.97555e-111
6.88292e-111
7.92776e-111
9.13085e-111
1.05161e-110
1.21111e-110
1.39474e-110
1.60615e-110
1.84953e-110
2.12972e-110
2.45225e-110
2.82352e-110
3.25087e-110
3.74276e-110
4.30891e-110
4.96051e-110
5.71041e-110
6.57344e-110
7.56659e-110
8.70946e-110
1.00246e-109
1.15378e-109
1.32789e-109
1.52822e-109
1.75871e-109
2.02387e-109
2.32893e-109
2.67986e-109
3.08356e-109
3.54792e-109
4.08207e-109
4.69644e-109
5.40307e-109
6.21578e-109
7.15045e-109
8.22536e-109
9.46148e-109
1.08829e-108
1.25175e-108
1.4397e-108
1.6558e-108
1.90427e-108
2.18994e-108
2.51836e-108
2.89592e-108
3.32996e-108
3.82891e-108
4.40245e-108
5.0617e-108
5.81944e-108
6.69036e-108
7.69133e-108
8.8417e-108
1.01637e-107
1.1683e-107
1.34288e-107
1.5435e-107
1.77401e-107
2.03887e-107
2.34318e-107
2.69281e-107
3.09448e-107
3.55594e-107
4.08604e-107
4.695e-107
5.39449e-107
6.19796e-107
7.12083e-107
8.18079e-107
9.39817e-107
1.07963e-106
1.24019e-106
1.42458e-106
1.63631e-106
1.87945e-106
2.15862e-106
2.47917e-106
2.84721e-106
3.26976e-106
3.75487e-106
4.31179e-106
4.95111e-106
5.68501e-106
6.52745e-106
7.49442e-106
8.60431e-106
9.87819e-106
1.13402e-105
1.30182e-105
1.49438e-105
1.71535e-105
1.96893e-105
2.25991e-105
2.59378e-105
2.97687e-105
3.41641e-105
3.92069e-105
4.49923e-105
5.16294e-105
5.92433e-105
6.79773e-105
7.7996e-105
8.94878e-105
1.02669e-104
1.17787e-104
1.35125e-104
1.5501e-104
1.77815e-104
2.03966e-104
2.33955e-104
2.68342e-104
3.07771e-104
3.5298e-104
4.04815e-104
4.64243e-104
5.32375e-104
6.10482e-104
7.00022e-104
8.02663e-104
9.20318e-104
1.05518e-103
1.20975e-103
1.38692e-103
1.58997e-103
1.82267e-103
2.08935e-103
2.39496e-103
2.74517e-103
3.14646e-103
3.60627e-103
4.13311e-103
4.73674e-103
5.42831e-103
6.22062e-103
7.12829e-103
8.16809e-103
9.35919e-103
1.07236e-102
1.22864e-102
1.40764e-102
1.61266e-102
1.84746e-102
2.11638e-102
2.42434e-102
2.777e-102
3.18084e-102
3.64327e-102
4.17277e-102
4.77903e-102
5.47317e-102
6.26788e-102
7.17771e-102
8.21929e-102
9.41165e-102
1.07766e-101
1.23389e-101
1.41273e-101
1.61742e-101
1.8517e-101
2.11982e-101
2.42668e-101
2.77786e-101
3.17972e-101
3.63959e-101
4.1658e-101
4.7679e-101
5.45682e-101
6.24503e-101
7.14683e-101
8.17852e-101
9.35879e-101
1.0709e-100
1.22535e-100
1.40201e-100
1.60409e-100
1.83523e-100
2.09959e-100
2.40193e-100
2.74771e-100
3.14314e-100
3.59534e-100
4.11243e-100
4.70372e-100
5.3798e-100
6.15283e-100
7.03667e-100
8.04715e-100
9.20238e-100
1.0523e-099
1.20328e-099
1.37586e-099
1.57313e-099
1.79861e-099
2.05634e-099
2.3509e-099
2.68756e-099
3.0723e-099
3.51199e-099
4.01445e-099
4.58861e-099
5.24469e-099
5.99435e-099
6.8509e-099
7.82953e-099
8.94761e-099
1.0225e-098
1.16842e-098
1.33512e-098
1.52554e-098
1.74305e-098
1.9915e-098
2.27528e-098
2.59939e-098
2.96955e-098
3.39229e-098
3.87507e-098
4.42638e-098
5.05592e-098
5.77479e-098
6.5956e-098
7.53279e-098
8.60282e-098
9.82445e-098
1.12191e-097
1.28113e-097
1.46289e-097
1.67036e-097
1.90719e-097
2.17752e-097
2.48606e-097
2.83821e-097
3.24011e-097
3.69879e-097
4.22223e-097
4.81956e-097
5.50118e-097
6.27896e-097
7.16643e-097
8.17901e-097
9.33431e-097
1.06524e-096
1.21561e-096
1.38715e-096
1.58284e-096
1.80607e-096
2.0607e-096
2.35114e-096
2.68241e-096
3.06023e-096
3.49113e-096
3.98256e-096
4.54298e-096
5.18207e-096
5.91082e-096
6.74181e-096
7.68931e-096
8.76965e-096
1.00014e-095
1.14057e-095
1.30066e-095
1.48317e-095
1.69123e-095
1.92839e-095
2.19873e-095
2.50687e-095
2.85808e-095
3.25837e-095
3.71457e-095
4.23449e-095
4.82699e-095
5.50218e-095
6.27157e-095
7.14827e-095
8.14721e-095
9.28538e-095
1.05822e-094
1.20596e-094
1.37427e-094
1.56601e-094
1.78444e-094
2.03325e-094
2.31667e-094
2.63949e-094
3.00718e-094
3.42596e-094
3.9029e-094
4.44607e-094
5.06463e-094
5.76903e-094
6.57114e-094
7.48449e-094
8.52445e-094
9.70854e-094
1.10567e-093
1.25915e-093
1.43389e-093
1.63281e-093
1.85925e-093
2.11702e-093
2.41043e-093
2.74439e-093
3.12451e-093
3.55714e-093
4.04951e-093
4.60986e-093
5.24755e-093
5.97321e-093
6.79895e-093
7.73855e-093
8.80766e-093
1.00241e-092
1.14081e-092
1.29826e-092
1.47739e-092
1.68117e-092
1.91298e-092
2.17668e-092
2.47662e-092
2.81779e-092
3.20583e-092
3.64717e-092
4.14911e-092
4.71994e-092
5.36909e-092
6.10729e-092
6.94672e-092
7.90121e-092
8.98651e-092
1.02205e-091
1.16234e-091
1.32185e-091
1.50318e-091
1.70932e-091
1.94366e-091
2.21004e-091
2.51282e-091
2.85698e-091
3.24815e-091
3.69273e-091
4.198e-091
4.77222e-091
5.42478e-091
6.16632e-091
7.00896e-091
7.96644e-091
9.05436e-091
1.02905e-090
1.16948e-090
1.32904e-090
1.5103e-090
1.71622e-090
1.95014e-090
2.21586e-090
2.51768e-090
2.8605e-090
3.24988e-090
3.69212e-090
4.19437e-090
4.76476e-090
5.41251e-090
6.14809e-090
6.98335e-090
7.93178e-090
9.00868e-090
1.02314e-089
1.16196e-089
1.31956e-089
1.49849e-089
1.70161e-089
1.93218e-089
2.19392e-089
2.49101e-089
2.82822e-089
3.21096e-089
3.64536e-089
4.13836e-089
4.69785e-089
5.33277e-089
6.05327e-089
6.87085e-089
7.79855e-089
8.85117e-089
1.00455e-088
1.14005e-088
1.29378e-088
1.46818e-088
1.66602e-088
1.89045e-088
2.14504e-088
2.43381e-088
2.76135e-088
3.13285e-088
3.55419e-088
4.03204e-088
4.57396e-088
5.18851e-088
5.88541e-088
6.67565e-088
7.5717e-088
8.58769e-088
9.73964e-088
1.10457e-087
1.25264e-087
1.4205e-087
1.61079e-087
1.82651e-087
2.07103e-087
2.3482e-087
2.66235e-087
3.01842e-087
3.42198e-087
3.87935e-087
4.39767e-087
4.98505e-087
5.65067e-087
6.40491e-087
7.25954e-087
8.2279e-087
9.32506e-087
1.05681e-086
1.19764e-086
1.35718e-086
1.53792e-086
1.74266e-086
1.97458e-086
2.23727e-086
2.53482e-086
2.87182e-086
3.2535e-086
3.68577e-086
4.17531e-086
4.72969e-086
5.35746e-086
6.06832e-086
6.87324e-086
7.78463e-086
8.81651e-086
9.9848e-086
1.13074e-085
1.28048e-085
1.44999e-085
1.64187e-085
1.85908e-085
2.10494e-085
2.38322e-085
2.69818e-085
3.05465e-085
3.45808e-085
3.91464e-085
4.43131e-085
5.01597e-085
5.67755e-085
6.42614e-085
7.27316e-085
8.23149e-085
9.31574e-085
1.05424e-084
1.19301e-084
1.35e-084
1.52758e-084
1.72846e-084
1.95567e-084
2.21267e-084
2.50334e-084
2.83209e-084
3.20389e-084
3.62436e-084
4.09984e-084
4.63753e-084
5.24553e-084
5.93301e-084
6.71034e-084
7.58921e-084
8.58285e-084
9.70622e-084
1.09762e-083
1.24118e-083
1.40347e-083
1.58692e-083
1.79428e-083
2.02865e-083
2.29354e-083
2.59293e-083
2.93128e-083
3.31365e-083
3.74576e-083
4.23404e-083
4.7858e-083
5.40925e-083
6.11368e-083
6.90957e-083
7.80877e-083
8.82465e-083
9.9723e-083
1.12688e-082
1.27333e-082
1.43876e-082
1.62562e-082
1.83668e-082
2.07505e-082
2.34428e-082
2.64833e-082
2.9917e-082
3.37946e-082
3.81734e-082
4.31177e-082
4.87007e-082
5.50043e-082
6.21215e-082
7.01568e-082
7.92285e-082
8.94696e-082
1.01031e-081
1.14081e-081
1.28812e-081
1.4544e-081
1.64208e-081
1.85391e-081
2.09298e-081
2.36279e-081
2.66727e-081
3.01088e-081
3.39861e-081
3.83613e-081
4.32981e-081
4.88683e-081
5.5153e-081
6.22434e-081
7.02427e-081
7.9267e-081
8.94471e-081
1.00931e-080
1.13884e-080
1.28495e-080
1.44975e-080
1.63562e-080
1.84526e-080
2.08167e-080
2.34829e-080
2.64895e-080
2.98799e-080
3.3703e-080
3.80137e-080
4.2874e-080
4.8354e-080
5.45323e-080
6.14976e-080
6.93498e-080
7.82016e-080
8.81799e-080
9.94274e-080
1.12105e-079
1.26395e-079
1.425e-079
1.60651e-079
1.81108e-079
2.04161e-079
2.3014e-079
2.59414e-079
2.92401e-079
3.29569e-079
3.71448e-079
4.18632e-079
4.71791e-079
5.31681e-079
5.99149e-079
6.75152e-079
7.60767e-079
8.57206e-079
9.65832e-079
1.08818e-078
1.22598e-078
1.38118e-078
1.55596e-078
1.75279e-078
1.97445e-078
2.22405e-078
2.5051e-078
2.82157e-078
3.17788e-078
3.57906e-078
4.03072e-078
4.53921e-078
5.11164e-078
5.75604e-078
6.48142e-078
7.29794e-078
8.21699e-078
9.25143e-078
1.04157e-077
1.1726e-077
1.32007e-077
1.48602e-077
1.67277e-077
1.88292e-077
2.11938e-077
2.38545e-077
2.68481e-077
3.02163e-077
3.40057e-077
3.82689e-077
4.30648e-077
4.84599e-077
5.45287e-077
6.13552e-077
6.90337e-077
7.767e-077
8.73834e-077
9.83078e-077
1.10594e-076
1.2441e-076
1.39947e-076
1.57418e-076
1.77063e-076
1.99153e-076
2.23989e-076
2.51913e-076
2.83307e-076
3.18601e-076
3.58279e-076
4.02882e-076
4.5302e-076
5.09377e-076
5.72724e-076
6.43924e-076
7.23946e-076
8.13882e-076
9.14955e-076
1.02854e-075
1.15618e-075
1.29961e-075
1.46078e-075
1.64187e-075
1.84534e-075
2.07394e-075
2.33077e-075
2.61931e-075
2.94345e-075
3.30757e-075
3.71659e-075
4.17603e-075
4.69209e-075
5.27171e-075
5.92271e-075
6.65383e-075
7.47492e-075
8.39701e-075
9.43247e-075
1.05952e-074
1.19008e-074
1.33668e-074
1.50128e-074
1.68608e-074
1.89356e-074
2.12648e-074
2.38796e-074
2.68149e-074
3.01099e-074
3.38084e-074
3.79598e-074
4.26192e-074
4.78487e-074
5.37178e-074
6.03045e-074
6.76962e-074
7.59909e-074
8.52987e-074
9.57428e-074
1.07462e-073
1.2061e-073
1.35362e-073
1.51912e-073
1.7048e-073
1.91309e-073
2.14675e-073
2.40885e-073
2.70285e-073
3.03261e-073
3.40248e-073
3.8173e-073
4.28254e-073
4.80429e-073
5.38939e-073
6.04552e-073
6.78127e-073
7.60626e-073
8.53129e-073
9.56845e-073
1.07313e-072
1.20349e-072
1.34965e-072
1.51349e-072
1.69715e-072
1.90303e-072
2.13381e-072
2.39247e-072
2.68239e-072
3.00732e-072
3.37148e-072
3.77959e-072
4.23694e-072
4.74944e-072
5.32373e-072
5.96723e-072
6.68826e-072
7.49611e-072
8.40122e-072
9.41524e-072
1.05513e-071
1.18239e-071
1.32495e-071
1.48464e-071
1.66351e-071
1.86386e-071
2.08826e-071
2.33959e-071
2.62106e-071
2.93628e-071
3.28928e-071
3.68458e-071
4.12722e-071
4.62287e-071
5.17783e-071
5.79919e-071
6.49486e-071
7.2737e-071
8.14562e-071
9.12171e-071
1.02144e-070
1.14375e-070
1.28065e-070
1.43389e-070
1.6054e-070
1.79736e-070
2.01219e-070
2.25261e-070
2.52166e-070
2.82273e-070
3.15963e-070
3.5366e-070
3.95839e-070
4.43031e-070
4.95831e-070
5.54901e-070
6.20985e-070
6.94912e-070
7.77609e-070
8.70114e-070
9.73585e-070
1.08932e-069
1.21876e-069
1.36354e-069
1.52545e-069
1.70652e-069
1.90901e-069
2.13544e-069
2.38864e-069
2.67175e-069
2.98831e-069
3.34224e-069
3.73795e-069
4.18035e-069
4.67492e-069
5.2278e-069
5.84585e-069
6.5367e-069
7.30892e-069
8.17204e-069
9.13674e-069
1.02149e-068
1.14199e-068
1.27665e-068
1.42714e-068
1.5953e-068
1.7832e-068
1.99317e-068
2.22777e-068
2.48988e-068
2.78273e-068
3.10989e-068
3.47539e-068
3.8837e-068
4.3398e-068
4.84929e-068
5.41837e-068
6.054e-068
6.76394e-068
7.55684e-068
8.44235e-068
9.43126e-068
1.05356e-067
1.17688e-067
1.31458e-067
1.46834e-067
1.64002e-067
1.8317e-067
2.04571e-067
2.28463e-067
2.55135e-067
2.8491e-067
3.18148e-067
3.55249e-067
3.96662e-067
4.42885e-067
4.94475e-067
5.52054e-067
6.16313e-067
6.88025e-067
7.68051e-067
8.57353e-067
9.57e-067
1.06819e-066
1.19225e-066
1.33066e-066
1.48509e-066
1.65738e-066
1.84958e-066
2.06399e-066
2.30316e-066
2.56995e-066
2.86753e-066
3.19945e-066
3.56965e-066
3.98253e-066
4.44299e-066
4.95649e-066
5.52914e-066
6.1677e-066
6.87974e-066
7.67368e-066
8.55892e-066
9.54591e-066
1.06463e-065
1.18731e-065
1.32407e-065
1.47653e-065
1.64648e-065
1.83592e-065
2.04707e-065
2.28243e-065
2.54474e-065
2.83709e-065
3.1629e-065
3.52599e-065
3.93062e-065
4.3815e-065
4.88392e-065
5.44373e-065
6.06748e-065
6.76244e-065
7.5367e-065
8.39928e-065
9.36022e-065
1.04307e-064
1.16232e-064
1.29514e-064
1.44309e-064
1.60788e-064
1.79142e-064
1.99583e-064
2.22348e-064
2.47699e-064
2.75931e-064
3.07368e-064
3.42374e-064
3.81352e-064
4.24751e-064
4.7307e-064
5.26865e-064
5.86755e-064
6.53428e-064
7.27648e-064
8.10268e-064
9.02233e-064
1.0046e-063
1.11853e-063
1.24534e-063
1.38647e-063
1.54353e-063
1.71832e-063
1.91283e-063
2.12928e-063
2.37012e-063
2.6381e-063
2.93627e-063
3.26801e-063
3.63709e-063
4.0477e-063
4.50449e-063
5.01263e-063
5.57788e-063
6.20663e-063
6.90598e-063
7.68384e-063
8.54898e-063
9.51115e-063
1.05812e-062
1.17712e-062
1.30945e-062
1.4566e-062
1.62023e-062
1.80216e-062
2.00445e-062
2.22935e-062
2.4794e-062
2.75738e-062
3.06641e-062
3.40994e-062
3.79181e-062
4.21628e-062
4.68809e-062
5.21249e-062
5.79532e-062
6.44307e-062
7.16294e-062
7.96294e-062
8.85194e-062
9.8398e-062
1.09375e-061
1.21572e-061
1.35123e-061
1.50179e-061
1.66907e-061
1.8549e-061
2.06135e-061
2.29068e-061
2.54542e-061
2.82839e-061
3.14269e-061
3.49179e-061
3.87951e-061
4.31011e-061
4.78833e-061
5.31939e-061
5.90913e-061
6.56399e-061
7.29115e-061
8.09854e-061
8.99499e-061
9.99028e-061
1.10953e-060
1.2322e-060
1.36838e-060
1.51956e-060
1.68737e-060
1.87364e-060
2.08039e-060
2.30987e-060
2.56456e-060
2.84722e-060
3.16091e-060
3.50903e-060
3.89534e-060
4.32401e-060
4.79966e-060
5.32743e-060
5.913e-060
6.56269e-060
7.28347e-060
8.08311e-060
8.97018e-060
9.95422e-060
1.10458e-059
1.22566e-059
1.35996e-059
1.50891e-059
1.67411e-059
1.85733e-059
2.06053e-059
2.28586e-059
2.53573e-059
2.81281e-059
3.12005e-059
3.46071e-059
3.83842e-059
4.25718e-059
4.72145e-059
5.23615e-059
5.80672e-059
6.43923e-059
7.14035e-059
7.9175e-059
8.7789e-059
9.73364e-059
1.07918e-058
1.19645e-058
1.32642e-058
1.47044e-058
1.63004e-058
1.80689e-058
2.00285e-058
2.21998e-058
2.46055e-058
2.72709e-058
3.02238e-058
3.34951e-058
3.71191e-058
4.11336e-058
4.55805e-058
5.05061e-058
5.59619e-058
6.20046e-058
6.86972e-058
7.61091e-058
8.43175e-058
9.34075e-058
1.03473e-057
1.1462e-057
1.26962e-057
1.40627e-057
1.55758e-057
1.72509e-057
1.91055e-057
2.11586e-057
2.34315e-057
2.59475e-057
2.87326e-057
3.18153e-057
3.52274e-057
3.9004e-057
4.31837e-057
4.78095e-057
5.29288e-057
5.85939e-057
6.48629e-057
7.17998e-057
7.94755e-057
8.79683e-057
9.73649e-057
1.07761e-056
1.19263e-056
1.31987e-056
1.46063e-056
1.61633e-056
1.78857e-056
1.97909e-056
2.18981e-056
2.42287e-056
2.68064e-056
2.96571e-056
3.28097e-056
3.62961e-056
4.01513e-056
4.44144e-056
4.91281e-056
5.434e-056
6.01025e-056
6.64734e-056
7.35169e-056
8.13035e-056
8.99114e-056
9.94267e-056
1.09945e-055
1.21571e-055
1.34421e-055
1.48624e-055
1.64321e-055
1.81668e-055
2.0084e-055
2.22026e-055
2.45437e-055
2.71306e-055
2.99891e-055
3.31474e-055
3.66369e-055
4.04921e-055
4.47513e-055
4.94566e-055
5.46546e-055
6.03964e-055
6.67389e-055
7.37447e-055
8.14826e-055
9.0029e-055
9.94679e-055
1.09892e-054
1.21404e-054
1.34117e-054
1.48155e-054
1.63656e-054
1.80772e-054
1.99671e-054
2.20537e-054
2.43573e-054
2.69006e-054
2.97082e-054
3.28076e-054
3.6229e-054
4.00056e-054
4.41741e-054
4.87752e-054
5.38534e-054
5.94579e-054
6.56433e-054
7.24692e-054
8.00018e-054
8.8314e-054
9.7486e-054
1.07606e-053
1.18773e-053
1.31093e-053
1.44685e-053
1.59681e-053
1.76224e-053
1.94473e-053
2.14604e-053
2.36809e-053
2.61302e-053
2.88316e-053
3.18112e-053
3.50973e-053
3.87213e-053
4.27179e-053
4.71251e-053
5.19851e-053
5.7344e-053
6.32529e-053
6.97679e-053
7.6951e-053
8.48704e-053
9.36011e-053
1.03226e-052
1.13836e-052
1.25532e-052
1.38424e-052
1.52634e-052
1.68297e-052
1.85559e-052
2.04585e-052
2.25552e-052
2.48658e-052
2.74121e-052
3.02179e-052
3.33097e-052
3.67163e-052
4.04698e-052
4.46052e-052
4.91614e-052
5.41808e-052
5.97104e-052
6.58018e-052
7.25118e-052
7.99029e-052
8.80439e-052
9.70107e-052
1.06887e-051
1.17763e-051
1.29741e-051
1.42933e-051
1.57459e-051
1.73455e-051
1.91068e-051
2.10462e-051
2.31815e-051
2.55325e-051
2.81209e-051
3.09704e-051
3.41073e-051
3.75605e-051
4.13617e-051
4.55459e-051
5.01513e-051
5.52204e-051
6.07994e-051
6.69394e-051
7.36967e-051
8.11329e-051
8.9316e-051
9.83207e-051
1.08229e-050
1.19131e-050
1.31126e-050
1.44324e-050
1.58843e-050
1.74817e-050
1.92389e-050
2.1172e-050
2.32984e-050
2.56373e-050
2.82099e-050
3.10395e-050
3.41516e-050
3.75743e-050
4.13384e-050
4.54778e-050
5.00297e-050
5.50351e-050
6.05389e-050
6.65906e-050
7.32444e-050
8.05599e-050
8.86026e-050
9.74445e-050
1.07165e-049
1.1785e-049
1.29595e-049
1.42506e-049
1.56696e-049
1.72293e-049
1.89435e-049
2.08275e-049
2.28979e-049
2.51731e-049
2.76734e-049
3.04208e-049
3.34397e-049
3.67568e-049
4.04013e-049
4.44054e-049
4.88045e-049
5.36373e-049
5.89464e-049
6.47785e-049
7.11849e-049
7.82218e-049
8.59509e-049
9.44401e-049
1.03764e-048
1.14003e-048
1.25249e-048
1.37598e-048
1.51159e-048
1.6605e-048
1.82401e-048
2.00354e-048
2.20066e-048
2.41707e-048
2.65467e-048
2.9155e-048
3.20185e-048
3.51618e-048
3.86121e-048
4.23994e-048
4.65564e-048
5.11189e-048
5.61264e-048
6.1622e-048
6.76532e-048
7.42717e-048
8.15345e-048
8.9504e-048
9.82488e-048
1.07844e-047
1.18371e-047
1.29921e-047
1.42592e-047
1.56494e-047
1.71743e-047
1.88472e-047
2.06822e-047
2.26949e-047
2.49026e-047
2.73239e-047
2.99796e-047
3.2892e-047
3.6086e-047
3.95886e-047
4.34295e-047
4.76412e-047
5.22593e-047
5.73229e-047
6.28746e-047
6.89613e-047
7.56343e-047
8.29499e-047
9.09694e-047
9.97604e-047
1.09397e-046
1.19959e-046
1.31536e-046
1.44225e-046
1.58132e-046
1.73373e-046
1.90076e-046
2.08379e-046
2.28437e-046
2.50415e-046
2.74497e-046
3.00883e-046
3.29793e-046
3.61467e-046
3.96167e-046
4.34181e-046
4.75825e-046
5.21443e-046
5.71412e-046
6.26145e-046
6.86094e-046
7.51754e-046
8.23665e-046
9.0242e-046
9.88667e-046
1.08312e-045
1.18654e-045
1.29979e-045
1.42379e-045
1.55957e-045
1.70822e-045
1.87097e-045
2.04915e-045
2.24421e-045
2.45774e-045
2.69148e-045
2.94734e-045
3.2274e-045
3.53393e-045
3.86943e-045
4.2366e-045
4.63845e-045
5.07821e-045
5.55944e-045
6.08605e-045
6.66228e-045
7.29278e-045
7.98264e-045
8.73742e-045
9.56319e-045
1.04666e-044
1.14549e-044
1.25361e-044
1.37187e-044
1.50123e-044
1.64273e-044
1.7975e-044
1.96677e-044
2.1519e-044
2.35436e-044
2.57577e-044
2.81789e-044
3.08265e-044
3.37216e-044
3.68872e-044
4.03483e-044
4.41325e-044
4.82697e-044
5.27927e-044
5.77373e-044
6.31425e-044
6.90511e-044
7.55097e-044
8.25691e-044
9.02851e-044
9.87182e-044
1.07935e-043
1.18007e-043
1.29015e-043
1.41044e-043
1.54188e-043
1.68551e-043
1.84244e-043
2.01391e-043
2.20125e-043
2.40593e-043
2.62953e-043
2.87381e-043
3.14065e-043
3.43214e-043
3.75053e-043
4.09831e-043
4.47816e-043
4.89302e-043
5.34611e-043
5.84093e-043
6.3813e-043
6.97139e-043
7.61576e-043
8.31935e-043
9.0876e-043
9.92641e-043
1.08422e-042
1.18421e-042
1.29336e-042
1.41252e-042
1.5426e-042
1.68459e-042
1.83959e-042
2.00876e-042
2.19341e-042
2.39493e-042
2.61487e-042
2.8549e-042
3.11684e-042
3.40269e-042
3.7146e-042
4.05494e-042
4.4263e-042
4.83148e-042
5.27355e-042
5.75584e-042
6.28199e-042
6.85597e-042
7.48211e-042
8.16511e-042
8.91012e-042
9.72272e-042
1.0609e-041
1.15757e-041
1.26299e-041
1.37796e-041
1.50334e-041
1.64006e-041
1.78915e-041
1.95171e-041
2.12897e-041
2.32223e-041
2.53293e-041
2.76265e-041
3.01308e-041
3.28609e-041
3.58369e-041
3.9081e-041
4.2617e-041
4.64712e-041
5.0672e-041
5.52504e-041
6.02401e-041
6.56779e-041
7.16037e-041
7.80612e-041
8.50978e-041
9.2765e-041
1.01119e-040
1.10221e-040
1.20138e-040
1.30942e-040
1.42712e-040
1.55534e-040
1.69502e-040
1.84716e-040
2.01289e-040
2.19339e-040
2.39e-040
2.60412e-040
2.83732e-040
3.09127e-040
3.36783e-040
3.66899e-040
3.99693e-040
4.354e-040
4.74279e-040
5.1661e-040
5.62697e-040
6.12872e-040
6.67495e-040
7.26958e-040
7.91687e-040
8.62147e-040
9.3884e-040
1.02232e-039
1.11317e-039
1.21206e-039
1.31967e-039
1.43679e-039
1.56423e-039
1.70292e-039
1.85383e-039
2.01804e-039
2.1967e-039
2.39109e-039
2.60258e-039
2.83267e-039
3.08298e-039
3.35528e-039
3.65148e-039
3.97369e-039
4.32415e-039
4.70534e-039
5.11993e-039
5.57084e-039
6.06123e-039
6.59453e-039
7.17446e-039
7.8051e-039
8.49084e-039
9.23648e-039
1.00472e-038
1.09286e-038
1.1887e-038
1.29288e-038
1.40615e-038
1.52927e-038
1.66311e-038
1.8086e-038
1.96674e-038
2.13862e-038
2.32543e-038
2.52846e-038
2.74911e-038
2.9889e-038
3.24948e-038
3.53264e-038
3.84032e-038
4.17465e-038
4.5379e-038
4.93257e-038
5.36135e-038
5.82718e-038
6.33324e-038
6.88298e-038
7.48015e-038
8.12882e-038
8.83339e-038
9.59867e-038
1.04298e-037
1.13325e-037
1.23129e-037
1.33775e-037
1.45336e-037
1.57891e-037
1.71523e-037
1.86324e-037
2.02396e-037
2.19845e-037
2.38788e-037
2.59355e-037
2.81681e-037
3.05918e-037
3.32228e-037
3.60786e-037
3.91783e-037
4.25427e-037
4.61943e-037
5.01573e-037
5.44582e-037
5.91256e-037
6.41905e-037
6.96866e-037
7.56504e-037
8.21213e-037
8.91423e-037
9.67598e-037
1.05024e-036
1.1399e-036
1.23716e-036
1.34267e-036
1.45713e-036
1.58127e-036
1.71593e-036
1.86199e-036
2.02039e-036
2.19219e-036
2.3785e-036
2.58055e-036
2.79965e-036
3.03724e-036
3.29486e-036
3.5742e-036
3.87706e-036
4.20543e-036
4.56143e-036
4.94738e-036
5.36577e-036
5.81932e-036
6.31096e-036
6.84387e-036
7.42149e-036
8.04755e-036
8.72608e-036
9.46146e-036
1.02584e-035
1.11221e-035
1.2058e-035
1.30721e-035
1.4171e-035
1.53616e-035
1.66517e-035
1.80494e-035
1.95636e-035
2.12041e-035
2.29812e-035
2.49063e-035
2.69917e-035
2.92504e-035
3.1697e-035
3.43469e-035
3.72168e-035
4.0325e-035
4.36911e-035
4.73364e-035
5.12838e-035
5.55581e-035
6.01865e-035
6.51978e-035
7.06237e-035
7.64981e-035
8.2858e-035
8.97431e-035
9.71966e-035
1.05265e-034
1.13999e-034
1.23452e-034
1.33685e-034
1.4476e-034
1.56746e-034
1.69718e-034
1.83757e-034
1.98949e-034
2.15388e-034
2.33177e-034
2.52426e-034
2.73253e-034
2.95787e-034
3.20166e-034
3.46542e-034
3.75076e-034
4.05943e-034
4.39334e-034
4.75453e-034
5.14521e-034
5.56778e-034
6.02482e-034
6.51912e-034
7.05371e-034
7.63183e-034
8.25702e-034
8.93308e-034
9.66411e-034
1.04546e-033
1.13092e-033
1.22333e-033
1.32323e-033
1.43124e-033
1.54801e-033
1.67423e-033
1.81068e-033
1.95817e-033
2.11759e-033
2.28991e-033
2.47615e-033
2.67743e-033
2.89496e-033
3.13005e-033
3.38409e-033
3.65861e-033
3.95525e-033
4.27577e-033
4.62208e-033
4.99625e-033
5.4005e-033
5.83724e-033
6.30904e-033
6.81872e-033
7.36928e-033
7.96399e-033
8.60635e-033
9.30017e-033
1.00495e-032
1.08589e-032
1.17329e-032
1.26768e-032
1.36961e-032
1.47968e-032
1.59853e-032
1.72687e-032
1.86543e-032
2.01503e-032
2.17655e-032
2.35092e-032
2.53916e-032
2.74237e-032
2.96173e-032
3.1985e-032
3.45408e-032
3.72993e-032
4.02765e-032
4.34897e-032
4.69574e-032
5.06996e-032
5.4738e-032
5.90957e-032
6.37979e-032
6.88715e-032
7.43457e-032
8.0252e-032
8.6624e-032
9.34984e-032
1.00914e-031
1.08914e-031
1.17544e-031
1.26853e-031
1.36893e-031
1.47722e-031
1.59402e-031
1.71999e-031
1.85583e-031
2.00233e-031
2.16031e-031
2.33067e-031
2.51436e-031
2.71242e-031
2.92597e-031
3.15621e-031
3.40444e-031
3.67204e-031
3.96053e-031
4.27151e-031
4.60674e-031
4.96808e-031
5.35755e-031
5.77734e-031
6.22977e-031
6.71738e-031
7.24286e-031
7.80915e-031
8.4194e-031
9.07697e-031
9.78553e-031
1.0549e-030
1.13716e-030
1.22578e-030
1.32126e-030
1.42412e-030
1.53493e-030
1.6543e-030
1.78288e-030
1.92138e-030
2.07056e-030
2.23124e-030
2.40429e-030
2.59066e-030
2.79137e-030
3.00752e-030
3.24027e-030
3.49091e-030
3.76078e-030
4.05136e-030
4.36422e-030
4.70106e-030
5.0637e-030
5.4541e-030
5.87437e-030
6.32679e-030
6.81378e-030
7.33797e-030
7.90218e-030
8.50944e-030
9.16301e-030
9.8664e-030
1.06234e-029
1.1438e-029
1.23146e-029
1.32578e-029
1.42728e-029
1.53648e-029
1.65398e-029
1.78039e-029
1.91639e-029
2.0627e-029
2.22009e-029
2.3894e-029
2.57152e-029
2.76741e-029
2.97811e-029
3.20473e-029
3.44846e-029
3.71059e-029
3.99248e-029
4.29562e-029
4.6216e-029
4.97212e-029
5.34902e-029
5.75427e-029
6.18997e-029
6.65841e-029
7.16203e-029
7.70343e-029
8.28544e-029
8.91107e-029
9.58358e-029
1.03064e-028
1.10834e-028
1.19184e-028
1.28159e-028
1.37804e-028
1.4817e-028
1.59309e-028
1.71278e-028
1.8414e-028
1.9796e-028
2.12809e-028
2.28762e-028
2.45902e-028
2.64317e-028
2.84099e-028
3.05349e-028
3.28177e-028
3.52697e-028
3.79035e-028
4.07324e-028
4.37707e-028
4.70338e-028
5.05382e-028
5.43016e-028
5.8343e-028
6.26828e-028
6.73427e-028
7.23463e-028
7.77186e-028
8.34866e-028
8.96791e-028
9.63273e-028
1.03464e-027
1.11126e-027
1.1935e-027
1.28178e-027
1.37653e-027
1.47824e-027
1.58739e-027
1.70454e-027
1.83026e-027
1.96518e-027
2.10996e-027
2.26533e-027
2.43203e-027
2.61091e-027
2.80283e-027
3.00874e-027
3.22966e-027
3.46666e-027
3.72091e-027
3.99364e-027
4.28621e-027
4.60003e-027
4.93663e-027
5.29766e-027
5.68487e-027
6.10014e-027
6.5455e-027
7.0231e-027
7.53525e-027
8.08444e-027
8.67332e-027
9.30473e-027
9.98172e-027
1.07075e-026
1.14857e-026
1.23199e-026
1.32143e-026
1.41729e-026
1.52006e-026
1.63021e-026
1.74828e-026
1.87482e-026
2.01045e-026
2.15581e-026
2.31158e-026
2.47851e-026
2.6574e-026
2.84908e-026
3.05448e-026
3.27455e-026
3.51035e-026
3.76297e-026
4.03363e-026
4.32358e-026
4.63419e-026
4.96692e-026
5.32334e-026
5.70511e-026
6.11403e-026
6.552e-026
7.02107e-026
7.52342e-026
8.06141e-026
8.63754e-026
9.25448e-026
9.9151e-026
1.06225e-025
1.13799e-025
1.21908e-025
1.3059e-025
1.39885e-025
1.49835e-025
1.60487e-025
1.7189e-025
1.84096e-025
1.97161e-025
2.11145e-025
2.26112e-025
2.4213e-025
2.59273e-025
2.7762e-025
2.97252e-025
3.18261e-025
3.40742e-025
3.64796e-025
3.90533e-025
4.1807e-025
4.47531e-025
4.79049e-025
5.12768e-025
5.48838e-025
5.87423e-025
6.28696e-025
6.72843e-025
7.20062e-025
7.70564e-025
8.24577e-025
8.82341e-025
9.44116e-025
1.01018e-024
1.08082e-024
1.15635e-024
1.23712e-024
1.32347e-024
1.4158e-024
1.51451e-024
1.62005e-024
1.73286e-024
1.85346e-024
1.98238e-024
2.12018e-024
2.26748e-024
2.42491e-024
2.59317e-024
2.773e-024
2.96518e-024
3.17057e-024
3.39004e-024
3.62457e-024
3.87517e-024
4.14294e-024
4.42904e-024
4.73471e-024
5.06128e-024
5.41016e-024
5.78287e-024
6.18102e-024
6.60632e-024
7.06062e-024
7.54585e-024
8.06413e-024
8.61766e-024
9.20884e-024
9.84019e-024
1.05144e-023
1.12344e-023
1.20032e-023
1.28241e-023
1.37007e-023
1.46366e-023
1.56358e-023
1.67026e-023
1.78415e-023
1.90572e-023
2.03551e-023
2.17405e-023
2.32192e-023
2.47976e-023
2.64823e-023
2.82803e-023
3.01993e-023
3.22471e-023
3.44326e-023
3.67646e-023
3.92532e-023
4.19085e-023
4.47417e-023
4.77646e-023
5.09898e-023
5.44306e-023
5.81014e-023
6.20173e-023
6.61945e-023
7.06504e-023
7.54033e-023
8.04728e-023
8.58798e-023
9.16465e-023
9.77967e-023
1.04356e-022
1.1135e-022
1.18809e-022
1.26762e-022
1.35242e-022
1.44284e-022
1.53925e-022
1.64204e-022
1.75162e-022
1.86844e-022
1.99297e-022
2.12573e-022
2.26723e-022
2.41807e-022
2.57884e-022
2.75019e-022
2.93281e-022
3.12744e-022
3.33485e-022
3.55588e-022
3.79141e-022
4.04239e-022
4.30982e-022
4.59475e-022
4.89834e-022
5.22178e-022
5.56636e-022
5.93345e-022
6.32451e-022
6.74107e-022
7.1848e-022
7.65743e-022
8.16084e-022
8.69701e-022
9.26804e-022
9.87618e-022
1.05238e-021
1.12135e-021
1.19479e-021
1.27299e-021
1.35626e-021
1.44491e-021
1.53931e-021
1.6398e-021
1.74679e-021
1.86069e-021
1.98193e-021
2.111e-021
2.24838e-021
2.39461e-021
2.55025e-021
2.7159e-021
2.8922e-021
3.07982e-021
3.27949e-021
3.49197e-021
3.71807e-021
3.95866e-021
4.21465e-021
4.48701e-021
4.7768e-021
5.0851e-021
5.41309e-021
5.76202e-021
6.13319e-021
6.52803e-021
6.94801e-021
7.39472e-021
7.86985e-021
8.37518e-021
8.91262e-021
9.48417e-021
1.0092e-020
1.07383e-020
1.14256e-020
1.21565e-020
1.29335e-020
1.37597e-020
1.46381e-020
1.5572e-020
1.65648e-020
1.76203e-020
1.87422e-020
1.99348e-020
2.12025e-020
2.255e-020
2.39821e-020
2.55042e-020
2.71218e-020
2.88409e-020
3.06678e-020
3.26092e-020
3.46721e-020
3.6864e-020
3.9193e-020
4.16676e-020
4.42966e-020
4.70897e-020
5.0057e-020
5.32092e-020
5.65577e-020
6.01146e-020
6.38928e-020
6.79057e-020
7.21678e-020
7.66945e-020
8.1502e-020
8.66075e-020
9.20291e-020
9.77864e-020
1.039e-019
1.10391e-019
1.17284e-019
1.24601e-019
1.32371e-019
1.40619e-019
1.49376e-019
1.58671e-019
1.68539e-019
1.79013e-019
1.90131e-019
2.01931e-019
2.14455e-019
2.27748e-019
2.41855e-019
2.56825e-019
2.72712e-019
2.8957e-019
3.07459e-019
3.2644e-019
3.46579e-019
3.67946e-019
3.90616e-019
4.14666e-019
4.4018e-019
4.67245e-019
4.95956e-019
5.2641e-019
5.58713e-019
5.92974e-019
6.29312e-019
6.67852e-019
7.08723e-019
7.52067e-019
7.98031e-019
8.46771e-019
8.98453e-019
9.53252e-019
1.01135e-018
1.07296e-018
1.13827e-018
1.20751e-018
1.28091e-018
1.35872e-018
1.4412e-018
1.52862e-018
1.62129e-018
1.71951e-018
1.82361e-018
1.93394e-018
2.05086e-018
2.17476e-018
2.30607e-018
2.4452e-018
2.59263e-018
2.74884e-018
2.91435e-018
3.0897e-018
3.27548e-018
3.47229e-018
3.68079e-018
3.90165e-018
4.13561e-018
4.38343e-018
4.64591e-018
4.92392e-018
5.21837e-018
5.5302e-018
5.86045e-018
6.21017e-018
6.58051e-018
6.97267e-018
7.3879e-018
7.82756e-018
8.29307e-018
8.78591e-018
9.30769e-018
9.86006e-018
1.04448e-017
1.10638e-017
1.17191e-017
1.24126e-017
1.31467e-017
1.39237e-017
1.4746e-017
1.56162e-017
1.65372e-017
1.75118e-017
1.85432e-017
1.96345e-017
2.07892e-017
2.2011e-017
2.33037e-017
2.46714e-017
2.61183e-017
2.7649e-017
2.92683e-017
3.09812e-017
3.2793e-017
3.47095e-017
3.67366e-017
3.88805e-017
4.1148e-017
4.3546e-017
4.60819e-017
4.87637e-017
5.15995e-017
5.45981e-017
5.77687e-017
6.11211e-017
6.46655e-017
6.84128e-017
7.23744e-017
7.65624e-017
8.09897e-017
8.56697e-017
9.06165e-017
9.58453e-017
1.01372e-016
1.07213e-016
1.13386e-016
1.1991e-016
1.26805e-016
1.3409e-016
1.41789e-016
1.49924e-016
1.5852e-016
1.67601e-016
1.77197e-016
1.87334e-016
1.98044e-016
2.09357e-016
2.21309e-016
2.33934e-016
2.47269e-016
2.61354e-016
2.76231e-016
2.91943e-016
3.08537e-016
3.26062e-016
3.44569e-016
3.64112e-016
3.84748e-016
4.06538e-016
4.29546e-016
4.53838e-016
4.79485e-016
5.06562e-016
5.35148e-016
5.65324e-016
5.97179e-016
6.30804e-016
6.66297e-016
7.03759e-016
7.43299e-016
7.8503e-016
8.29072e-016
8.7555e-016
9.24598e-016
9.76356e-016
1.03097e-015
1.0886e-015
1.1494e-015
1.21356e-015
1.28124e-015
1.35265e-015
1.42798e-015
1.50745e-015
1.59128e-015
1.6797e-015
1.77297e-015
1.87135e-015
1.97511e-015
2.08454e-015
2.19995e-015
2.32166e-015
2.45e-015
2.58534e-015
2.72806e-015
2.87853e-015
3.03719e-015
3.20447e-015
3.38083e-015
3.56676e-015
3.76277e-015
3.9694e-015
4.18721e-015
4.4168e-015
4.6588e-015
4.91386e-015
5.18269e-015
5.46602e-015
5.76461e-015
6.07927e-015
6.41087e-015
6.76028e-015
7.12847e-015
7.51641e-015
7.92516e-015
8.35581e-015
8.80953e-015
9.28752e-015
9.79106e-015
1.03215e-014
1.08803e-014
1.14688e-014
1.20887e-014
1.27417e-014
1.34294e-014
1.41536e-014
1.49164e-014
1.57196e-014
1.65654e-014
1.74561e-014
1.8394e-014
1.93815e-014
2.04212e-014
2.15158e-014
2.26682e-014
2.38815e-014
2.51587e-014
2.65031e-014
2.79184e-014
2.94081e-014
3.0976e-014
3.26263e-014
3.43632e-014
3.61911e-014
3.81148e-014
4.01391e-014
4.22694e-014
4.4511e-014
4.68696e-014
4.93513e-014
5.19624e-014
5.47095e-014
5.75996e-014
6.064e-014
6.38384e-014
6.7203e-014
7.07421e-014
7.44646e-014
7.83801e-014
8.24982e-014
8.68293e-014
9.13842e-014
9.61744e-014
1.01212e-013
1.06509e-013
1.12079e-013
1.17935e-013
1.24093e-013
1.30567e-013
1.37374e-013
1.4453e-013
1.52053e-013
1.59961e-013
1.68274e-013
1.77012e-013
1.86196e-013
1.9585e-013
2.05995e-013
2.16659e-013
2.27865e-013
2.39641e-013
2.52017e-013
2.65021e-013
2.78686e-013
2.93043e-013
3.08129e-013
3.23978e-013
3.40629e-013
3.58123e-013
3.765e-013
3.95804e-013
4.16083e-013
4.37383e-013
4.59756e-013
4.83254e-013
5.07934e-013
5.33853e-013
5.61074e-013
5.89659e-013
6.19677e-013
6.51197e-013
6.84294e-013
7.19046e-013
7.55533e-013
7.9384e-013
8.34058e-013
8.76279e-013
9.20602e-013
9.67128e-013
1.01597e-012
1.06723e-012
1.12104e-012
1.17751e-012
1.23678e-012
1.29899e-012
1.36427e-012
1.43277e-012
1.50466e-012
1.58009e-012
1.65923e-012
1.74228e-012
1.82941e-012
1.92082e-012
2.01673e-012
2.11733e-012
2.22288e-012
2.33359e-012
2.44972e-012
2.57153e-012
2.69929e-012
2.83329e-012
2.97383e-012
3.12121e-012
3.27578e-012
3.43786e-012
3.60782e-012
3.78604e-012
3.97291e-012
4.16884e-012
4.37427e-012
4.58963e-012
4.81542e-012
5.05211e-012
5.30024e-012
5.56033e-012
5.83296e-012
6.11872e-012
6.41823e-012
6.73214e-012
7.06113e-012
7.40591e-012
7.76723e-012
8.14585e-012
8.5426e-012
8.95832e-012
9.39391e-012
9.8503e-012
1.03285e-011
1.08294e-011
1.13542e-011
1.1904e-011
1.24799e-011
1.30832e-011
1.37151e-011
1.43769e-011
1.50702e-011
1.57962e-011
1.65565e-011
1.73528e-011
1.81867e-011
1.90599e-011
1.99743e-011
2.09317e-011
2.19341e-011
2.29837e-011
2.40826e-011
2.5233e-011
2.64373e-011
2.76981e-011
2.90178e-011
3.03992e-011
3.18452e-011
3.33587e-011
3.49427e-011
3.66005e-011
3.83355e-011
4.01512e-011
4.20512e-011
4.40395e-011
4.61199e-011
4.82968e-011
5.05744e-011
5.29574e-011
5.54506e-011
5.80588e-011
6.07874e-011
6.36417e-011
6.66275e-011
6.97507e-011
7.30174e-011
7.64341e-011
8.00076e-011
8.3745e-011
8.76535e-011
9.17409e-011
9.60151e-011
1.00485e-010
1.05158e-010
1.10045e-010
1.15154e-010
1.20495e-010
1.2608e-010
1.31918e-010
1.38021e-010
1.44401e-010
1.5107e-010
1.58041e-010
1.65327e-010
1.72943e-010
1.80902e-010
1.8922e-010
1.97913e-010
2.06997e-010
2.16489e-010
2.26409e-010
2.36773e-010
2.47603e-010
2.58917e-010
2.70738e-010
2.83088e-010
2.9599e-010
3.09468e-010
3.23546e-010
3.38253e-010
3.53613e-010
3.69658e-010
3.86415e-010
4.03916e-010
4.22193e-010
4.4128e-010
4.61212e-010
4.82026e-010
5.03759e-010
5.26452e-010
5.50146e-010
5.74884e-010
6.00711e-010
6.27674e-010
6.55822e-010
6.85205e-010
7.15877e-010
7.47893e-010
7.8131e-010
8.16189e-010
8.52592e-010
8.90584e-010
9.30233e-010
9.71609e-010
1.01479e-009
1.05984e-009
1.10685e-009
1.1559e-009
1.20708e-009
1.26048e-009
1.31619e-009
1.3743e-009
1.43493e-009
1.49817e-009
1.56414e-009
1.63295e-009
1.70473e-009
1.77958e-009
1.85766e-009
1.93908e-009
2.02399e-009
2.11254e-009
2.20488e-009
2.30116e-009
2.40156e-009
2.50623e-009
2.61537e-009
2.72916e-009
2.84778e-009
2.97145e-009
3.10037e-009
3.23475e-009
3.37483e-009
3.52083e-009
3.67301e-009
3.83162e-009
3.99692e-009
4.1692e-009
4.34873e-009
4.53581e-009
4.73076e-009
4.93389e-009
5.14555e-009
5.36608e-009
5.59585e-009
5.83522e-009
6.0846e-009
6.34439e-009
6.61502e-009
6.89692e-009
7.19055e-009
7.4964e-009
7.81495e-009
8.14672e-009
8.49225e-009
8.85209e-009
9.22682e-009
9.61703e-009
1.00234e-008
1.04465e-008
1.0887e-008
1.13457e-008
1.18232e-008
1.23203e-008
1.28379e-008
1.33767e-008
1.39375e-008
1.45213e-008
1.5129e-008
1.57615e-008
1.64198e-008
1.71049e-008
1.78179e-008
1.85599e-008
1.93321e-008
2.01356e-008
2.09717e-008
2.18416e-008
2.27468e-008
2.36885e-008
2.46683e-008
2.56876e-008
2.6748e-008
2.78511e-008
2.89986e-008
3.01921e-008
3.14336e-008
3.27248e-008
3.40677e-008
3.54644e-008
3.6917e-008
3.84275e-008
3.99982e-008
4.16316e-008
4.333e-008
4.50959e-008
4.69319e-008
4.88408e-008
5.08254e-008
5.28886e-008
5.50333e-008
5.72629e-008
5.95804e-008
6.19894e-008
6.44932e-008
6.70955e-008
6.98002e-008
7.2611e-008
7.55322e-008
7.85677e-008
8.17221e-008
8.49999e-008
8.84057e-008
9.19444e-008
9.5621e-008
9.94407e-008
1.03409e-007
1.07532e-007
1.11814e-007
1.16263e-007
1.20884e-007
1.25683e-007
1.30668e-007
1.35846e-007
1.41223e-007
1.46808e-007
1.52607e-007
1.58629e-007
1.64883e-007
1.71376e-007
1.78118e-007
1.85119e-007
1.92386e-007
1.99932e-007
2.07765e-007
2.15897e-007
2.24338e-007
2.33101e-007
2.42196e-007
2.51637e-007
2.61435e-007
2.71604e-007
2.82158e-007
2.9311e-007
3.04476e-007
3.1627e-007
3.28509e-007
3.41207e-007
3.54383e-007
3.68054e-007
3.82236e-007
3.9695e-007
4.12215e-007
4.28049e-007
4.44475e-007
4.61513e-007
4.79186e-007
4.97516e-007
5.16527e-007
5.36243e-007
5.56691e-007
5.77896e-007
5.99886e-007
6.22688e-007
6.46331e-007
6.70847e-007
6.96265e-007
7.22618e-007
7.49939e-007
7.78264e-007
8.07626e-007
8.38064e-007
8.69615e-007
9.0232e-007
9.36217e-007
9.71351e-007
1.00776e-006
1.0455e-006
1.08461e-006
1.12514e-006
1.16713e-006
1.21065e-006
1.25574e-006
1.30246e-006
1.35086e-006
1.40101e-006
1.45297e-006
1.50679e-006
1.56255e-006
1.62031e-006
1.68013e-006
1.7421e-006
1.80628e-006
1.87276e-006
1.9416e-006
2.0129e-006
2.08674e-006
2.1632e-006
2.24237e-006
2.32436e-006
2.40924e-006
2.49713e-006
2.58813e-006
2.68233e-006
2.77986e-006
2.88082e-006
2.98534e-006
3.09352e-006
3.2055e-006
3.32141e-006
3.44137e-006
3.56553e-006
3.69402e-006
3.827e-006
3.9646e-006
4.107e-006
4.25434e-006
4.4068e-006
4.56455e-006
4.72776e-006
4.89662e-006
5.0713e-006
5.25202e-006
5.43897e-006
5.63235e-006
5.83238e-006
6.03928e-006
6.25328e-006
6.47461e-006
6.70351e-006
6.94024e-006
7.18504e-006
7.43819e-006
7.69997e-006
7.97064e-006
8.25051e-006
8.53988e-006
8.83905e-006
9.14835e-006
9.4681e-006
9.79865e-006
1.01403e-005
1.04935e-005
1.08586e-005
1.1236e-005
1.1626e-005
1.20291e-005
1.24456e-005
1.28761e-005
1.3321e-005
1.37807e-005
1.42557e-005
1.47466e-005
1.52537e-005
1.57776e-005
1.6319e-005
1.68782e-005
1.74559e-005
1.80527e-005
1.86692e-005
1.93059e-005
1.99637e-005
2.0643e-005
2.13446e-005
2.20692e-005
2.28175e-005
2.35903e-005
2.43883e-005
2.52123e-005
2.60631e-005
2.69416e-005
2.78487e-005
2.87851e-005
2.97519e-005
3.075e-005
3.17803e-005
3.28439e-005
3.39417e-005
3.50749e-005
3.62445e-005
3.74516e-005
3.86975e-005
3.99832e-005
4.13101e-005
4.26793e-005
4.40922e-005
4.55501e-005
4.70544e-005
4.86065e-005
5.02078e-005
5.18599e-005
5.35642e-005
5.53224e-005
5.71361e-005
5.9007e-005
6.09367e-005
6.29272e-005
6.49801e-005
6.70974e-005
6.9281e-005
7.15328e-005
7.3855e-005
7.62497e-005
7.87189e-005
8.12649e-005
8.389e-005
8.65965e-005
8.93869e-005
9.22636e-005
9.52293e-005
9.82864e-005
0.000101438
0.000104686
0.000108034
0.000111485
0.000115042
0.000118707
0.000122485
0.000126377
0.000130389
0.000134522
0.000138782
0.00014317
0.000147692
0.00015235
0.00015715
0.000162094
0.000167187
0.000172434
0.000177838
0.000183405
0.000189138
0.000195043
0.000201125
0.000207388
0.000213838
0.00022048
0.00022732
0.000234362
0.000241614
0.00024908
0.000256767
0.000264681
0.000272828
0.000281215
0.000289849
0.000298736
0.000307883
0.000317298
0.000326989
0.000336963
0.000347227
0.00035779
0.00036866
0.000379845
0.000391355
0.000403197
0.000415382
0.000427919
0.000440817
0.000454086
0.000467736
0.000481778
0.000496222
0.000511079
0.000526361
0.000542079
0.000558244
0.000574869
0.000591966
0.000609548
0.000627628
0.000646219
0.000665335
0.000684989
0.000705197
0.000725973
0.000747332
0.00076929
0.000791862
0.000815064
0.000838914
0.000863428
0.000888624
0.00091452
0.000941134
0.000968484
0.000996591
0.00102547
0.00105515
0.00108565
0.00111698
0.00114918
0.00118225
0.00121623
0.00125114
0.001287
0.00132384
0.00136167
0.00140054
0.00144046
0.00148146
0.00152356
0.0015668
0.00161121
0.00165681
0.00170364
0.00175172
0.00180109
0.00185178
0.00190382
0.00195724
0.00201209
0.0020684
0.00212619
0.00218552
0.00224642
0.00230892
0.00237307
0.00243891
0.00250648
0.00257582
0.00264697
0.00271998
0.0027949
0.00287178
0.00295065
0.00303157
0.00311459
0.00319975
0.00328712
0.00337675
0.00346868
0.00356298
0.00365969
0.00375889
0.00386063
0.00396496
0.00407196
0.00418168
0.0042942
0.00440957
0.00452786
0.00464914
0.00477349
0.00490098
0.00503167
0.00516565
0.00530299
0.00544377
0.00558807
0.00573597
0.00588756
0.00604292
0.00620214
0.0063653
0.00653251
0.00670384
0.00687941
0.0070593
0.00724361
0.00743244
0.0076259
0.00782409
0.00802713
0.00823511
0.00844815
0.00866636
0.00888987
0.00911879
0.00935324
0.00959334
0.00983923
0.010091
0.0103489
0.0106129
0.0108832
0.01116
0.0114434
0.0117335
0.0120305
0.0123345
0.0126457
0.0129643
0.0132904
0.0136242
0.0139658
0.0143154
0.0146732
0.0150394
0.0154141
0.0157975
0.0161898
0.0165912
0.017002
0.0174222
0.0178521
0.0182919
0.0187418
0.019202
0.0196728
0.0201543
0.0206468
0.0211505
0.0216657
0.0221925
0.0227313
0.0232823
0.0238457
0.0244218
0.0250108
0.025613
0.0262287
0.0268582
0.0275017
0.0281595
0.028832
0.0295194
0.0302219
0.03094
0.031674
0.0324241
0.0331906
0.033974
0.0347745
0.0355925
0.0364283
0.0372823
0.0381548
0.0390462
0.0399569
0.0408873
0.0418377
0.0428085
0.0438001
0.044813
0.0458475
0.0469041
0.0479832
0.0490852
0.0502105
0.0513597
0.0525331
0.0537312
0.0549546
0.0562036
0.0574787
0.0587805
0.0601095
0.0614661
0.0628509
0.0642644
0.0657071
0.0671796
0.0686825
0.0702162
0.0717814
0.0733787
0.0750085
0.0766716
0.0783686
0.0800999
0.0818664
0.0836685
0.085507
0.0873825
0.0892957
0.0912473
0.0932378
0.0952681
0.0973388
0.0994506
0.101604
0.103801
0.10604
0.108324
0.110653
0.113027
0.115448
0.117916
0.120432
0.122998
0.125613
0.128278
0.130995
0.133764
0.136587
0.139464
0.142395
0.145383
0.148428
0.15153
0.154692
0.157913
0.161195
0.164539
0.167946
0.171416
0.174952
0.178553
0.182222
0.185959
0.189765
0.193641
0.197589
0.201609
0.205704
0.209873
0.214119
0.218442
0.222843
0.227325
0.231887
0.236532
0.241261
0.246074
0.250974
0.255962
0.261038
0.266205
0.271464
0.276815
0.282262
0.287804
0.293444
0.299182
0.305021
0.310962
0.317006
0.323155
0.329411
0.335775
0.342248
0.348833
0.35553
0.362342
0.36927
0.376316
0.383482
0.390769
0.398179
0.405713
0.413374
0.421164
0.429083
0.437135
0.44532
0.453641
0.4621
0.470698
0.479437
0.48832
0.497348
0.506523
0.515847
0.525323
0.534951
0.544736
0.554677
0.564778
0.575041
0.585468
0.59606
0.606821
0.617751
0.628855
0.640133
0.651588
0.663222
0.675037
0.687037
0.699222
0.711597
0.724162
0.73692
0.749874
0.763026
0.776378
0.789934
0.803695
0.817664
0.831843
0.846236
0.860844
0.87567
0.890717
0.905988
0.921484
0.937209
0.953165
0.969356
0.985783
1.00245
1.01936
1.03651
1.05391
1.07157
1.08947
1.10763
1.12605
1.14474
1.16368
1.1829
1.20238
1.22214
1.24218
1.26249
1.28309
1.30397
1.32515
1.34661
1.36837
1.39042
1.41278
1.43543
1.4584
1.48168
1.50527
1.52917
1.55339
1.57794
1.60281
1.62801
1.65355
1.67942
1.70562
1.73217
1.75907
1.78631
1.8139
1.84185
1.87016
1.89882
1.92785
1.95725
1.98703
2.01717
2.04769
2.0786
2.10989
2.14156
2.17363
2.20609
2.23895
2.27222
2.30588
2.33996
2.37444
2.40934
2.44466
2.4804
2.51656
2.55316
2.59018
2.62764
2.66554
2.70388
2.74266
2.78189
2.82157
2.86171
2.90231
2.94337
2.98489
3.02688
3.06935
3.11228
3.1557
3.1996
3.24398
3.28885
3.33421
3.38007
3.42642
3.47328
3.52063
3.5685
3.61687
3.66576
3.71517
3.7651
3.81554
3.86652
3.91802
3.97005
4.02262
4.07573
4.12938
4.18357
4.23831
4.2936
4.34944
4.40583
4.46279
4.5203
4.57838
4.63702
4.69624
4.75602
4.81638
4.87731
4.93883
5.00092
5.0636
5.12687
5.19072
5.25517
5.32021
5.38584
5.45208
5.51891
5.58635
5.65439
5.72304
5.79229
5.86216
5.93264
6.00373
6.07544
6.14777
6.22071
6.29428
6.36847
6.44328
6.51872
6.59479
6.67149
6.74881
6.82677
6.90536
6.98458
7.06444
7.14493
7.22606
7.30783
7.39023
7.47328
7.55696
7.64128
7.72625
7.81186
7.89811
7.985
8.07253
8.16071
8.24952
8.33899
8.42909
8.51984
8.61123
8.70326
8.79593
8.88925
8.98321
9.07781
9.17304
9.26892
9.36544
9.46259
9.56038
9.6588
9.75786
9.85756
9.95788
10.0588
10.1604
10.2626
10.3655
10.4689
10.573
10.6777
10.783
10.889
10.9955
11.1027
11.2105
11.3188
11.4278
11.5374
11.6476
11.7584
11.8697
11.9817
12.0943
12.2074
12.3211
12.4354
12.5502
12.6657
12.7817
12.8982
13.0153
13.133
13.2512
13.37
13.4893
13.6091
13.7295
13.8504
13.9718
14.0937
14.2162
14.3391
14.4626
14.5865
14.711
14.8359
14.9613
15.0872
15.2136
15.3404
15.4676
15.5954
15.7235
15.8521
15.9812
16.1106
16.2405
16.3708
16.5015
16.6326
16.764
16.8959
17.0282
17.1608
17.2937
17.4271
17.5607
17.6947
17.8291
17.9637
18.0987
18.234
18.3696
18.5054
18.6416
18.778
18.9147
19.0516
19.1888
19.3262
19.4639
19.6018
19.7399
19.8781
20.0166
20.1553
20.2941
20.4331
20.5722
20.7115
20.851
20.9905
21.1302
21.2699
21.4098
21.5497
21.6897
21.8298
21.9699
22.1101
22.2503
22.3905
22.5307
22.671
22.8112
22.9514
23.0915
23.2316
23.3717
23.5116
23.6515
23.7913
23.931
24.0706
24.2101
24.3494
24.4886
24.6276
24.7665
24.9051
25.0436
25.1818
25.3199
25.4577
25.5952
25.7325
25.8696
26.0063
26.1428
26.2789
26.4148
26.5503
26.6855
26.8203
26.9548
27.0888
27.2225
27.3558
27.4887
27.6211
27.7531
27.8847
28.0158
28.1464
28.2765
28.4061
28.5352
28.6638
28.7918
28.9193
29.0462
29.1726
29.2984
29.4235
29.5481
29.672
29.7953
29.9179
30.0399
30.1612
30.2818
30.4017
30.5209
30.6394
30.7572
30.8742
30.9904
31.1059
31.2206
31.3345
31.4476
31.5599
31.6713
31.7819
31.8917
32.0006
32.1086
32.2158
32.322
32.4273
32.5317
32.6352
32.7377
32.8393
32.9399
33.0396
33.1382
33.2359
33.3325
33.4282
33.5228
33.6164
33.7089
33.8003
33.8907
33.9801
34.0683
34.1554
34.2415
34.3264
34.4102
34.4928
34.5743
34.6547
34.7339
34.8119
34.8888
34.9644
35.0389
35.1121
35.1842
35.255
35.3246
35.3929
35.46
35.5259
35.5905
35.6538
35.7159
35.7767
35.8362
35.8944
35.9512
36.0068
36.0611
36.114
36.1657
36.216
36.2649
36.3125
36.3588
36.4037
36.4472
36.4894
36.5302
36.5697
36.6077
36.6444
36.6797
36.7136
36.7461
36.7772
36.8069
36.8352
36.862
36.8875
36.9116
36.9342
36.9554
36.9752
36.9936
37.0105
37.026
37.0401
37.0527
37.0639
37.0737
37.082
37.0889
37.0944
37.0984
37.101
37.1021
37.1018
37.1001
37.0969
37.0922
37.0862
37.0787
37.0697
37.0593
37.0475
37.0343
37.0196
37.0035
36.9859
36.967
36.9466
36.9248
36.9015
36.8769
36.8508
36.8233
36.7944
36.7641
36.7325
36.6994
36.6649
36.629
36.5917
36.5531
36.5131
36.4717
36.4289
36.3848
36.3393
36.2925
36.2443
36.1948
36.1439
36.0918
36.0382
35.9834
35.9273
35.8698
35.8111
35.7511
35.6897
35.6271
35.5633
35.4981
35.4317
35.3641
35.2952
35.2251
35.1538
35.0812
35.0074
34.9325
34.8563
34.779
34.7004
34.6208
34.5399
34.4579
34.3748
34.2905
34.2051
34.1186
34.031
33.9423
33.8525
33.7617
33.6698
33.5768
33.4828
33.3877
33.2917
33.1946
33.0965
32.9974
32.8974
32.7963
32.6944
32.5914
32.4876
32.3828
32.277
32.1704
32.0629
31.9545
31.8453
31.7351
31.6242
31.5124
31.3997
31.2863
31.1721
31.057
30.9412
30.8247
30.7073
30.5893
30.4705
30.351
30.2308
30.1098
29.9883
29.866
29.7431
29.6195
29.4953
29.3705
29.2451
29.1191
28.9925
28.8653
28.7376
28.6093
28.4805
28.3512
28.2214
28.091
27.9602
27.8289
27.6972
27.565
27.4324
27.2993
27.1659
27.032
26.8978
26.7632
26.6282
26.4929
26.3572
26.2212
26.085
25.9484
25.8115
25.6743
25.5369
25.3993
25.2614
25.1232
24.9849
24.8463
24.7076
24.5687
24.4296
24.2903
24.151
24.0114
23.8718
23.7321
23.5922
23.4523
23.3123
23.1722
23.0321
22.8919
22.7517
22.6115
22.4713
22.331
22.1908
22.0506
21.9105
21.7704
21.6303
21.4904
21.3505
21.2106
21.0709
20.9313
20.7918
20.6524
20.5132
20.3741
20.2352
20.0964
19.9579
19.8195
19.6813
19.5433
19.4055
19.2679
19.1306
18.9935
18.8567
18.7201
18.5838
18.4478
18.312
18.1766
18.0414
17.9066
17.7721
17.6379
17.504
17.3705
17.2373
17.1045
16.972
16.8399
16.7082
16.5769
16.446
16.3155
16.1854
16.0557
15.9264
15.7975
15.6691
15.5411
15.4136
15.2865
15.1599
15.0338
14.9081
14.7829
14.6581
14.5339
14.4102
14.2869
14.1642
14.042
13.9202
13.799
13.6784
13.5582
13.4386
13.3195
13.201
13.083
12.9656
12.8487
12.7324
12.6166
12.5015
12.3868
12.2728
12.1593
12.0464
11.9341
11.8224
11.7113
11.6008
11.4909
11.3815
11.2728
11.1647
11.0572
10.9503
10.844
10.7383
10.6332
10.5288
10.425
10.3218
10.2192
10.1173
10.0159
9.91526
9.8152
9.71577
9.61698
9.51883
9.42131
9.32443
9.22818
9.13257
9.03761
8.94328
8.8496
8.75655
8.66415
8.57239
8.48127
8.3908
8.30097
8.21178
8.12323
8.03533
7.94807
7.86145
7.77547
7.69014
7.60544
7.52139
7.43798
7.35521
7.27307
7.19158
7.11072
7.03049
6.9509
6.87195
6.79363
6.71594
6.63888
6.56245
6.48665
6.41148
6.33693
6.263
6.1897
6.11702
6.04495
5.9735
5.90267
5.83245
5.76285
5.69385
5.62546
5.55767
5.49049
5.42392
5.35794
5.29255
5.22776
5.16357
5.09996
5.03695
4.97452
4.91267
4.8514
4.79071
4.7306
4.67105
4.61208
4.55368
4.49584
4.43857
4.38185
4.32569
4.27008
4.21503
4.16052
4.10656
4.05314
4.00026
3.94792
3.89611
3.84483
3.79408
3.74386
3.69415
3.64497
3.5963
3.54814
3.50049
3.45334
3.4067
3.36056
3.31491
3.26976
3.2251
3.18092
3.13723
3.09402
3.05128
3.00902
2.96722
2.9259
2.88504
2.84463
2.80469
2.7652
2.72616
2.68756
2.64941
2.6117
2.57443
2.53759
2.50118
2.46519
2.42963
2.39449
2.35977
2.32546
2.29156
2.25806
2.22497
2.19228
2.15998
2.12808
2.09657
2.06545
2.0347
2.00434
1.97435
1.94474
1.9155
1.88662
1.85811
1.82995
1.80216
1.77471
1.74762
1.72087
1.69447
1.6684
1.64268
1.61729
1.59223
1.56749
1.54308
1.51899
1.49522
1.47177
1.44862
1.42579
1.40326
1.38103
1.3591
1.33747
1.31613
1.29508
1.27432
1.25384
1.23365
1.21373
1.19409
1.17472
1.15562
1.13678
1.11821
1.0999
1.08185
1.06405
1.0465
1.02921
1.01216
0.995352
0.978787
0.962461
0.94637
0.930512
0.914884
0.899484
0.884309
0.869355
0.854622
0.840106
0.825804
0.811714
0.797834
0.78416
0.770691
0.757424
0.744356
0.731485
0.718809
0.706326
0.694032
0.681925
0.670004
0.658266
0.646708
0.635328
0.624125
0.613095
0.602236
0.591547
0.581026
0.570669
0.560475
0.550442
0.540567
0.530849
0.521285
0.511874
0.502613
0.493501
0.484535
0.475713
0.467034
0.458496
0.450096
0.441832
0.433704
0.425709
0.417845
0.41011
0.402502
0.395021
0.387663
0.380428
0.373314
0.366318
0.359439
0.352676
0.346026
0.339489
0.333062
0.326745
0.320534
0.31443
0.30843
0.302532
0.296736
0.29104
0.285442
0.27994
0.274534
0.269222
0.264003
0.258874
0.253836
0.248886
0.244022
0.239245
0.234552
0.229942
0.225414
0.220967
0.216599
0.212309
0.208096
0.203958
0.199895
0.195906
0.191988
0.188142
0.184365
0.180658
0.177018
0.173444
0.169936
0.166493
0.163113
0.159796
0.156539
0.153344
0.150207
0.14713
0.144109
0.141145
0.138237
0.135383
0.132583
0.129836
0.127141
0.124497
0.121904
0.119359
0.116864
0.114416
0.112015
0.10966
0.10735
0.105085
0.102864
0.100686
0.0985499
0.0964556
0.0944021
0.0923888
0.0904149
0.0884797
0.0865826
0.0847228
0.0828998
0.0811129
0.0793614
0.0776447
0.0759622
0.0743133
0.0726973
0.0711137
0.069562
0.0680414
0.0665515
0.0650917
0.0636614
0.0622601
0.0608874
0.0595425
0.0582252
0.0569347
0.0556707
0.0544327
0.0532201
0.0520325
0.0508694
0.0497304
0.048615
0.0475228
0.0464533
0.0454061
0.0443808
0.043377
0.0423942
0.0414321
0.0404903
0.0395683
0.0386658
0.0377825
0.0369178
0.0360716
0.0352434
0.0344329
0.0336397
0.0328635
0.032104
0.0313608
0.0306336
0.0299221
0.029226
0.028545
0.0278788
0.0272271
0.0265895
0.0259659
0.025356
0.0247594
0.0241759
0.0236052
0.0230471
0.0225014
0.0219677
0.0214458
0.0209355
0.0204366
0.0199487
0.0194718
0.0190055
0.0185497
0.0181041
0.0176685
0.0172428
0.0168266
0.0164199
0.0160223
0.0156338
0.0152541
0.014883
0.0145205
0.0141662
0.01382
0.0134817
0.0131512
0.0128283
0.0125129
0.0122047
0.0119037
0.0116096
0.0113224
0.0110418
0.0107678
0.0105001
0.0102388
0.00998351
0.00973423
0.00949081
0.00925312
0.00902104
0.00879443
0.00857318
0.00835717
0.00814629
0.00794042
0.00773946
0.00754328
0.0073518
0.00716489
0.00698247
0.00680443
0.00663067
0.0064611
0.00629561
0.00613413
0.00597656
0.00582281
0.0056728
0.00552643
0.00538364
0.00524433
0.00510842
0.00497584
0.00484652
0.00472038
0.00459734
0.00447733
0.00436028
0.00424613
0.00413481
0.00402625
0.00392039
0.00381717
0.00371651
0.00361838
0.00352269
0.0034294
0.00333846
0.0032498
0.00316337
0.00307912
0.002997
0.00291695
0.00283893
0.0027629
0.00268879
0.00261657
0.00254619
0.00247761
0.00241078
0.00234566
0.00228222
0.0022204
0.00216017
0.0021015
0.00204434
0.00198865
0.00193441
0.00188158
0.00183012
0.00177999
0.00173117
0.00168363
0.00163733
0.00159223
0.00154832
0.00150557
0.00146393
0.0014234
0.00138393
0.0013455
0.00130809
0.00127167
0.00123622
0.00120171
0.00116811
0.00113542
0.00110359
0.00107261
0.00104247
0.00101313
0.000984577
0.000956794
0.000929758
0.000903451
0.000877854
0.000852949
0.000828719
0.000805146
0.000782213
0.000759903
0.000738202
0.000717092
0.000696559
0.000676587
0.000657163
0.000638271
0.000619899
0.000602032
0.000584657
0.000567761
0.000551333
0.000535359
0.000519828
0.000504727
0.000490046
0.000475774
0.0004619
0.000448413
0.000435302
0.000422559
0.000410172
0.000398134
0.000386433
0.000375062
0.000364012
0.000353273
0.000342838
0.000332698
0.000322845
0.000313272
0.000303971
0.000294935
0.000286156
0.000277628
0.000269344
0.000261296
0.00025348
0.000245887
0.000238513
0.000231351
0.000224395
0.00021764
0.00021108
0.000204709
0.000198524
0.000192518
0.000186686
0.000181024
0.000175526
0.00017019
0.000165008
0.000159979
0.000155097
0.000150358
0.000145758
0.000141293
0.00013696
0.000132754
0.000128673
0.000124712
0.000120869
0.000117139
0.00011352
0.000110009
0.000106602
0.000103296
0.00010009
9.69785e-005
9.39605e-005
9.10329e-005
8.81931e-005
8.54386e-005
8.27669e-005
8.01756e-005
7.76624e-005
7.52251e-005
7.28615e-005
7.05693e-005
6.83467e-005
6.61914e-005
6.41017e-005
6.20755e-005
6.0111e-005
5.82064e-005
5.636e-005
5.45701e-005
5.28349e-005
5.11529e-005
4.95226e-005
4.79423e-005
4.64107e-005
4.49262e-005
4.34876e-005
4.20934e-005
4.07423e-005
3.9433e-005
3.81643e-005
3.6935e-005
3.5744e-005
3.45899e-005
3.34719e-005
3.23887e-005
3.13394e-005
3.03228e-005
2.93382e-005
2.83843e-005
2.74605e-005
2.65656e-005
2.5699e-005
2.48596e-005
2.40467e-005
2.32595e-005
2.24972e-005
2.1759e-005
2.10443e-005
2.03522e-005
1.96821e-005
1.90334e-005
1.84053e-005
1.77972e-005
1.72086e-005
1.66388e-005
1.60872e-005
1.55533e-005
1.50366e-005
1.45364e-005
1.40524e-005
1.35839e-005
1.31306e-005
1.26918e-005
1.22673e-005
1.18565e-005
1.1459e-005
1.10744e-005
1.07023e-005
1.03423e-005
9.99405e-006
9.65712e-006
9.33119e-006
9.01592e-006
8.71095e-006
8.41598e-006
8.13068e-006
7.85474e-006
7.58788e-006
7.3298e-006
7.08022e-006
6.83887e-006
6.60549e-006
6.37983e-006
6.16164e-006
5.95068e-006
5.74672e-006
5.54954e-006
5.35891e-006
5.17463e-006
4.99649e-006
4.8243e-006
4.65786e-006
4.49699e-006
4.34151e-006
4.19124e-006
4.04601e-006
3.90567e-006
3.77004e-006
3.63899e-006
3.51235e-006
3.38999e-006
3.27177e-006
3.15754e-006
3.04719e-006
2.94057e-006
2.83758e-006
2.73809e-006
2.64198e-006
2.54915e-006
2.45949e-006
2.37288e-006
2.28924e-006
2.20846e-006
2.13045e-006
2.05511e-006
1.98236e-006
1.91211e-006
1.84428e-006
1.77879e-006
1.71555e-006
1.6545e-006
1.59556e-006
1.53866e-006
1.48373e-006
1.43071e-006
1.37953e-006
1.33013e-006
1.28244e-006
1.23642e-006
1.192e-006
1.14914e-006
1.10777e-006
1.06785e-006
1.02933e-006
9.92162e-007
9.56297e-007
9.21693e-007
8.88306e-007
8.56096e-007
8.25022e-007
7.95044e-007
7.66126e-007
7.38232e-007
7.11325e-007
6.85372e-007
6.60341e-007
6.36199e-007
6.12916e-007
5.90462e-007
5.68809e-007
5.47928e-007
5.27794e-007
5.08379e-007
4.8966e-007
4.71612e-007
4.54211e-007
4.37435e-007
4.21263e-007
4.05673e-007
3.90644e-007
3.76158e-007
3.62194e-007
3.48736e-007
3.35765e-007
3.23263e-007
3.11215e-007
2.99604e-007
2.88416e-007
2.77634e-007
2.67245e-007
2.57235e-007
2.4759e-007
2.38297e-007
2.29345e-007
2.2072e-007
2.12411e-007
2.04407e-007
1.96697e-007
1.89271e-007
1.82118e-007
1.75228e-007
1.68592e-007
1.62202e-007
1.56047e-007
1.50121e-007
1.44414e-007
1.38918e-007
1.33626e-007
1.28531e-007
1.23625e-007
1.18902e-007
1.14355e-007
1.09978e-007
1.05764e-007
1.01708e-007
9.78029e-008
9.40445e-008
9.04271e-008
8.69453e-008
8.35944e-008
8.03696e-008
7.72661e-008
7.42796e-008
7.14057e-008
6.86404e-008
6.59796e-008
6.34195e-008
6.09563e-008
5.85866e-008
5.63068e-008
5.41136e-008
5.20038e-008
4.99743e-008
4.80222e-008
4.61445e-008
4.43385e-008
4.26016e-008
4.09311e-008
3.93246e-008
3.77796e-008
3.6294e-008
3.48654e-008
3.34918e-008
3.2171e-008
3.09011e-008
2.96802e-008
2.85064e-008
2.7378e-008
2.62932e-008
2.52504e-008
2.4248e-008
2.32846e-008
2.23585e-008
2.14684e-008
2.0613e-008
1.97909e-008
1.90008e-008
1.82416e-008
1.7512e-008
1.6811e-008
1.61374e-008
1.54901e-008
1.48683e-008
1.42709e-008
1.36969e-008
1.31455e-008
1.26158e-008
1.2107e-008
1.16183e-008
1.11489e-008
1.0698e-008
1.02649e-008
9.84903e-009
9.44961e-009
9.06604e-009
8.6977e-009
8.344e-009
8.00437e-009
7.67827e-009
7.36517e-009
7.06456e-009
6.77596e-009
6.49889e-009
6.23292e-009
5.97759e-009
5.7325e-009
5.49725e-009
5.27145e-009
5.05472e-009
4.84672e-009
4.6471e-009
4.45553e-009
4.27168e-009
4.09527e-009
3.92598e-009
3.76355e-009
3.6077e-009
3.45817e-009
3.31471e-009
3.17707e-009
3.04504e-009
2.91837e-009
2.79687e-009
2.68032e-009
2.56853e-009
2.46131e-009
2.35847e-009
2.25983e-009
2.16524e-009
2.07453e-009
1.98754e-009
1.90413e-009
1.82414e-009
1.74745e-009
1.67392e-009
1.60342e-009
1.53583e-009
1.47103e-009
1.40891e-009
1.34936e-009
1.29227e-009
1.23756e-009
1.18511e-009
1.13485e-009
1.08667e-009
1.0405e-009
9.9625e-010
9.53845e-010
9.13211e-010
8.74273e-010
8.36963e-010
8.01215e-010
7.66963e-010
7.34147e-010
7.02708e-010
6.72589e-010
6.43736e-010
6.16097e-010
5.89622e-010
5.64262e-010
5.39973e-010
5.16709e-010
4.94427e-010
4.73089e-010
4.52653e-010
4.33084e-010
4.14345e-010
3.96401e-010
3.79219e-010
3.62768e-010
3.47017e-010
3.31937e-010
3.175e-010
3.0368e-010
2.90449e-010
2.77785e-010
2.65662e-010
2.54058e-010
2.42952e-010
2.32322e-010
2.22149e-010
2.12413e-010
2.03095e-010
1.94179e-010
1.85647e-010
1.77483e-010
1.69672e-010
1.62198e-010
1.55047e-010
1.48206e-010
1.41661e-010
1.354e-010
1.2941e-010
1.23681e-010
1.18201e-010
1.12959e-010
1.07946e-010
1.03151e-010
9.85647e-011
9.4179e-011
8.9985e-011
8.59745e-011
8.21395e-011
7.84725e-011
7.49663e-011
7.1614e-011
6.8409e-011
6.53448e-011
6.24155e-011
5.96152e-011
5.69383e-011
5.43795e-011
5.19336e-011
4.95959e-011
4.73615e-011
4.52261e-011
4.31852e-011
4.12349e-011
3.93711e-011
3.75901e-011
3.58882e-011
3.42621e-011
3.27084e-011
3.12239e-011
2.98057e-011
2.84507e-011
2.71563e-011
2.59198e-011
2.47386e-011
2.36104e-011
2.25327e-011
2.15034e-011
2.05203e-011
1.95814e-011
1.86847e-011
1.78284e-011
1.70106e-011
1.62298e-011
1.54842e-011
1.47722e-011
1.40925e-011
1.34435e-011
1.28239e-011
1.22324e-011
1.16677e-011
1.11287e-011
1.06141e-011
1.0123e-011
9.65415e-012
9.2067e-012
8.77964e-012
8.37207e-012
7.98311e-012
7.61193e-012
7.25772e-012
6.91972e-012
6.59721e-012
6.28949e-012
5.99589e-012
5.71577e-012
5.44853e-012
5.19358e-012
4.95037e-012
4.71836e-012
4.49705e-012
4.28596e-012
4.08462e-012
3.89258e-012
3.70943e-012
3.53476e-012
3.36818e-012
3.20933e-012
3.05785e-012
2.91341e-012
2.77568e-012
2.64436e-012
2.51916e-012
2.39979e-012
2.28599e-012
2.1775e-012
2.07408e-012
1.97549e-012
1.88152e-012
1.79195e-012
1.70657e-012
1.6252e-012
1.54765e-012
