2.02123e-183
2.72275e-183
3.66739e-183
4.93923e-183
6.65147e-183
8.95633e-183
1.20586e-182
1.62338e-182
2.18523e-182
2.94123e-182
3.95836e-182
5.32668e-182
7.16725e-182
9.64281e-182
1.29721e-181
1.7449e-181
2.34685e-181
3.15614e-181
4.24406e-181
5.70638e-181
7.67177e-181
1.0313e-180
1.38621e-180
1.86307e-180
2.5037e-180
3.36427e-180
4.52017e-180
6.07257e-180
8.15729e-180
1.09565e-179
1.47149e-179
1.97603e-179
2.6533e-179
3.56232e-179
4.78228e-179
6.41936e-179
8.61596e-179
1.1563e-178
1.55164e-178
2.08193e-178
2.79317e-178
3.747e-178
5.02601e-178
6.74092e-178
9.04001e-178
1.2122e-177
1.6253e-177
2.17895e-177
2.9209e-177
3.91508e-177
5.2471e-177
7.03158e-177
9.42197e-177
1.26236e-176
1.69115e-176
2.26535e-176
3.03419e-176
4.06355e-176
5.44155e-176
7.2861e-176
9.75488e-176
1.30588e-175
1.74799e-175
2.33954e-175
3.13096e-175
4.18965e-175
5.60575e-175
7.49971e-175
1.00325e-174
1.34193e-174
1.79475e-174
2.40013e-174
3.20936e-174
4.29099e-174
5.73657e-174
7.66833e-174
1.02495e-173
1.36982e-173
1.83053e-173
2.44593e-173
3.26789e-173
4.36561e-173
5.83147e-173
7.7887e-173
1.04018e-172
1.38901e-172
1.85462e-172
2.47607e-172
3.3054e-172
4.41205e-172
5.88859e-172
7.85845e-172
1.04862e-171
1.39911e-171
1.86656e-171
2.48993e-171
3.32114e-171
4.42937e-171
5.90679e-171
7.87619e-171
1.05011e-170
1.39994e-170
1.86611e-170
2.48726e-170
3.31481e-170
4.41725e-170
5.88573e-170
7.84156e-170
1.04462e-169
1.39147e-169
1.85327e-169
2.46809e-169
3.28653e-169
4.37592e-169
5.8258e-169
7.75527e-169
1.03227e-168
1.37386e-168
1.82831e-168
2.43282e-168
3.23686e-168
4.3062e-168
5.72821e-168
7.61901e-168
1.01329e-167
1.34748e-167
1.7917e-167
2.38212e-167
3.16678e-167
4.20946e-167
5.59486e-167
7.43545e-167
9.88053e-167
1.31283e-166
1.74418e-166
2.31701e-166
3.07765e-166
4.08758e-166
5.42835e-166
7.20815e-166
9.57051e-166
1.27058e-165
1.68664e-165
2.23871e-165
2.97117e-165
3.94288e-165
5.23183e-165
6.94142e-165
9.20869e-165
1.22152e-164
1.62017e-164
2.1487e-164
2.84934e-164
3.77805e-164
5.00895e-164
6.64018e-164
8.80172e-164
1.16657e-163
1.546e-163
2.04862e-163
2.71436e-163
3.59609e-163
4.76373e-163
6.30985e-163
8.3569e-163
1.10669e-162
1.46542e-162
1.94023e-162
2.56862e-162
3.40016e-162
4.50044e-162
5.95614e-162
7.88189e-162
1.04292e-161
1.37983e-161
1.82538e-161
2.41456e-161
3.19357e-161
4.22348e-161
5.58495e-161
7.38453e-161
9.76294e-161
1.29061e-160
1.70593e-160
2.25468e-160
2.97962e-160
3.93726e-160
5.20212e-160
6.87262e-160
9.0786e-160
1.19914e-159
1.58371e-159
2.0914e-159
2.76155e-159
3.64606e-159
4.81337e-159
6.35375e-159
8.38619e-159
1.10676e-158
1.46049e-158
1.92708e-158
2.54245e-158
3.35399e-158
4.42411e-158
5.83505e-158
7.69517e-158
1.01472e-157
1.33792e-157
1.76387e-157
2.3252e-157
3.06484e-157
4.03934e-157
5.32313e-157
7.01421e-157
9.24157e-157
1.2175e-156
1.60378e-156
2.11239e-156
2.78202e-156
3.66354e-156
4.82388e-156
6.35108e-156
8.36089e-156
1.10056e-155
1.44853e-155
1.90632e-155
2.50854e-155
3.30066e-155
4.34244e-155
5.71246e-155
7.51392e-155
9.88246e-155
1.29963e-154
1.70894e-154
2.24693e-154
2.95397e-154
3.8831e-154
5.10395e-154
6.70793e-154
8.81506e-154
1.15829e-153
1.52182e-153
1.99924e-153
2.62616e-153
3.4493e-153
4.52999e-153
5.94864e-153
7.81075e-153
1.02547e-152
1.34619e-152
1.76704e-152
2.31922e-152
3.04362e-152
3.99388e-152
5.24027e-152
6.87492e-152
9.01854e-152
1.18293e-151
1.55145e-151
2.03456e-151
2.66783e-151
3.49785e-151
4.58562e-151
6.01105e-151
7.87875e-151
1.03257e-150
1.35312e-150
1.77299e-150
2.32291e-150
3.04308e-150
3.98611e-150
5.22084e-150
6.83732e-150
8.95336e-150
1.17231e-149
1.5348e-149
2.00916e-149
2.62987e-149
3.44198e-149
4.50441e-149
5.89416e-149
7.71188e-149
1.00891e-148
1.31978e-148
1.72625e-148
2.25768e-148
2.9524e-148
3.86049e-148
5.04737e-148
6.59845e-148
8.62529e-148
1.12735e-147
1.47334e-147
1.9253e-147
2.51564e-147
3.28666e-147
4.29354e-147
5.6083e-147
7.3249e-147
9.56592e-147
1.24913e-146
1.63095e-146
2.12927e-146
2.77955e-146
3.62806e-146
4.73509e-146
6.17927e-146
8.06307e-146
1.05201e-145
1.37244e-145
1.79028e-145
2.33508e-145
3.04537e-145
3.9713e-145
5.17821e-145
6.75121e-145
8.80113e-145
1.14723e-144
1.49526e-144
1.94867e-144
2.5393e-144
3.3086e-144
4.31052e-144
5.61526e-144
7.31418e-144
9.52611e-144
1.24057e-143
1.6154e-143
2.10327e-143
2.73819e-143
3.56441e-143
4.63945e-143
6.0381e-143
7.85757e-143
1.02243e-142
1.33024e-142
1.73054e-142
2.25108e-142
2.92788e-142
3.80776e-142
4.95156e-142
6.43827e-142
8.37048e-142
1.08815e-141
1.41442e-141
1.83833e-141
2.38905e-141
3.10442e-141
4.03359e-141
5.24031e-141
6.80733e-141
8.84203e-141
1.14837e-140
1.4913e-140
1.93645e-140
2.5142e-140
3.26399e-140
4.23694e-140
5.49934e-140
7.13714e-140
9.26173e-140
1.20175e-139
1.55917e-139
2.02267e-139
2.62369e-139
3.40295e-139
4.41319e-139
5.72274e-139
7.42011e-139
9.61993e-139
1.24706e-138
1.61644e-138
2.095e-138
2.71497e-138
3.51804e-138
4.55818e-138
5.90522e-138
7.64955e-138
9.90811e-138
1.28322e-137
1.66175e-137
2.15171e-137
2.78585e-137
3.6065e-137
4.66841e-137
6.04238e-137
7.81989e-137
1.01193e-136
1.30934e-136
1.69398e-136
2.1914e-136
2.83458e-136
3.66615e-136
4.74118e-136
6.13082e-136
7.92692e-136
1.02482e-135
1.32477e-135
1.71235e-135
2.21308e-135
2.85995e-135
3.6955e-135
4.77467e-135
6.16834e-135
7.96797e-135
1.02916e-134
1.32914e-134
1.71639e-134
2.21623e-134
2.86133e-134
3.69382e-134
4.76803e-134
6.15399e-134
7.942e-134
1.02484e-133
1.32233e-133
1.70599e-133
2.20074e-133
2.83868e-133
3.66115e-133
4.72143e-133
6.08815e-133
7.84966e-133
1.01198e-132
1.30451e-132
1.68143e-132
2.16702e-132
2.79257e-132
3.59831e-132
4.63605e-132
5.97245e-132
7.69328e-132
9.9089e-132
1.27613e-131
1.64331e-131
2.11591e-131
2.72414e-131
3.50686e-131
4.51399e-131
5.80977e-131
7.47672e-131
9.62096e-131
1.23789e-130
1.59257e-130
2.04866e-130
2.63509e-130
3.38904e-130
4.35826e-130
5.60408e-130
7.20527e-130
9.26298e-130
1.19071e-129
1.53044e-129
1.96689e-129
2.52756e-129
3.2477e-129
4.17258e-129
5.3603e-129
6.88538e-129
8.84345e-129
1.13572e-128
1.45839e-128
1.87254e-128
2.40406e-128
3.08612e-128
3.96128e-128
5.08408e-128
6.52447e-128
8.37205e-128
1.07417e-127
1.37807e-127
1.76775e-127
2.2674e-127
2.90797e-127
3.72911e-127
4.78163e-127
6.13058e-127
7.85926e-127
1.00743e-126
1.29124e-126
1.65482e-126
2.12056e-126
2.7171e-126
3.48108e-126
4.45942e-126
5.71211e-126
7.31594e-126
9.36911e-126
1.19972e-125
1.5361e-125
1.96658e-125
2.51744e-125
3.22227e-125
4.12401e-125
5.27754e-125
6.75302e-125
8.64011e-125
1.10534e-124
1.41393e-124
1.80848e-124
2.31288e-124
2.95767e-124
3.78181e-124
4.83509e-124
6.18109e-124
7.90096e-124
1.00983e-123
1.29055e-123
1.64912e-123
2.10711e-123
2.692e-123
3.4389e-123
4.39256e-123
5.61011e-123
7.16439e-123
9.14833e-123
1.16804e-122
1.49119e-122
1.90353e-122
2.42964e-122
3.10083e-122
3.95703e-122
5.04913e-122
6.44195e-122
8.21814e-122
1.0483e-121
1.33706e-121
1.70518e-121
2.17443e-121
2.77253e-121
3.53477e-121
4.5061e-121
5.74375e-121
7.32056e-121
9.32929e-121
1.1888e-120
1.51468e-120
1.9297e-120
2.45818e-120
3.13106e-120
3.98772e-120
5.07823e-120
6.46628e-120
8.23288e-120
1.0481e-119
1.33417e-119
1.69814e-119
2.16117e-119
2.75018e-119
3.49935e-119
4.45213e-119
5.66375e-119
7.20434e-119
9.16304e-119
1.16531e-118
1.48182e-118
1.8841e-118
2.39535e-118
3.04501e-118
3.87046e-118
4.91917e-118
6.25138e-118
7.94355e-118
1.00927e-117
1.2822e-117
1.62877e-117
2.06879e-117
2.62742e-117
3.33655e-117
4.23662e-117
5.37894e-117
6.82855e-117
8.66793e-117
1.10016e-116
1.39622e-116
1.77176e-116
2.24807e-116
2.85214e-116
3.61815e-116
4.58941e-116
5.82079e-116
7.38179e-116
9.36044e-116
1.18682e-115
1.50463e-115
1.90735e-115
2.41759e-115
3.06402e-115
3.8829e-115
4.9201e-115
6.23372e-115
7.89724e-115
1.00036e-114
1.26706e-114
1.60468e-114
2.03205e-114
2.57298e-114
3.25757e-114
4.12388e-114
5.22002e-114
6.60683e-114
8.36121e-114
1.05803e-113
1.33871e-113
1.69366e-113
2.1425e-113
2.71001e-113
3.42749e-113
4.33447e-113
5.48088e-113
6.92978e-113
8.7608e-113
1.10745e-112
1.39977e-112
1.76907e-112
2.23557e-112
2.82479e-112
3.56894e-112
4.50865e-112
5.6952e-112
7.19327e-112
9.08445e-112
1.14716e-111
1.44846e-111
1.8287e-111
2.30853e-111
2.91394e-111
3.67775e-111
4.64128e-111
5.85664e-111
7.38947e-111
9.32253e-111
1.176e-110
1.48333e-110
1.87078e-110
2.35919e-110
2.97479e-110
3.75064e-110
4.72835e-110
5.9603e-110
7.51244e-110
9.46781e-110
1.19309e-109
1.50332e-109
1.89401e-109
2.386e-109
3.00547e-109
3.78538e-109
4.76718e-109
6.00299e-109
7.55839e-109
9.51581e-109
1.19789e-108
1.5078e-108
1.89768e-108
2.38813e-108
3.00503e-108
3.78089e-108
4.75657e-108
5.9834e-108
7.52589e-108
9.46503e-108
1.19026e-107
1.49663e-107
1.88167e-107
2.36552e-107
2.97348e-107
3.73731e-107
4.69685e-107
5.90214e-107
7.41595e-107
9.31707e-107
1.17043e-106
1.47017e-106
1.84648e-106
2.31887e-106
2.91181e-106
3.65598e-106
4.58987e-106
5.7617e-106
7.23196e-106
9.07646e-106
1.13902e-105
1.42923e-105
1.79319e-105
2.2496e-105
2.82189e-105
3.5394e-105
4.43888e-105
5.56638e-105
6.97953e-105
8.75053e-105
1.09698e-104
1.37504e-104
1.72341e-104
2.15981e-104
2.70644e-104
3.39106e-104
4.24842e-104
5.322e-104
6.66617e-104
8.34897e-104
1.04555e-103
1.30921e-103
1.6392e-103
2.05214e-103
2.56884e-103
3.21531e-103
4.02404e-103
5.03567e-103
6.30097e-103
7.88337e-103
9.86214e-103
1.23363e-102
1.54296e-102
1.92965e-102
2.41299e-102
3.0171e-102
3.77205e-102
4.71542e-102
5.89411e-102
7.36666e-102
9.20615e-102
1.15038e-101
1.43733e-101
1.79568e-101
2.24314e-101
2.8018e-101
3.49924e-101
4.36983e-101
5.45645e-101
6.81256e-101
8.50484e-101
1.06164e-100
1.32508e-100
1.65372e-100
2.06365e-100
2.57493e-100
3.21254e-100
4.00764e-100
4.99899e-100
6.23492e-100
7.7756e-100
9.69599e-100
1.20894e-099
1.50721e-099
1.87887e-099
2.34193e-099
2.91881e-099
3.63741e-099
4.53247e-099
5.64717e-099
7.0353e-099
8.76373e-099
1.09157e-098
1.35946e-098
1.69292e-098
2.10796e-098
2.62447e-098
3.26721e-098
4.06694e-098
5.06188e-098
6.29958e-098
7.8391e-098
9.75383e-098
1.2135e-097
1.50959e-097
1.87772e-097
2.33539e-097
2.90431e-097
3.61144e-097
4.49028e-097
5.5824e-097
6.93943e-097
8.62543e-097
1.07199e-096
1.33217e-096
1.65532e-096
2.05664e-096
2.55499e-096
3.17376e-096
3.94199e-096
4.89566e-096
6.07941e-096
7.5486e-096
9.37188e-096
1.16343e-095
1.44415e-095
1.7924e-095
2.22441e-095
2.76025e-095
3.42482e-095
4.24895e-095
5.27084e-095
6.53782e-095
8.10851e-095
1.00555e-094
1.24687e-094
1.54595e-094
1.91656e-094
2.37577e-094
2.9447e-094
3.64949e-094
4.5225e-094
5.60377e-094
6.94282e-094
8.60096e-094
1.0654e-093
1.31957e-093
1.63421e-093
2.02367e-093
2.50567e-093
3.10215e-093
3.84024e-093
4.75343e-093
5.88317e-093
7.28065e-093
9.00916e-093
1.11469e-092
1.37904e-092
1.7059e-092
2.11002e-092
2.60961e-092
3.22714e-092
3.99039e-092
4.93364e-092
6.09922e-092
7.53939e-092
9.31864e-092
1.15166e-091
1.42315e-091
1.75846e-091
2.17254e-091
2.68385e-091
3.31515e-091
4.09452e-091
5.0566e-091
6.24408e-091
7.70962e-091
9.51815e-091
1.17497e-090
1.45029e-090
1.78994e-090
2.20891e-090
2.72566e-090
3.36295e-090
4.14881e-090
5.11777e-090
6.31239e-090
7.78505e-090
9.60027e-090
1.18375e-089
1.45946e-089
1.7992e-089
2.21779e-089
2.73349e-089
3.36875e-089
4.15121e-089
5.11488e-089
6.3016e-089
7.76285e-089
9.56194e-089
1.17768e-088
1.45031e-088
1.78587e-088
2.19885e-088
2.70704e-088
3.33233e-088
4.10163e-088
5.04801e-088
6.2121e-088
7.64385e-088
9.40459e-088
1.15697e-087
1.42318e-087
1.75046e-087
2.15278e-087
2.64729e-087
3.25506e-087
4.00194e-087
4.91968e-087
6.04725e-087
7.43249e-087
9.13409e-087
1.12241e-086
1.37909e-086
1.69428e-086
2.08131e-086
2.55647e-086
3.13979e-086
3.85581e-086
4.73462e-086
5.81312e-086
7.13654e-086
8.76035e-086
1.07525e-085
1.31963e-085
1.61939e-085
1.98703e-085
2.43788e-085
2.99071e-085
3.66853e-085
4.4995e-085
5.51812e-085
6.76664e-085
8.29678e-085
1.01719e-084
1.24694e-084
1.52844e-084
1.87328e-084
2.29569e-084
2.81306e-084
3.44667e-084
4.22255e-084
5.17255e-084
6.33562e-084
7.75941e-084
9.50217e-084
1.16351e-083
1.42454e-083
1.74395e-083
2.13475e-083
2.61286e-083
3.19771e-083
3.91306e-083
4.78795e-083
5.85783e-083
7.16604e-083
8.76549e-083
1.07208e-082
1.3111e-082
1.60323e-082
1.96025e-082
2.39653e-082
2.92961e-082
3.58088e-082
4.37648e-082
5.3483e-082
6.53523e-082
7.98474e-082
9.75473e-082
1.19158e-081
1.45542e-081
1.77749e-081
2.17061e-081
2.6504e-081
3.2359e-081
3.95032e-081
4.82199e-081
5.88537e-081
7.18252e-081
8.76464e-081
1.06942e-080
1.30471e-080
1.59161e-080
1.94139e-080
2.36779e-080
2.88756e-080
3.52104e-080
4.29307e-080
5.23381e-080
6.38005e-080
7.7765e-080
9.47762e-080
1.15497e-079
1.40732e-079
1.71464e-079
2.08886e-079
2.54447e-079
3.09914e-079
3.77434e-079
4.59615e-079
5.59632e-079
6.81343e-079
8.29438e-079
1.00962e-078
1.22881e-078
1.49543e-078
1.81972e-078
2.21409e-078
2.69366e-078
3.27676e-078
3.98567e-078
4.84744e-078
5.89493e-078
7.16803e-078
8.71516e-078
1.05951e-077
1.28793e-077
1.56542e-077
1.90251e-077
2.31194e-077
2.80919e-077
3.41303e-077
4.14623e-077
5.03643e-077
6.11711e-077
7.42891e-077
9.02108e-077
1.09533e-076
1.32981e-076
1.61431e-076
1.95948e-076
2.37819e-076
2.88609e-076
3.50208e-076
4.24911e-076
5.15495e-076
6.25326e-076
7.58477e-076
9.19885e-076
1.11552e-075
1.35263e-075
1.63997e-075
1.98813e-075
2.40996e-075
2.92099e-075
3.54001e-075
4.28977e-075
5.19779e-075
6.29735e-075
7.62872e-075
9.2406e-075
1.11919e-074
1.35538e-074
1.64125e-074
1.98721e-074
2.40583e-074
2.91235e-074
3.52513e-074
4.26641e-074
5.16303e-074
6.24743e-074
7.5588e-074
9.14448e-074
1.10617e-073
1.33794e-073
1.61811e-073
1.95674e-073
2.36599e-073
2.86054e-073
3.4581e-073
4.18006e-073
5.05222e-073
6.10571e-073
7.37812e-073
8.91476e-073
1.07703e-072
1.30107e-072
1.57156e-072
1.89808e-072
2.29219e-072
2.76786e-072
3.34189e-072
4.03454e-072
4.87025e-072
5.87846e-072
7.09464e-072
8.56154e-072
1.03307e-071
1.24641e-071
1.50365e-071
1.81379e-071
2.18767e-071
2.63835e-071
3.18154e-071
3.83617e-071
4.62501e-071
5.57548e-071
6.72058e-071
8.10002e-071
9.76158e-071
1.17628e-070
1.41727e-070
1.70746e-070
2.05686e-070
2.47749e-070
2.98384e-070
3.5933e-070
4.32679e-070
5.20946e-070
6.27155e-070
7.54939e-070
9.08665e-070
1.09358e-069
1.31599e-069
1.58346e-069
1.9051e-069
2.29184e-069
2.7568e-069
3.31574e-069
3.98759e-069
4.79508e-069
5.76548e-069
6.93154e-069
8.33258e-069
1.00158e-068
1.20377e-068
1.44663e-068
1.7383e-068
2.08857e-068
2.50915e-068
3.01411e-068
3.62032e-068
4.348e-068
5.22141e-068
6.2696e-068
7.52743e-068
9.03667e-068
1.08474e-067
1.30196e-067
1.56251e-067
1.87501e-067
2.24978e-067
2.69917e-067
3.23799e-067
3.88397e-067
4.65834e-067
5.58652e-067
6.69894e-067
8.03203e-067
9.62941e-067
1.15433e-066
1.38361e-066
1.65826e-066
1.98722e-066
2.38119e-066
2.85296e-066
3.41786e-066
4.09418e-066
4.90382e-066
5.87296e-066
7.03289e-066
8.42105e-066
1.00821e-065
1.20696e-065
1.44474e-065
1.72919e-065
2.06942e-065
2.47633e-065
2.96295e-065
3.54482e-065
4.24053e-065
5.07224e-065
6.06645e-065
7.25478e-065
8.67498e-065
1.03721e-064
1.24e-064
1.48228e-064
1.77172e-064
2.11745e-064
2.53038e-064
3.02353e-064
3.61241e-064
4.31553e-064
5.15498e-064
6.15707e-064
7.3532e-064
8.78078e-064
1.04844e-063
1.25173e-063
1.49428e-063
1.78365e-063
2.12882e-063
2.54053e-063
3.03156e-063
3.6171e-063
4.3153e-063
5.14773e-063
6.1401e-063
7.32302e-063
8.73292e-063
1.04132e-062
1.24155e-062
1.48012e-062
1.76435e-062
2.10295e-062
2.50626e-062
2.98661e-062
3.55866e-062
4.23984e-062
5.05088e-062
6.01643e-062
7.16582e-062
8.53391e-062
1.01621e-061
1.20997e-061
1.44053e-061
1.71484e-061
2.04117e-061
2.42935e-061
2.89104e-061
3.44013e-061
4.09308e-061
4.86945e-061
5.79248e-061
6.88976e-061
8.19404e-061
9.74422e-061
1.15865e-060
1.37756e-060
1.63766e-060
1.94667e-060
2.31374e-060
2.74974e-060
3.26757e-060
3.88251e-060
4.6127e-060
5.47964e-060
6.50884e-060
7.73055e-060
9.18062e-060
1.09015e-059
1.29437e-059
1.53669e-059
1.82417e-059
2.16522e-059
2.56976e-059
3.04956e-059
3.61857e-059
4.2933e-059
5.09332e-059
6.04179e-059
7.16613e-059
8.49882e-059
1.00783e-058
1.19501e-058
1.4168e-058
1.67959e-058
1.9909e-058
2.35968e-058
2.79647e-058
3.31378e-058
3.92636e-058
4.65171e-058
5.51048e-058
6.52711e-058
7.73049e-058
9.15479e-058
1.08404e-057
1.2835e-057
1.5195e-057
1.79871e-057
2.129e-057
2.51969e-057
2.98175e-057
3.52818e-057
4.17432e-057
4.93827e-057
5.84143e-057
6.90904e-057
8.17093e-057
9.66229e-057
1.14247e-056
1.35071e-056
1.59674e-056
1.88739e-056
2.23072e-056
2.63622e-056
3.11511e-056
3.68062e-056
4.34833e-056
5.13664e-056
6.06723e-056
7.16566e-056
8.46208e-056
9.99201e-056
1.17973e-055
1.39274e-055
1.64403e-055
1.94046e-055
2.2901e-055
2.70245e-055
3.18873e-055
3.76211e-055
4.43814e-055
5.2351e-055
6.17452e-055
7.28176e-055
8.58667e-055
1.01244e-054
1.19362e-054
1.40708e-054
1.65854e-054
1.95473e-054
2.30359e-054
2.71442e-054
3.19818e-054
3.76777e-054
4.43834e-054
5.22772e-054
6.15684e-054
7.25034e-054
8.53717e-054
1.00513e-053
1.18328e-053
1.39287e-053
1.6394e-053
1.92936e-053
2.27038e-053
2.67139e-053
3.1429e-053
3.69725e-053
4.34893e-053
5.11495e-053
6.01526e-053
7.0733e-053
8.31658e-053
9.77738e-053
1.14936e-052
1.35096e-052
1.58776e-052
1.86587e-052
2.19246e-052
2.57596e-052
3.02621e-052
3.5548e-052
4.17529e-052
4.90356e-052
5.75827e-052
6.76126e-052
7.93811e-052
9.31885e-052
1.09386e-051
1.28386e-051
1.50669e-051
1.76803e-051
2.07447e-051
2.43378e-051
2.85503e-051
3.34883e-051
3.92764e-051
4.606e-051
5.40097e-051
6.33249e-051
7.42389e-051
8.70249e-051
1.02002e-050
1.19545e-050
1.4009e-050
1.6415e-050
1.92321e-050
2.25303e-050
2.63914e-050
3.0911e-050
3.62008e-050
4.23914e-050
4.96356e-050
5.81116e-050
6.80279e-050
7.96282e-050
9.31968e-050
1.09066e-049
1.27624e-049
1.49325e-049
1.74697e-049
2.04359e-049
2.39032e-049
2.79559e-049
3.26924e-049
3.82273e-049
4.46947e-049
5.22508e-049
6.1078e-049
7.1389e-049
8.3432e-049
9.74965e-049
1.1392e-048
1.33096e-048
1.55484e-048
1.81619e-048
2.12125e-048
2.47729e-048
2.89279e-048
3.37762e-048
3.94331e-048
4.60325e-048
5.37309e-048
6.27101e-048
7.31824e-048
8.53945e-048
9.96341e-048
1.16236e-047
1.3559e-047
1.58151e-047
1.84446e-047
2.15091e-047
2.50801e-047
2.92409e-047
3.40884e-047
3.97355e-047
4.63132e-047
5.39742e-047
6.28958e-047
7.32846e-047
8.53804e-047
9.94623e-047
1.15855e-046
1.34935e-046
1.5714e-046
1.82982e-046
2.1305e-046
2.48034e-046
2.88732e-046
3.36073e-046
3.91136e-046
4.55172e-046
5.29638e-046
6.16221e-046
7.16885e-046
8.33906e-046
9.69928e-046
1.12802e-045
1.31174e-045
1.52523e-045
1.77328e-045
2.06145e-045
2.39621e-045
2.78503e-045
3.23662e-045
3.76103e-045
4.36996e-045
5.07695e-045
5.8977e-045
6.85043e-045
7.95623e-045
9.23957e-045
1.07288e-044
1.24568e-044
1.44615e-044
1.67872e-044
1.94848e-044
2.26136e-044
2.6242e-044
3.04495e-044
3.53279e-044
4.09836e-044
4.75398e-044
5.51391e-044
6.39465e-044
7.41529e-044
8.59795e-044
9.96818e-044
1.15556e-043
1.33944e-043
1.55242e-043
1.79908e-043
2.08471e-043
2.41543e-043
2.79834e-043
3.2416e-043
3.75469e-043
4.34854e-043
5.03579e-043
5.83105e-043
6.75119e-043
7.81572e-043
9.04716e-043
1.04715e-042
1.21189e-042
1.4024e-042
1.62268e-042
1.87738e-042
2.17182e-042
2.51218e-042
2.90558e-042
3.36023e-042
3.88562e-042
4.49269e-042
5.19407e-042
6.00431e-042
6.94023e-042
8.0212e-042
9.26957e-042
1.07111e-041
1.23756e-041
1.42971e-041
1.65154e-041
1.90758e-041
2.20309e-041
2.54411e-041
2.93761e-041
3.39163e-041
3.9154e-041
4.51959e-041
5.21648e-041
6.02019e-041
6.947e-041
8.01567e-041
9.24777e-041
1.06681e-040
1.23054e-040
1.41924e-040
1.63672e-040
1.88732e-040
2.17606e-040
2.50872e-040
2.89192e-040
3.33332e-040
3.84169e-040
4.42713e-040
5.10126e-040
5.87742e-040
6.77097e-040
7.79956e-040
8.98347e-040
1.0346e-039
1.1914e-039
1.37181e-039
1.57939e-039
1.81818e-039
2.09285e-039
2.40878e-039
2.7721e-039
3.18989e-039
3.67027e-039
4.22255e-039
4.85743e-039
5.58719e-039
6.42591e-039
7.38976e-039
8.49731e-039
9.76983e-039
1.12318e-038
1.29111e-038
1.484e-038
1.70552e-038
1.95992e-038
2.25202e-038
2.58739e-038
2.97239e-038
3.41432e-038
3.92155e-038
4.50367e-038
5.17166e-038
5.93811e-038
6.81743e-038
7.82616e-038
8.9832e-038
1.03102e-037
1.18321e-037
1.35771e-037
1.55779e-037
1.78717e-037
2.05011e-037
2.35149e-037
2.6969e-037
3.09272e-037
3.54626e-037
4.06589e-037
4.66118e-037
5.34307e-037
6.12408e-037
7.01852e-037
8.04276e-037
9.21551e-037
1.05582e-036
1.20952e-036
1.38545e-036
1.58681e-036
1.81724e-036
2.08092e-036
2.38261e-036
2.72776e-036
3.12258e-036
3.57417e-036
4.09065e-036
4.68128e-036
5.35662e-036
6.12876e-036
7.01147e-036
8.02047e-036
9.17373e-036
1.04917e-035
1.19978e-035
1.37187e-035
1.56847e-035
1.79307e-035
2.04961e-035
2.34262e-035
2.67723e-035
3.05932e-035
3.49558e-035
3.99363e-035
4.56217e-035
5.2111e-035
5.95172e-035
6.79689e-035
7.76128e-035
8.86157e-035
1.01168e-034
1.15486e-034
1.31817e-034
1.50442e-034
1.7168e-034
1.95897e-034
2.23506e-034
2.54979e-034
2.90854e-034
3.31742e-034
3.78339e-034
4.31436e-034
4.91933e-034
5.60856e-034
6.39368e-034
7.28795e-034
8.30643e-034
9.46626e-034
1.07869e-033
1.22905e-033
1.40023e-033
1.59508e-033
1.81686e-033
2.06925e-033
2.35647e-033
2.68327e-033
3.05507e-033
3.47803e-033
3.95913e-033
4.50631e-033
5.12859e-033
5.83619e-033
6.64072e-033
7.55538e-033
8.59512e-033
9.77693e-033
1.11201e-032
1.26464e-032
1.43808e-032
1.63513e-032
1.85899e-032
2.11328e-032
2.4021e-032
2.73011e-032
3.10258e-032
3.52551e-032
4.00567e-032
4.55075e-032
5.16947e-032
5.8717e-032
6.66863e-032
7.57293e-032
8.59897e-032
9.763e-032
1.10835e-031
1.25812e-031
1.42798e-031
1.62061e-031
1.83904e-031
2.08668e-031
2.36743e-031
2.68567e-031
3.04637e-031
3.45515e-031
3.91839e-031
4.44326e-031
5.03792e-031
5.71157e-031
6.47463e-031
7.33886e-031
8.31759e-031
9.42585e-031
1.06807e-030
1.21013e-030
1.37094e-030
1.55297e-030
1.75898e-030
1.99211e-030
2.2559e-030
2.55436e-030
2.892e-030
3.27393e-030
3.70592e-030
4.19447e-030
4.74693e-030
5.3716e-030
6.07784e-030
6.87622e-030
7.77866e-030
8.79862e-030
9.95129e-030
1.12538e-029
1.27255e-029
1.43881e-029
1.62662e-029
1.83876e-029
2.07835e-029
2.34892e-029
2.65443e-029
2.99936e-029
3.38876e-029
3.82833e-029
4.32445e-029
4.88437e-029
5.51621e-029
6.22913e-029
7.03346e-029
7.94082e-029
8.96431e-029
1.01187e-028
1.14205e-028
1.28884e-028
1.45435e-028
1.64095e-028
1.85129e-028
2.08838e-028
2.35559e-028
2.65671e-028
2.99601e-028
3.37829e-028
3.80896e-028
4.29408e-028
4.84048e-028
5.45584e-028
6.14879e-028
6.92903e-028
7.80747e-028
8.79636e-028
9.90947e-028
1.11623e-027
1.25721e-027
1.41586e-027
1.59436e-027
1.79518e-027
2.02109e-027
2.27518e-027
2.56095e-027
2.88232e-027
3.24368e-027
3.64996e-027
4.1067e-027
4.62011e-027
5.19717e-027
5.8457e-027
6.57447e-027
7.39333e-027
8.3133e-027
9.34678e-027
1.05077e-026
1.18115e-026
1.32757e-026
1.49199e-026
1.67659e-026
1.88384e-026
2.11649e-026
2.37763e-026
2.6707e-026
2.99959e-026
3.36864e-026
3.78269e-026
4.24719e-026
4.76823e-026
5.35264e-026
6.00805e-026
6.74301e-026
7.56709e-026
8.49099e-026
9.52672e-026
1.06877e-025
1.19888e-025
1.3447e-025
1.5081e-025
1.69118e-025
1.89628e-025
2.12604e-025
2.38338e-025
2.6716e-025
2.99436e-025
3.35577e-025
3.7604e-025
4.21339e-025
4.72045e-025
5.28798e-025
5.92314e-025
6.63389e-025
7.42915e-025
8.31889e-025
9.31421e-025
1.04275e-024
1.16727e-024
1.30652e-024
1.46224e-024
1.63633e-024
1.83097e-024
2.04855e-024
2.29174e-024
2.56353e-024
2.86727e-024
3.20665e-024
3.58583e-024
4.00944e-024
4.48261e-024
5.01111e-024
5.60134e-024
6.26043e-024
6.99635e-024
7.81796e-024
8.73515e-024
9.75893e-024
1.09016e-023
1.21767e-023
1.35996e-023
1.51872e-023
1.69583e-023
1.8934e-023
2.11377e-023
2.35955e-023
2.63362e-023
2.93923e-023
3.27995e-023
3.6598e-023
4.0832e-023
4.55512e-023
5.08105e-023
5.66712e-023
6.32013e-023
7.04764e-023
7.85809e-023
8.76082e-023
9.76623e-023
1.08859e-022
1.21327e-022
1.35208e-022
1.50663e-022
1.67866e-022
1.87014e-022
2.08324e-022
2.32039e-022
2.58426e-022
2.87784e-022
3.20444e-022
3.56774e-022
3.9718e-022
4.42117e-022
4.92087e-022
5.47648e-022
6.09419e-022
6.78086e-022
7.54412e-022
8.39242e-022
9.33514e-022
1.03827e-021
1.15465e-021
1.28396e-021
1.42759e-021
1.58712e-021
1.7643e-021
1.96105e-021
2.17952e-021
2.42208e-021
2.69135e-021
2.99024e-021
3.32198e-021
3.69014e-021
4.09868e-021
4.55197e-021
5.05486e-021
5.61274e-021
6.23153e-021
6.91782e-021
7.6789e-021
8.52282e-021
9.4585e-021
1.04958e-020
1.16457e-020
1.29202e-020
1.43327e-020
1.58979e-020
1.76323e-020
1.95538e-020
2.16825e-020
2.40404e-020
2.66519e-020
2.95441e-020
3.27467e-020
3.62926e-020
4.02184e-020
4.45642e-020
4.93744e-020
5.46982e-020
6.05897e-020
6.71088e-020
7.43215e-020
8.23009e-020
9.11275e-020
1.0089e-019
1.11687e-019
1.23627e-019
1.36829e-019
1.51424e-019
1.6756e-019
1.85395e-019
2.05107e-019
2.26892e-019
2.50964e-019
2.77562e-019
3.06946e-019
3.39406e-019
3.75259e-019
4.14857e-019
4.58585e-019
5.0687e-019
5.60181e-019
6.19034e-019
6.83999e-019
7.55703e-019
8.34837e-019
9.22161e-019
1.01851e-018
1.12482e-018
1.24209e-018
1.37144e-018
1.5141e-018
1.67144e-018
1.84493e-018
2.03621e-018
2.24709e-018
2.47956e-018
2.73579e-018
3.01818e-018
3.32938e-018
3.67228e-018
4.05008e-018
4.46628e-018
4.92474e-018
5.42969e-018
5.98579e-018
6.59816e-018
7.27242e-018
8.01475e-018
8.83194e-018
9.73143e-018
1.07214e-017
1.18109e-017
1.30097e-017
1.43287e-017
1.57798e-017
1.73761e-017
1.91318e-017
2.10627e-017
2.31862e-017
2.5521e-017
2.8088e-017
3.091e-017
3.4012e-017
3.74214e-017
4.11683e-017
4.52856e-017
4.98096e-017
5.47797e-017
6.02396e-017
6.62367e-017
7.28233e-017
8.00565e-017
8.7999e-017
9.67194e-017
1.06293e-016
1.16802e-016
1.28337e-016
1.40996e-016
1.54887e-016
1.7013e-016
1.86853e-016
2.05199e-016
2.25322e-016
2.47393e-016
2.71598e-016
2.9814e-016
3.27241e-016
3.59146e-016
3.94121e-016
4.32457e-016
4.74471e-016
5.20514e-016
5.70965e-016
6.26241e-016
6.86797e-016
7.53131e-016
8.25785e-016
9.05353e-016
9.92485e-016
1.08789e-015
1.19234e-015
1.30669e-015
1.43185e-015
1.56883e-015
1.71874e-015
1.88279e-015
2.06227e-015
2.25863e-015
2.47343e-015
2.70837e-015
2.96532e-015
3.24631e-015
3.55356e-015
3.88948e-015
4.25672e-015
4.65814e-015
5.09689e-015
5.57638e-015
6.10035e-015
6.67285e-015
7.29833e-015
7.9816e-015
8.72793e-015
9.54305e-015
1.04332e-014
1.14052e-014
1.24665e-014
1.36251e-014
1.48898e-014
1.62703e-014
1.77769e-014
1.94209e-014
2.12148e-014
2.3172e-014
2.53071e-014
2.76361e-014
3.01762e-014
3.29464e-014
3.59672e-014
3.92608e-014
4.28516e-014
4.6766e-014
5.10326e-014
5.56826e-014
6.07501e-014
6.62718e-014
7.22879e-014
7.88419e-014
8.59812e-014
9.37571e-014
1.02226e-013
1.11448e-013
1.21489e-013
1.32421e-013
1.44322e-013
1.57276e-013
1.71375e-013
1.86718e-013
2.03414e-013
2.21579e-013
2.41342e-013
2.6284e-013
2.86224e-013
3.11655e-013
3.39311e-013
3.69382e-013
4.02076e-013
4.37618e-013
4.76253e-013
5.18245e-013
5.63881e-013
6.13471e-013
6.67353e-013
7.25892e-013
7.89484e-013
8.58557e-013
9.33577e-013
1.01505e-012
1.10351e-012
1.19956e-012
1.30383e-012
1.41702e-012
1.53988e-012
1.67321e-012
1.8179e-012
1.97489e-012
2.14522e-012
2.33e-012
2.53043e-012
2.74782e-012
2.98357e-012
3.23921e-012
3.51639e-012
3.81688e-012
4.14263e-012
4.49571e-012
4.87838e-012
5.29306e-012
5.7424e-012
6.22924e-012
6.75664e-012
7.32794e-012
7.94671e-012
8.61684e-012
9.34251e-012
1.01282e-011
1.09789e-011
1.18998e-011
1.28965e-011
1.39753e-011
1.51428e-011
1.64061e-011
1.77729e-011
1.92516e-011
2.08512e-011
2.25813e-011
2.44524e-011
2.64759e-011
2.86637e-011
3.10292e-011
3.35863e-011
3.63504e-011
3.93379e-011
4.25665e-011
4.60552e-011
4.98248e-011
5.38972e-011
5.82965e-011
6.30482e-011
6.81802e-011
7.37222e-011
7.97065e-011
8.61675e-011
9.31425e-011
1.00672e-010
1.08798e-010
1.17568e-010
1.27032e-010
1.37244e-010
1.48261e-010
1.60146e-010
1.72965e-010
1.86791e-010
2.01701e-010
2.17779e-010
2.35114e-010
2.53802e-010
2.73948e-010
2.95661e-010
3.19063e-010
3.4428e-010
3.71453e-010
4.00728e-010
4.32265e-010
4.66236e-010
5.02824e-010
5.42227e-010
5.84657e-010
6.30342e-010
6.79525e-010
7.3247e-010
7.89458e-010
8.50792e-010
9.16794e-010
9.87815e-010
1.06423e-009
1.14643e-009
1.23485e-009
1.32996e-009
1.43224e-009
1.54223e-009
1.66049e-009
1.78763e-009
1.92431e-009
2.07122e-009
2.22911e-009
2.3988e-009
2.58113e-009
2.77703e-009
2.98749e-009
3.21356e-009
3.45638e-009
3.71717e-009
3.99721e-009
4.2979e-009
4.62073e-009
4.9673e-009
5.3393e-009
5.73856e-009
6.16704e-009
6.62683e-009
7.12015e-009
7.64939e-009
8.21712e-009
8.82608e-009
9.47917e-009
1.01795e-008
1.09305e-008
1.17356e-008
1.25988e-008
1.3524e-008
1.45156e-008
1.55784e-008
1.67172e-008
1.79374e-008
1.92446e-008
2.0645e-008
2.2145e-008
2.37515e-008
2.54718e-008
2.7314e-008
2.92863e-008
3.13977e-008
3.36579e-008
3.60771e-008
3.8666e-008
4.14365e-008
4.44009e-008
4.75723e-008
5.0965e-008
5.4594e-008
5.84753e-008
6.2626e-008
6.70644e-008
7.18098e-008
7.6883e-008
8.2306e-008
8.81025e-008
9.42973e-008
1.00917e-007
1.07991e-007
1.15548e-007
1.23621e-007
1.32244e-007
1.41454e-007
1.5129e-007
1.61793e-007
1.73008e-007
1.8498e-007
1.9776e-007
2.11401e-007
2.25959e-007
2.41495e-007
2.58073e-007
2.75759e-007
2.94627e-007
3.14753e-007
3.36219e-007
3.59112e-007
3.83523e-007
4.09551e-007
4.373e-007
4.66881e-007
4.98411e-007
5.32015e-007
5.67825e-007
6.05982e-007
6.46637e-007
6.89947e-007
7.36081e-007
7.85218e-007
8.37549e-007
8.93274e-007
9.52607e-007
1.01578e-006
1.08302e-006
1.1546e-006
1.23078e-006
1.31184e-006
1.39811e-006
1.48989e-006
1.58752e-006
1.69139e-006
1.80186e-006
1.91934e-006
2.04427e-006
2.17711e-006
2.31834e-006
2.46847e-006
2.62806e-006
2.79767e-006
2.97791e-006
3.16944e-006
3.37293e-006
3.58912e-006
3.81876e-006
4.06268e-006
4.32172e-006
4.5968e-006
4.88889e-006
5.19899e-006
5.52819e-006
5.87762e-006
6.24849e-006
6.64206e-006
7.05969e-006
7.50281e-006
7.9729e-006
8.47157e-006
9.00048e-006
9.56143e-006
1.01563e-005
1.0787e-005
1.14557e-005
1.21646e-005
1.29161e-005
1.37125e-005
1.45565e-005
1.54508e-005
1.63984e-005
1.74023e-005
1.84657e-005
1.95921e-005
2.0785e-005
2.20483e-005
2.33859e-005
2.48021e-005
2.63013e-005
2.78882e-005
2.95678e-005
3.13452e-005
3.32261e-005
3.52162e-005
3.73216e-005
3.95487e-005
4.19044e-005
4.43957e-005
4.70303e-005
4.98161e-005
5.27613e-005
5.58749e-005
5.91661e-005
6.26446e-005
6.63207e-005
7.02052e-005
7.43095e-005
7.86456e-005
8.3226e-005
8.80641e-005
9.31737e-005
9.85694e-005
0.000104267
0.000110282
0.000116632
0.000123335
0.00013041
0.000137876
0.000145754
0.000154067
0.000162836
0.000172087
0.000181845
0.000192135
0.000202987
0.00021443
0.000226494
0.000239212
0.000252617
0.000266747
0.000281637
0.000297327
0.000313859
0.000331276
0.000349622
0.000368947
0.000389299
0.000410731
0.000433297
0.000457056
0.000482068
0.000508395
0.000536105
0.000565266
0.000595951
0.000628236
0.000662201
0.000697931
0.000735511
0.000775034
0.000816596
0.000860298
0.000906244
0.000954544
0.00100531
0.00105867
0.00111475
0.00117367
0.00123559
0.00130063
0.00136895
0.00144071
0.00151608
0.00159522
0.00167832
0.00176556
0.00185714
0.00195328
0.00205417
0.00216005
0.00227116
0.00238773
0.00251002
0.0026383
0.00277285
0.00291395
0.00306192
0.00321707
0.00337972
0.00355023
0.00372896
0.00391628
0.00411257
0.00431826
0.00453376
0.00475952
0.004996
0.00524369
0.00550308
0.00577471
0.00605911
0.00635685
0.00666854
0.00699477
0.00733621
0.00769351
0.00806737
0.00845852
0.00886771
0.00929573
0.00974339
0.0102116
0.0107011
0.0112129
0.011748
0.0123074
0.012892
0.0135031
0.0141416
0.0148087
0.0155057
0.0162339
0.0169944
0.0177887
0.0186183
0.0194845
0.0203888
0.0213329
0.0223184
0.023347
0.0244205
0.0255407
0.0267094
0.0279288
0.0292007
0.0305275
0.0319111
0.0333541
0.0348586
0.0364272
0.0380625
0.039767
0.0415435
0.0433949
0.0453241
0.047334
0.049428
0.0516093
0.0538812
0.0562473
0.0587111
0.0612765
0.0639474
0.0667277
0.0696216
0.0726335
0.0757678
0.0790292
0.0824223
0.0859522
0.0896239
0.0934428
0.0974142
0.101544
0.105838
0.110301
0.114941
0.119764
0.124776
0.129985
0.135397
0.141019
0.14686
0.152926
0.159227
0.16577
0.172564
0.179617
0.18694
0.19454
0.202429
0.210616
0.21911
0.227924
0.237068
0.246553
0.25639
0.266593
0.277172
0.288142
0.299514
0.311303
0.323522
0.336186
0.349309
0.362907
0.376994
0.391588
0.406705
0.422361
0.438574
0.455362
0.472743
0.490737
0.509363
0.528641
0.548591
0.569235
0.590594
0.612691
0.635548
0.65919
0.68364
0.708923
0.735065
0.762091
0.790028
0.818905
0.848749
0.879589
0.911454
0.944376
0.978385
1.01351
1.04979
1.08726
1.12595
1.16589
1.20712
1.24968
1.2936
1.33894
1.38571
1.43397
1.48376
1.53511
1.58808
1.6427
1.69903
1.7571
1.81697
1.87869
1.9423
2.00785
2.0754
2.145
2.2167
2.29056
2.36664
2.44499
2.52567
2.60874
2.69426
2.7823
2.87291
2.96616
3.06213
3.16087
3.26245
3.36695
3.47444
3.58498
3.69865
3.81553
3.9357
4.05923
4.1862
4.31669
4.45079
4.58857
4.73013
4.87554
5.02491
5.17831
5.33584
5.49759
5.66365
5.83412
6.0091
6.18868
6.37297
6.56206
6.75605
6.95506
7.15919
7.36854
7.58322
7.80334
8.02902
8.26037
8.4975
8.74052
8.98956
9.24473
9.50616
9.77397
10.0483
10.3292
10.6169
10.9114
11.213
11.5217
11.8376
12.161
12.4919
12.8304
13.1768
13.5311
13.8935
14.2641
14.643
15.0305
15.4266
15.8315
16.2454
16.6683
17.1005
17.542
17.9931
18.4538
18.9244
19.4049
19.8956
20.3966
20.908
21.43
21.9627
22.5064
23.0611
23.627
24.2043
24.7931
25.3936
26.0059
26.6303
27.2667
27.9155
28.5768
29.2506
29.9373
30.6369
31.3495
32.0754
32.8147
33.5675
34.3341
35.1144
35.9088
36.7173
37.5402
38.3775
39.2293
40.0959
40.9774
41.8739
42.7856
43.7125
44.6549
45.6129
46.5866
47.5761
48.5815
49.6031
50.6408
51.6949
52.7655
53.8526
54.9564
56.0769
57.2144
58.3689
59.5404
60.7292
61.9353
63.1587
64.3996
65.658
66.9341
68.2278
69.5394
70.8687
72.216
73.5812
74.9644
76.3657
77.7851
79.2226
80.6783
82.1522
83.6443
85.1547
86.6832
88.2301
89.7952
91.3786
92.9802
94.6
96.2381
97.8943
99.5686
101.261
102.972
104.7
106.447
108.211
109.993
111.793
113.61
115.445
117.298
119.167
121.054
122.958
124.879
126.817
128.771
130.742
132.73
134.733
136.753
138.788
140.839
142.905
144.987
147.084
149.195
151.321
153.462
155.616
157.784
159.966
162.161
164.369
166.59
168.823
171.069
173.326
175.595
177.875
180.165
182.467
184.778
187.099
189.43
191.77
194.118
196.475
198.84
201.212
203.591
205.978
208.37
210.768
213.172
215.58
217.993
220.411
222.831
225.255
227.682
230.111
232.541
234.973
237.405
239.838
242.27
244.702
247.132
249.561
251.987
254.41
256.83
259.245
261.657
264.063
266.463
268.858
271.246
273.626
275.999
278.363
280.718
283.064
285.4
287.725
290.038
292.34
294.63
296.906
299.169
301.418
303.653
305.871
308.075
310.261
312.431
314.583
316.717
318.832
320.928
323.004
325.06
327.095
329.108
331.099
333.068
335.013
336.935
338.832
340.705
342.553
344.374
346.169
347.938
349.679
351.392
353.077
354.733
356.359
357.956
359.523
361.059
362.564
364.037
365.478
366.886
368.262
369.604
370.913
372.188
373.428
374.633
375.803
376.937
378.036
379.098
380.124
381.113
382.064
382.978
383.855
384.693
385.493
386.255
386.977
387.661
388.306
388.911
389.476
390.002
390.488
390.934
391.339
391.704
392.029
392.313
392.557
392.76
392.922
393.043
393.123
393.163
393.161
393.119
393.035
392.911
392.746
392.54
392.294
392.007
391.679
391.311
390.902
390.454
389.965
389.436
388.868
388.26
387.612
386.926
386.2
385.436
384.633
383.792
382.913
381.996
381.041
380.05
379.022
377.957
376.855
375.718
374.546
373.338
372.095
370.818
369.507
368.162
366.784
365.373
363.93
362.455
360.947
359.409
357.84
356.241
354.613
352.954
351.268
349.552
347.809
346.039
344.242
342.418
340.569
338.694
336.795
334.872
332.925
330.954
328.961
326.947
324.91
322.853
320.775
318.678
316.561
314.426
312.273
310.102
307.914
305.71
303.49
301.254
299.004
296.74
294.463
292.172
289.87
287.555
285.229
282.893
280.546
278.19
275.825
273.452
271.071
268.683
266.288
263.887
261.48
259.069
256.653
254.233
251.809
249.383
246.954
244.524
242.092
239.66
237.227
234.795
232.363
229.933
227.504
225.078
222.654
220.233
217.817
215.404
212.996
210.592
208.195
205.803
203.417
201.038
198.667
196.302
193.946
191.598
189.259
186.929
184.609
182.298
179.997
177.707
175.428
173.16
170.904
168.659
166.427
164.207
162
159.806
157.625
155.458
153.304
151.165
149.04
146.93
144.834
142.754
140.688
138.639
136.604
134.586
132.584
130.598
128.628
126.675
124.738
122.818
120.916
119.03
117.161
115.31
113.477
111.66
109.862
108.081
106.318
104.573
102.846
101.137
99.4455
97.7724
96.1176
94.4809
92.8623
91.2621
89.68
88.1163
86.5708
85.0435
83.5345
82.0437
80.5712
79.1168
77.6806
76.2626
74.8626
73.4807
72.1168
70.7708
69.4428
68.1325
66.8401
65.5653
64.3082
63.0686
61.8464
60.6416
59.4541
58.2838
57.1306
55.9944
54.875
53.7725
52.6866
51.6172
50.5643
49.5278
48.5074
47.5031
46.5148
45.5423
44.5854
43.6442
42.7183
41.8078
40.9124
40.032
39.1665
38.3157
37.4795
36.6577
35.8502
35.0569
34.2775
33.512
32.7601
32.0218
31.2969
30.5852
29.8866
29.2009
28.528
27.8676
27.2198
26.5842
25.9607
25.3493
24.7496
24.1617
23.5852
23.0201
22.4662
21.9234
21.3914
20.8702
20.3596
19.8594
19.3694
18.8896
18.4198
17.9597
17.5094
17.0685
16.637
16.2148
15.8016
15.3973
15.0018
14.615
14.2367
13.8667
13.5049
13.1512
12.8054
12.4674
12.1371
11.8142
11.4988
11.1907
10.8896
10.5956
10.3084
10.028
9.75415
9.48681
9.22585
8.97113
8.72253
8.47994
8.24324
8.01231
7.78705
7.56732
7.35304
7.14407
6.94032
6.74169
6.54805
6.35932
6.17538
5.99614
5.82149
5.65135
5.4856
5.32417
5.16694
5.01384
4.86477
4.71964
4.57836
4.44085
4.30702
4.17679
4.05007
3.92679
3.80687
3.69023
3.57678
3.46647
3.3592
3.25492
3.15355
3.05501
2.95925
2.86619
2.77577
2.68792
2.60258
2.51968
2.43918
2.361
2.28508
2.21138
2.13984
2.07039
2.00299
1.93758
1.87411
1.81253
1.75279
1.69485
1.63865
1.58415
1.5313
1.48006
1.43039
1.38224
1.33557
1.29034
1.24652
1.20406
1.16292
1.12307
1.08448
1.0471
1.0109
0.975858
0.94193
0.909087
0.877297
0.846531
0.816759
0.787952
0.760082
0.733122
0.707044
0.681823
0.657433
0.633849
0.611048
0.589006
0.5677
0.547108
0.527207
0.507978
0.489399
0.471451
0.454113
0.437368
0.421196
0.40558
0.390503
0.375946
0.361895
0.348333
0.335244
0.322613
0.310426
0.298668
0.287326
0.276385
0.265834
0.255658
0.245847
0.236387
0.227268
0.218478
0.210006
0.201842
0.193974
0.186394
0.179092
0.172058
0.165282
0.158758
0.152474
0.146425
0.1406
0.134994
0.129597
0.124403
0.119405
0.114596
0.109969
0.105518
0.101236
0.0971183
0.0931582
0.0893503
0.0856891
0.0821694
0.0787861
0.0755342
0.072409
0.0694059
0.0665204
0.0637482
0.0610852
0.0585274
0.0560708
0.0537118
0.0514466
0.0492719
0.0471841
0.0451802
0.0432568
0.041411
0.0396398
0.0379405
0.0363102
0.0347464
0.0332464
0.0318079
0.0304285
0.0291058
0.0278378
0.0266222
0.025457
0.0243404
0.0232702
0.0222449
0.0212624
0.0203213
0.0194198
0.0185563
0.0177294
0.0169376
0.0161795
0.0154537
0.0147589
0.0140939
0.0134574
0.0128484
0.0122656
0.0117081
0.0111747
0.0106645
0.0101766
0.00970995
0.00926375
0.00883713
0.00842929
0.00803943
0.00766681
0.00731069
0.00697039
0.00664524
0.0063346
0.00603785
0.0057544
0.00548369
0.00522517
0.00497832
0.00474264
0.00451765
0.00430288
0.00409789
0.00390227
0.00371559
0.00353748
0.00336756
0.00320546
0.00305085
0.0029034
0.00276278
0.0026287
0.00250087
0.002379
0.00226284
0.00215213
0.00204662
0.00194608
0.00185029
0.00175903
0.0016721
0.00158929
0.00151043
0.00143534
0.00136383
0.00129576
0.00123095
0.00116926
0.00111055
0.00105468
0.00100151
0.000950927
0.000902802
0.000857025
0.000813483
0.000772074
0.000732696
0.000695254
0.000659657
0.000625817
0.000593652
0.000563081
0.000534028
0.000506422
0.000480194
0.000455276
0.000431606
0.000409124
0.000387773
0.000367498
0.000348247
0.00032997
0.00031262
0.000296151
0.00028052
0.000265687
0.000251612
0.000238258
0.000225589
0.000213572
0.000202173
0.000191363
0.000181113
0.000171393
0.000162178
0.000153443
0.000145163
0.000137316
0.000129879
0.000122832
0.000116156
0.000109831
0.000103839
9.81645e-005
9.27902e-005
8.7701e-005
8.28822e-005
7.83201e-005
7.40014e-005
6.99136e-005
6.60447e-005
6.23834e-005
5.8919e-005
5.56411e-005
5.25402e-005
4.96069e-005
4.68325e-005
4.42086e-005
4.17274e-005
3.93814e-005
3.71634e-005
3.50667e-005
3.30848e-005
3.12117e-005
2.94416e-005
2.7769e-005
2.61886e-005
2.46957e-005
2.32854e-005
2.19534e-005
2.06954e-005
1.95075e-005
1.83858e-005
1.73269e-005
1.63272e-005
1.53836e-005
1.4493e-005
1.36526e-005
1.28596e-005
1.21113e-005
1.14055e-005
1.07396e-005
1.01116e-005
9.51925e-006
8.96071e-006
8.43406e-006
7.93755e-006
7.46948e-006
7.02828e-006
6.61246e-006
6.22059e-006
5.85133e-006
5.50342e-006
5.17566e-006
4.86691e-006
4.57611e-006
4.30223e-006
4.04432e-006
3.80148e-006
3.57285e-006
3.35762e-006
3.15502e-006
2.96434e-006
2.7849e-006
2.61605e-006
2.45717e-006
2.30771e-006
2.16711e-006
2.03487e-006
1.9105e-006
1.79354e-006
1.68357e-006
1.58017e-006
1.48297e-006
1.39161e-006
1.30574e-006
1.22504e-006
1.14921e-006
1.07796e-006
1.01102e-006
9.48137e-007
8.89076e-007
8.33606e-007
7.81516e-007
7.32605e-007
6.86683e-007
6.43573e-007
6.03107e-007
5.65126e-007
5.29482e-007
4.96035e-007
4.64652e-007
4.35209e-007
4.07589e-007
3.81683e-007
3.57386e-007
3.34601e-007
3.13236e-007
2.93204e-007
2.74425e-007
2.56823e-007
2.40324e-007
2.24861e-007
2.10372e-007
1.96796e-007
1.84077e-007
1.72162e-007
1.61001e-007
1.50548e-007
1.4076e-007
1.31594e-007
1.23012e-007
1.14977e-007
1.07457e-007
1.00418e-007
9.38298e-008
8.7665e-008
8.18968e-008
7.65001e-008
7.14516e-008
6.67294e-008
6.23127e-008
5.81823e-008
5.43201e-008
5.07089e-008
4.73329e-008
4.41771e-008
4.12273e-008
3.84706e-008
3.58944e-008
3.34872e-008
3.12383e-008
2.91373e-008
2.71748e-008
2.53419e-008
2.36301e-008
2.20317e-008
2.05392e-008
1.91459e-008
1.78452e-008
1.66312e-008
1.54981e-008
1.44407e-008
1.34541e-008
1.25336e-008
1.16748e-008
1.08737e-008
1.01266e-008
9.42981e-009
8.78005e-009
8.17421e-009
7.60939e-009
7.08285e-009
6.59207e-009
6.13465e-009
5.70838e-009
5.31117e-009
4.94109e-009
4.59632e-009
4.27516e-009
3.97603e-009
3.69744e-009
3.43802e-009
3.19646e-009
2.97157e-009
2.76221e-009
2.56734e-009
2.38596e-009
2.21717e-009
2.0601e-009
1.91397e-009
1.77801e-009
1.65154e-009
1.5339e-009
1.4245e-009
1.32276e-009
1.22816e-009
1.14021e-009
1.05844e-009
9.82439e-010
9.11798e-010
8.46149e-010
7.85144e-010
7.28462e-010
6.75801e-010
6.26883e-010
5.81444e-010
5.39243e-010
5.00053e-010
4.63663e-010
4.29877e-010
3.98511e-010
3.69395e-010
3.4237e-010
3.1729e-010
2.94016e-010
2.72422e-010
2.52387e-010
2.33801e-010
2.16561e-010
2.00572e-010
1.85743e-010
1.71994e-010
1.59245e-010
1.47426e-010
1.3647e-010
1.26315e-010
1.16904e-010
1.08182e-010
1.00101e-010
9.26138e-011
8.56777e-011
7.92528e-011
7.3302e-011
6.77911e-011
6.26879e-011
5.79629e-011
5.35884e-011
4.95389e-011
4.57906e-011
4.23216e-011
3.91113e-011
3.61407e-011
3.33923e-011
3.08497e-011
2.84977e-011
2.63223e-011
2.43105e-011
2.245e-011
2.07298e-011
1.91394e-011
1.76692e-011
1.63102e-011
1.50542e-011
1.38935e-011
1.28209e-011
1.18299e-011
1.09143e-011
1.00686e-011
9.28742e-012
8.56597e-012
7.89973e-012
7.28456e-012
6.7166e-012
6.19227e-012
5.70828e-012
5.26157e-012
4.84931e-012
4.46889e-012
4.11789e-012
3.79406e-012
3.49533e-012
3.21979e-012
2.96566e-012
2.7313e-012
2.5152e-012
2.31596e-012
2.13228e-012
1.96296e-012
1.8069e-012
1.66308e-012
1.53054e-012
1.40842e-012
1.29591e-012
1.19226e-012
1.09679e-012
1.00885e-012
9.27874e-013
8.53306e-013
7.84649e-013
7.21441e-013
6.63256e-013
6.097e-013
5.60411e-013
5.15052e-013
4.73315e-013
4.34915e-013
3.99589e-013
3.67095e-013
3.37207e-013
3.09721e-013
2.84445e-013
2.61205e-013
2.39839e-013
2.20197e-013
2.02144e-013
1.85551e-013
1.70302e-013
1.5629e-013
1.43416e-013
1.31589e-013
1.20725e-013
1.10746e-013
1.01581e-013
9.31653e-014
8.54377e-014
7.8343e-014
7.18299e-014
6.58514e-014
6.03643e-014
5.53286e-014
5.07077e-014
4.64679e-014
4.25782e-014
3.901e-014
3.57371e-014
3.27354e-014
2.99828e-014
2.74587e-014
2.51445e-014
2.30229e-014
2.10782e-014
1.92957e-014
1.76621e-014
1.61651e-014
1.47935e-014
1.35368e-014
1.23856e-014
1.13312e-014
1.03654e-014
9.48093e-015
8.67105e-015
7.92952e-015
7.25065e-015
6.62921e-015
6.0604e-015
5.53983e-015
5.06344e-015
4.62753e-015
4.22872e-015
3.86387e-015
3.53013e-015
3.22488e-015
2.94573e-015
2.69045e-015
2.45705e-015
2.24365e-015
2.04858e-015
1.87027e-015
1.70731e-015
1.55838e-015
1.4223e-015
1.29796e-015
1.18437e-015
1.08061e-015
9.85837e-016
8.99282e-016
8.2024e-016
7.48069e-016
6.82176e-016
6.22023e-016
5.67115e-016
5.17e-016
4.71264e-016
4.2953e-016
3.91451e-016
3.56711e-016
3.2502e-016
2.96113e-016
2.6975e-016
2.45708e-016
2.23785e-016
2.03798e-016
1.85576e-016
1.68966e-016
1.53826e-016
1.40029e-016
1.27455e-016
1.15999e-016
1.05562e-016
9.60532e-017
8.73922e-017
7.95039e-017
7.232e-017
6.57785e-017
5.98224e-017
5.43999e-017
4.94639e-017
4.4971e-017
4.08819e-017
3.71608e-017
3.37749e-017
3.06943e-017
2.78918e-017
2.53425e-017
2.30238e-017
2.09151e-017
1.89976e-017
1.7254e-017
1.56689e-017
1.42279e-017
1.2918e-017
1.17276e-017
1.06457e-017
9.66263e-018
8.76943e-018
7.95797e-018
7.22084e-018
6.55131e-018
5.94325e-018
5.39106e-018
4.88966e-018
4.43444e-018
4.02117e-018
3.64605e-018
3.30557e-018
2.99657e-018
2.71618e-018
2.46177e-018
2.23095e-018
2.02157e-018
1.83165e-018
1.65939e-018
1.50318e-018
1.36154e-018
1.23311e-018
1.11668e-018
1.01114e-018
9.15475e-019
8.28777e-019
7.50212e-019
6.79023e-019
6.14526e-019
5.56098e-019
5.03172e-019
4.55236e-019
4.11824e-019
3.72513e-019
3.36919e-019
3.04695e-019
2.75524e-019
2.4912e-019
2.25223e-019
2.03597e-019
1.84028e-019
1.66323e-019
1.50306e-019
1.35817e-019
1.22712e-019
1.1086e-019
1.00142e-019
9.04509e-020
8.16892e-020
7.37685e-020
6.6609e-020
6.0138e-020
5.429e-020
4.90056e-020
4.4231e-020
3.99174e-020
3.60207e-020
3.2501e-020
2.93222e-020
2.64516e-020
2.38595e-020
2.15192e-020
1.94064e-020
1.74992e-020
1.57778e-020
1.42243e-020
1.28224e-020
1.15575e-020
1.04162e-020
9.3867e-021
8.45806e-021
7.62049e-021
6.86515e-021
6.18404e-021
5.56992e-021
5.01626e-021
4.51717e-021
4.06732e-021
3.66188e-021
3.29651e-021
2.96729e-021
2.67067e-021
2.40345e-021
2.16275e-021
1.94595e-021
1.75069e-021
1.57487e-021
1.41656e-021
1.27402e-021
1.14572e-021
1.03022e-021
9.26272e-022
8.32726e-022
7.48549e-022
6.72811e-022
6.04673e-022
5.43379e-022
4.88248e-022
4.38664e-022
3.94075e-022
3.53982e-022
3.17934e-022
2.85528e-022
2.56398e-022
2.30216e-022
2.06686e-022
1.85542e-022
1.66543e-022
1.49475e-022
1.34141e-022
1.20368e-022
1.07998e-022
9.68893e-023
8.6914e-023
7.79576e-023
6.99169e-023
6.2699e-023
5.62204e-023
5.0406e-023
4.51882e-023
4.05064e-023
3.63058e-023
3.25374e-023
2.91572e-023
2.61254e-023
2.34064e-023
2.09682e-023
1.8782e-023
1.6822e-023
1.5065e-023
1.34901e-023
1.20786e-023
1.08136e-023
9.68013e-024
8.66455e-024
7.75472e-024
6.9397e-024
6.20969e-024
5.5559e-024
4.97042e-024
4.44618e-024
3.97682e-024
3.55664e-024
3.18052e-024
2.84388e-024
2.5426e-024
2.27301e-024
2.03179e-024
1.81598e-024
1.62292e-024
1.45024e-024
1.2958e-024
1.15768e-024
1.03418e-024
9.23752e-025
8.25033e-025
7.36787e-025
6.57912e-025
5.87419e-025
5.24425e-025
4.68137e-025
4.17847e-025
3.72921e-025
3.32791e-025
2.96948e-025
2.64938e-025
2.36354e-025
2.10832e-025
1.88047e-025
1.67706e-025
1.4955e-025
1.33346e-025
1.18885e-025
1.05981e-025
9.44684e-026
8.41974e-026
7.50353e-026
6.68632e-026
5.95749e-026
5.30756e-026
4.72803e-026
4.21135e-026
3.75074e-026
3.34016e-026
2.97422e-026
2.64809e-026
2.35748e-026
2.09854e-026
1.86785e-026
1.66234e-026
1.4793e-026
1.31627e-026
1.17108e-026
1.0418e-026
9.26701e-027
8.24228e-027
7.33011e-027
6.51821e-027
5.79563e-027
5.15262e-027
4.58047e-027
4.07143e-027
3.61858e-027
3.21577e-027
2.8575e-027
2.53888e-027
2.25556e-027
2.00364e-027
1.77967e-027
1.58058e-027
1.40361e-027
1.24632e-027
1.10655e-027
9.82346e-028
8.71995e-028
7.73959e-028
6.86874e-028
6.09524e-028
5.40828e-028
4.79825e-028
4.25658e-028
3.77567e-028
3.34874e-028
2.96978e-028
2.63343e-028
2.33493e-028
2.07005e-028
1.83503e-028
1.62652e-028
1.44155e-028
1.27749e-028
1.13198e-028
1.00294e-028
8.88515e-029
7.87065e-029
6.97125e-029
6.17399e-029
5.46733e-029
4.84106e-029
4.28607e-029
3.79432e-029
3.35864e-029
2.97267e-029
2.63079e-029
2.32798e-029
2.05981e-029
1.82234e-029
1.61209e-029
1.42594e-029
1.26116e-029
1.1153e-029
9.86207e-030
8.71967e-030
7.7088e-030
6.81441e-030
6.02317e-030
5.32324e-030
4.70416e-030
4.15664e-030
3.67247e-030
3.24436e-030
2.86585e-030
2.53124e-030
2.23547e-030
1.97405e-030
1.74302e-030
1.53887e-030
1.35849e-030
1.19913e-030
1.05835e-030
9.33999e-031
8.24176e-031
7.2719e-031
6.4155e-031
5.65937e-031
4.99184e-031
4.40259e-031
3.88249e-031
3.42347e-031
3.01841e-031
2.661e-031
2.34567e-031
2.06748e-031
1.8221e-031
1.60568e-031
1.41481e-031
1.24651e-031
1.09811e-031
9.67274e-032
8.51941e-032
7.50281e-032
6.60683e-032
5.81724e-032
5.12149e-032
4.50848e-032
3.96843e-032
3.4927e-032
3.07369e-032
2.70466e-032
2.37969e-032
2.09355e-032
1.84162e-032
1.61984e-032
1.42462e-032
1.2528e-032
1.10158e-032
9.68522e-033
8.51443e-033
7.48439e-033
6.57828e-033
5.78126e-033
5.08029e-033
4.46384e-033
3.92178e-033
3.44519e-033
3.0262e-033
2.65789e-033
2.33416e-033
2.04965e-033
1.79963e-033
1.57995e-033
1.38694e-033
1.21738e-033
1.06843e-033
9.37617e-034
8.22732e-034
7.21848e-034
6.33269e-034
5.55501e-034
4.87233e-034
4.27311e-034
3.74718e-034
3.28565e-034
2.88066e-034
2.52533e-034
2.2136e-034
1.94015e-034
1.7003e-034
1.48994e-034
1.30548e-034
1.14373e-034
1.00192e-034
8.77604e-035
7.68631e-035
6.73119e-035
5.89414e-035
5.16064e-035
4.51796e-035
3.9549e-035
3.46165e-035
3.02961e-035
2.65121e-035
2.31983e-035
2.02966e-035
1.7756e-035
1.55318e-035
1.35848e-035
1.18806e-035
1.03892e-035
9.084e-036
7.94197e-036
6.94278e-036
6.06868e-036
5.30407e-036
4.63532e-036
4.05046e-036
3.53903e-036
3.09185e-036
2.70089e-036
2.35913e-036
2.06039e-036
1.7993e-036
1.57113e-036
1.37175e-036
1.19755e-036
1.04536e-036
9.12419e-037
7.963e-037
6.94887e-037
6.06326e-037
5.28997e-037
4.61482e-037
4.02542e-037
3.51093e-037
3.06188e-037
2.66999e-037
2.32801e-037
2.02963e-037
1.7693e-037
1.5422e-037
1.34411e-037
1.17135e-037
1.02068e-037
8.89304e-038
7.74755e-038
6.7489e-038
5.87837e-038
5.11959e-038
4.4583e-038
3.88201e-038
3.37987e-038
2.94237e-038
2.56124e-038
2.22925e-038
1.94008e-038
1.68825e-038
1.46896e-038
1.27801e-038
1.11178e-038
9.67059e-039
8.41093e-039
7.31459e-039
6.36049e-039
5.53027e-039
4.80791e-039
4.17947e-039
3.6328e-039
3.1573e-039
2.74376e-039
2.38413e-039
2.07142e-039
1.79954e-039
1.56319e-039
1.35773e-039
1.17916e-039
1.02397e-039
8.89107e-040
7.71928e-040
6.70123e-040
5.81683e-040
5.04863e-040
4.38143e-040
3.802e-040
3.29886e-040
2.862e-040
2.48274e-040
2.15351e-040
1.86775e-040
1.61973e-040
1.40451e-040
1.21775e-040
1.05572e-040
9.15153e-041
7.9322e-041
6.87461e-041
5.9574e-041
5.16204e-041
4.47239e-041
3.87448e-041
3.35615e-041
2.90687e-041
2.51746e-041
2.18e-041
1.88757e-041
1.6342e-041
1.4147e-041
1.22455e-041
1.05984e-041
9.17199e-042
7.9367e-042
6.86707e-042
5.94097e-042
5.13923e-042
4.44523e-042
3.84454e-042
3.32468e-042
2.87481e-042
2.48556e-042
2.14879e-042
1.85746e-042
1.60545e-042
1.3875e-042
1.19901e-042
1.03601e-042
8.95083e-043
7.73244e-043
6.6792e-043
5.76883e-043
4.98202e-043
4.30207e-043
3.71454e-043
3.20691e-043
2.76837e-043
2.38955e-043
2.06235e-043
1.77977e-043
1.53575e-043
1.32505e-043
1.14313e-043
9.86092e-044
8.50536e-044
7.33539e-044
6.32569e-044
5.45441e-044
4.70265e-044
4.05408e-044
3.49459e-044
3.012e-044
2.59579e-044
2.23685e-044
1.92735e-044
1.6605e-044
1.43045e-044
1.23214e-044
1.06121e-044
9.13903e-045
7.86959e-045
6.77578e-045
5.83339e-045
5.02155e-045
4.32225e-045
3.71994e-045
3.20123e-045
2.75456e-045
2.36997e-045
2.03887e-045
1.75384e-045
1.5085e-045
1.29734e-045
1.11563e-045
9.59264e-046
8.24732e-046
7.08993e-046
6.09433e-046
5.23799e-046
4.50151e-046
3.86818e-046
3.32361e-046
2.8554e-046
2.4529e-046
2.10692e-046
1.80955e-046
1.55399e-046
1.33438e-046
1.14569e-046
9.83575e-047
8.44314e-047
7.24695e-047
6.21958e-047
5.3373e-047
4.57971e-047
3.92923e-047
3.3708e-047
2.89143e-047
2.47998e-047
2.12685e-047
1.82382e-047
1.5638e-047
1.34071e-047
1.14933e-047
9.85162e-048
8.44357e-048
7.23602e-048
6.20051e-048
5.31264e-048
4.55143e-048
3.89889e-048
3.33955e-048
2.86016e-048
2.44933e-048
2.09729e-048
1.79566e-048
1.53726e-048
1.3159e-048
1.1263e-048
9.63916e-049
8.24859e-049
7.05789e-049
6.03844e-049
5.16571e-049
4.41865e-049
3.77924e-049
3.23202e-049
2.76374e-049
2.36307e-049
2.02027e-049
1.72703e-049
1.47619e-049
1.26165e-049
1.07819e-049
9.213e-050
7.87161e-050
6.72483e-050
5.74451e-050
4.9066e-050
4.19046e-050
3.57848e-050
3.05556e-050
2.60877e-050
2.22709e-050
1.90105e-050
1.62257e-050
1.38474e-050
1.18165e-050
1.00824e-050
8.6019e-051
7.33802e-051
6.2592e-051
5.33842e-051
4.55262e-051
3.88209e-051
3.30997e-051
2.82188e-051
2.4055e-051
2.05036e-051
1.74746e-051
1.48915e-051
1.2689e-051
1.08111e-051
9.21015e-052
7.84546e-052
6.68229e-052
5.69098e-052
4.84622e-052
4.12643e-052
3.51318e-052
2.99076e-052
2.54575e-052
2.16674e-052
1.84396e-052
1.5691e-052
1.33508e-052
1.13584e-052
9.6623e-053
8.21864e-053
6.98994e-053
5.94432e-053
5.05459e-053
4.29758e-053
3.65357e-053
3.10574e-053
2.63978e-053
2.2435e-053
1.90651e-053
1.61997e-053
1.37635e-053
1.16924e-053
9.93199e-054
8.43573e-054
7.16414e-054
6.08359e-054
5.16548e-054
4.38547e-054
3.72286e-054
3.16004e-054
2.68202e-054
2.27608e-054
1.93138e-054
1.63871e-054
1.39024e-054
1.17933e-054
1.00031e-054
8.48373e-055
7.19442e-055
6.10041e-055
5.17222e-055
4.3848e-055
3.71687e-055
3.15036e-055
2.66992e-055
2.26251e-055
1.91706e-055
1.6242e-055
1.37593e-055
1.16548e-055
9.87125e-056
8.35975e-056
7.07895e-056
5.99376e-056
5.0744e-056
4.29561e-056
3.63597e-056
3.0773e-056
2.6042e-056
2.20361e-056
1.86444e-056
1.57731e-056
1.33426e-056
1.12855e-056
9.54449e-057
8.07125e-057
6.82471e-057
5.77008e-057
4.87792e-057
4.12327e-057
3.48501e-057
2.94524e-057
2.48882e-057
2.10291e-057
1.77665e-057
1.50085e-057
1.26774e-057
1.07072e-057
9.04222e-058
7.63538e-058
6.44675e-058
5.44259e-058
4.59437e-058
3.87793e-058
3.27288e-058
2.76194e-058
2.33052e-058
1.96629e-058
1.65881e-058
1.39926e-058
1.18021e-058
9.95339e-059
8.39342e-059
7.0772e-059
5.96677e-059
5.03004e-059
4.23993e-059
3.57356e-059
3.0116e-059
2.53775e-059
2.13823e-059
1.80143e-059
1.51751e-059
1.27821e-059
1.07654e-059
9.06587e-060
7.63386e-060
6.42739e-060
5.41102e-060
4.5549e-060
3.83383e-060
3.22658e-060
2.71523e-060
2.28468e-060
1.9222e-060
1.61706e-060
1.36022e-060
1.14406e-060
9.62147e-061
8.09076e-061
6.80286e-061
5.71938e-061
4.80796e-061
4.04136e-061
3.39664e-061
2.85447e-061
2.3986e-061
2.01532e-061
1.69311e-061
1.42226e-061
1.19462e-061
1.00331e-061
8.4255e-062
7.07475e-062
5.93992e-062
4.98661e-062
4.18586e-062
3.51333e-062
2.94854e-062
2.47429e-062
2.07611e-062
1.74182e-062
1.46121e-062
1.22567e-062
1.028e-062
8.62114e-063
7.22923e-063
6.06142e-063
5.08172e-063
4.25993e-063
3.57067e-063
2.99261e-063
2.50788e-063
2.10144e-063
1.76069e-063
1.47504e-063
1.23561e-063
1.03493e-063
8.66752e-064
7.2583e-064
6.07756e-064
5.08837e-064
4.25974e-064
3.56568e-064
2.98439e-064
2.49761e-064
2.09001e-064
1.74875e-064
1.46305e-064
1.2239e-064
1.02374e-064
8.56224e-065
7.16044e-065
5.98752e-065
5.00621e-065
4.18529e-065
3.49862e-065
2.92431e-065
2.44402e-065
2.0424e-065
1.7066e-065
1.42586e-065
1.19118e-065
9.95021e-066
8.31078e-066
6.94076e-066
5.79597e-066
4.8395e-066
4.04045e-066
3.37298e-066
2.81548e-066
2.34988e-066
1.96108e-066
1.63643e-066
1.36539e-066
1.13912e-066
9.50246e-067
7.92608e-067
6.61052e-067
5.51274e-067
4.59679e-067
3.83262e-067
3.19516e-067
2.66344e-067
2.21998e-067
1.85017e-067
1.54179e-067
1.28468e-067
1.07034e-067
8.91665e-068
7.4274e-068
6.18624e-068
5.15194e-068
4.29013e-068
3.57211e-068
2.97395e-068
2.47569e-068
2.0607e-068
1.7151e-068
1.4273e-068
1.18768e-068
9.88183e-069
8.2211e-069
6.83875e-069
5.68826e-069
4.73082e-069
3.93412e-069
3.27125e-069
2.71979e-069
2.26106e-069
1.8795e-069
1.56217e-069
1.29828e-069
1.07886e-069
8.96426e-070
7.44765e-070
6.18699e-070
5.13918e-070
4.26838e-070
3.54476e-070
2.94352e-070
2.44399e-070
2.02903e-070
1.68435e-070
1.39807e-070
1.16033e-070
9.62922e-071
7.99013e-071
6.62935e-071
5.49976e-071
4.56216e-071
3.78401e-071
3.13826e-071
2.60244e-071
2.15788e-071
1.78907e-071
1.48314e-071
1.2294e-071
1.01897e-071
8.44462e-072
6.99769e-072
5.79809e-072
4.80363e-072
3.97932e-072
3.29612e-072
2.72994e-072
2.26077e-072
1.87204e-072
1.54999e-072
1.28321e-072
1.06223e-072
8.79221e-073
7.27663e-073
6.02169e-073
4.98265e-073
4.12247e-073
3.41043e-073
2.82109e-073
2.33334e-073
1.92972e-073
1.59575e-073
1.31944e-073
1.09087e-073
9.01795e-074
7.45415e-074
6.16089e-074
5.09147e-074
4.20725e-074
3.47622e-074
2.87192e-074
2.37242e-074
1.95959e-074
1.61843e-074
1.33653e-074
1.10361e-074
9.11191e-075
7.52241e-075
6.20955e-075
5.12528e-075
4.2299e-075
3.49058e-075
2.88018e-075
2.37627e-075
1.96032e-075
1.61702e-075
1.33369e-075
1.0999e-075
9.0699e-076
7.47839e-076
6.16551e-076
5.08258e-076
4.18942e-076
3.45286e-076
2.8455e-076
2.34473e-076
1.93189e-076
1.59157e-076
1.31107e-076
1.07989e-076
8.89381e-077
7.32405e-077
6.03072e-077
4.96526e-077
4.08762e-077
3.36475e-077
2.76943e-077
2.2792e-077
1.87555e-077
1.54323e-077
1.26966e-077
1.04448e-077
8.59142e-078
7.0662e-078
5.81115e-078
4.77851e-078
3.92896e-078
3.23012e-078
2.6553e-078
2.18254e-078
1.79377e-078
1.4741e-078
1.21127e-078
9.95199e-079
8.17587e-079
6.71603e-079
5.51628e-079
4.53038e-079
3.72029e-079
3.05475e-079
2.508e-079
2.0589e-079
1.69004e-079
1.38712e-079
1.13838e-079
9.34143e-080
7.66469e-080
6.28827e-080
5.15848e-080
4.23124e-080
3.47031e-080
2.84593e-080
2.33364e-080
1.91337e-080
1.56863e-080
1.28586e-080
1.05396e-080
8.6379e-081
7.0786e-081
5.80018e-081
4.75215e-081
3.89308e-081
3.18898e-081
2.61195e-081
2.13911e-081
1.75168e-081
1.43428e-081
1.17426e-081
9.61287e-082
7.86856e-082
6.44009e-082
5.2704e-082
4.31271e-082
3.52867e-082
2.88687e-082
2.36155e-082
1.93163e-082
1.57981e-082
1.29193e-082
1.0564e-082
8.63722e-083
7.06112e-083
5.77202e-083
4.71778e-083
3.85568e-083
3.1508e-083
2.57451e-083
2.1034e-083
1.71833e-083
1.4036e-083
1.1464e-083
9.36234e-084
7.64516e-084
6.24229e-084
5.09631e-084
4.16028e-084
3.39582e-084
2.77154e-084
2.26179e-084
1.8456e-084
1.50584e-084
1.2285e-084
1.00213e-084
8.17394e-085
6.6664e-085
5.43634e-085
4.43278e-085
3.6141e-085
2.94632e-085
2.40167e-085
1.95751e-085
1.59532e-085
1.30001e-085
1.05925e-085
8.62993e-086
7.03024e-086
5.72648e-086
4.66402e-086
3.79829e-086
3.09293e-086
2.5183e-086
2.05021e-086
1.66896e-086
1.35846e-086
1.10561e-086
8.99734e-087
7.32116e-087
5.95663e-087
4.84592e-087
3.94191e-087
3.20621e-087
2.60754e-087
2.12044e-087
1.72415e-087
1.40178e-087
1.13956e-087
9.26302e-088
7.52872e-088
6.1185e-088
4.97191e-088
4.03977e-088
3.28204e-088
2.66616e-088
2.16563e-088
1.75888e-088
1.42838e-088
1.15986e-088
9.41721e-089
7.64529e-089
6.20612e-089
5.03734e-089
4.08825e-089
3.31763e-089
2.69199e-089
2.18411e-089
1.77186e-089
1.43727e-089
1.16575e-089
9.45417e-090
7.66651e-090
6.21623e-090
5.03978e-090
4.08554e-090
3.31164e-090
2.68406e-090
2.17518e-090
1.7626e-090
1.42812e-090
1.157e-090
9.37251e-091
7.5916e-091
6.14845e-091
4.97912e-091
4.03175e-091
3.2643e-091
2.64266e-091
2.13918e-091
1.73144e-091
1.40128e-091
1.13395e-091
9.17529e-092
7.42335e-092
6.0053e-092
4.85763e-092
3.92888e-092
3.17737e-092
2.56934e-092
2.07745e-092
1.67956e-092
1.35773e-092
1.09746e-092
8.86982e-093
7.168e-093
5.79209e-093
4.67981e-093
3.78073e-093
3.05406e-093
2.4668e-093
1.99226e-093
1.60884e-093
1.29908e-093
1.04884e-093
8.46723e-094
6.83482e-094
5.51655e-094
4.45208e-094
3.59264e-094
2.8988e-094
2.33872e-094
1.88666e-094
1.52182e-094
1.2274e-094
9.89841e-095
7.98177e-095
6.43558e-095
5.18837e-095
4.18244e-095
3.37118e-095
2.717e-095
2.18954e-095
1.76429e-095
1.42149e-095
1.14517e-095
9.22469e-096
7.42999e-096
5.98384e-096
4.81866e-096
3.87996e-096
3.1238e-096
2.51474e-096
2.02423e-096
1.62922e-096
1.31116e-096
1.05508e-096
8.48925e-097
6.82981e-097
5.49418e-097
4.41929e-097
3.55432e-097
2.85835e-097
2.29842e-097
1.84798e-097
1.48566e-097
1.19426e-097
9.5991e-098
7.71469e-098
6.19956e-098
4.98147e-098
4.0023e-098
3.21526e-098
2.58272e-098
2.07441e-098
1.66596e-098
1.3378e-098
1.07417e-098
8.62399e-099
6.92307e-099
5.55704e-099
4.46009e-099
3.5793e-099
2.87216e-099
2.30448e-099
1.84881e-099
1.48308e-099
1.18958e-099
9.54066e-100
7.65098e-100
6.13494e-100
4.91879e-100
3.94331e-100
3.16096e-100
2.53356e-100
2.03048e-100
1.62712e-100
1.30376e-100
1.04455e-100
8.36788e-101
6.70281e-101
5.3685e-101
4.29936e-101
3.44278e-101
2.75658e-101
2.20691e-101
1.76667e-101
1.4141e-101
1.13178e-101
9.05722e-102
7.24743e-102
5.79867e-102
4.63903e-102
3.71092e-102
2.96818e-102
2.37385e-102
1.89833e-102
1.5179e-102
1.21359e-102
9.70185e-103
7.75518e-103
6.19846e-103
4.95372e-103
3.95852e-103
3.16293e-103
2.52697e-103
2.01868e-103
1.61246e-103
1.28785e-103
1.02848e-103
8.21259e-104
6.55723e-104
5.23498e-104
4.17893e-104
3.33557e-104
2.66213e-104
2.12444e-104
1.69517e-104
1.3525e-104
1.07898e-104
8.60694e-105
6.86494e-105
5.47495e-105
4.36594e-105
3.48121e-105
2.77548e-105
2.21259e-105
1.76367e-105
1.40569e-105
1.12025e-105
8.92684e-106
7.11269e-106
5.66663e-106
4.5141e-106
3.5956e-106
2.8637e-106
2.28054e-106
1.81595e-106
1.44585e-106
1.15106e-106
9.16278e-107
7.29309e-107
5.80431e-107
4.61896e-107
3.6753e-107
2.92413e-107
2.32624e-107
1.85041e-107
1.47176e-107
1.17047e-107
9.30758e-108
7.40064e-108
5.88378e-108
4.67734e-108
3.71788e-108
2.95493e-108
2.3483e-108
1.86601e-108
1.48262e-108
1.17788e-108
9.3568e-109
7.43204e-109
5.9026e-109
4.68741e-109
3.72201e-109
2.95514e-109
2.34602e-109
1.86226e-109
1.47811e-109
1.17307e-109
9.30889e-110
7.38629e-110
5.86017e-110
4.64888e-110
3.68758e-110
2.92475e-110
2.31948e-110
1.83928e-110
1.45835e-110
1.15619e-110
9.16535e-111
7.26484e-111
5.75781e-111
4.56292e-111
3.61563e-111
2.86471e-111
2.2695e-111
1.79778e-111
1.42395e-111
1.12775e-111
8.93061e-112
7.0714e-112
5.59867e-112
4.4322e-112
3.50839e-112
2.77685e-112
2.19761e-112
1.73902e-112
1.37598e-112
1.08862e-112
8.61178e-113
6.81186e-113
5.38757e-113
4.26064e-113
3.36909e-113
2.66382e-113
2.10596e-113
1.66476e-113
1.31586e-113
1.03997e-113
8.21837e-114
6.49391e-114
5.13076e-114
4.05333e-114
3.20182e-114
2.52893e-114
1.99725e-114
1.57718e-114
1.24533e-114
9.83206e-115
7.76173e-115
6.12671e-115
4.8356e-115
3.81618e-115
3.01136e-115
2.37602e-115
1.87453e-115
1.47874e-115
1.16639e-115
9.1992e-116
7.25457e-116
5.72043e-116
4.51025e-116
3.55571e-116
2.8029e-116
2.20924e-116
1.74114e-116
1.37208e-116
1.08114e-116
8.51796e-117
6.71036e-117
5.2858e-117
4.16323e-117
3.27872e-117
2.58187e-117
2.03291e-117
1.6005e-117
1.25994e-117
9.91742e-118
7.80552e-118
6.14271e-118
4.83362e-118
3.80312e-118
2.99201e-118
2.35364e-118
1.85128e-118
1.45599e-118
1.14499e-118
9.00321e-119
7.07862e-119
5.56487e-119
4.37437e-119
3.4382e-119
2.7021e-119
2.12338e-119
1.66843e-119
1.31082e-119
1.02975e-119
8.08866e-120
6.35295e-120
4.98919e-120
3.91777e-120
3.07612e-120
2.41502e-120
1.89581e-120
1.48807e-120
1.1679e-120
9.16523e-121
7.19177e-121
5.64265e-121
4.42676e-121
3.4725e-121
2.72367e-121
2.1361e-121
1.67511e-121
1.31346e-121
1.02979e-121
8.07301e-122
6.32814e-122
4.95988e-122
3.88706e-122
3.04598e-122
2.38664e-122
1.86983e-122
1.46477e-122
1.14735e-122
8.98615e-123
7.03733e-123
5.51057e-123
4.31459e-123
3.37783e-123
2.64418e-123
2.06966e-123
1.6198e-123
1.26759e-123
9.91862e-124
7.7603e-124
6.071e-124
4.74894e-124
3.7144e-124
2.90493e-124
2.27162e-124
1.7762e-124
1.38868e-124
1.0856e-124
8.48572e-125
6.63229e-125
5.18315e-125
4.05022e-125
3.16459e-125
2.47236e-125
1.93135e-125
1.50857e-125
1.17821e-125
9.20106e-126
7.18466e-126
5.60957e-126
4.37933e-126
3.41854e-126
2.66826e-126
2.08243e-126
1.62505e-126
1.268e-126
9.89296e-127
7.7177e-127
6.02011e-127
4.69543e-127
3.66186e-127
2.8555e-127
2.22648e-127
1.73583e-127
1.35317e-127
1.05476e-127
8.22069e-128
6.40646e-128
4.99209e-128
3.88957e-128
3.03023e-128
2.3605e-128
1.83861e-128
1.43195e-128
1.11512e-128
8.68297e-129
6.76038e-129
5.26295e-129
4.09677e-129
3.18866e-129
2.4816e-129
1.93111e-129
1.50259e-129
1.16903e-129
9.09426e-130
7.07398e-130
5.50192e-130
4.27878e-130
3.32721e-130
2.587e-130
2.01125e-130
1.56348e-130
1.21527e-130
9.44508e-131
7.33998e-131
5.70347e-131
4.43137e-131
3.44264e-131
2.67424e-131
2.07713e-131
1.61318e-131
1.25272e-131
9.72709e-132
7.55206e-132
5.86277e-132
4.55088e-132
3.53218e-132
2.74122e-132
2.12716e-132
1.65049e-132
1.2805e-132
9.93344e-133
7.70505e-133
5.97594e-133
4.63438e-133
3.59362e-133
2.78629e-133
2.16011e-133
1.67449e-133
1.2979e-133
1.0059e-133
7.79515e-134
6.04016e-134
4.6798e-134
3.62544e-134
2.80833e-134
2.17516e-134
1.68457e-134
1.3045e-134
1.01007e-134
7.8201e-135
6.05382e-135
4.68599e-135
3.62684e-135
2.80679e-135
2.17193e-135
1.6805e-135
1.30012e-135
1.00574e-135
7.77928e-136
6.01658e-136
4.65281e-136
3.59778e-136
2.7817e-136
2.1505e-136
1.66236e-136
1.28488e-136
9.93018e-137
7.67372e-137
5.92938e-137
4.58108e-137
3.53901e-137
2.73369e-137
2.11141e-137
1.63061e-137
1.25916e-137
9.72231e-138
7.50605e-138
5.7944e-138
4.4726e-138
3.45197e-138
2.66396e-138
2.05562e-138
1.58604e-138
1.2236e-138
9.43889e-139
7.28042e-139
5.61496e-139
4.33003e-139
3.3388e-139
2.57422e-139
1.98452e-139
1.52974e-139
1.17907e-139
9.08681e-140
7.00229e-140
5.3954e-140
4.15682e-140
3.20224e-140
2.46662e-140
1.89979e-140
1.46306e-140
1.12661e-140
8.67444e-141
6.67826e-141
5.14091e-141
3.95705e-141
3.04549e-141
2.34368e-141
1.80341e-141
1.38754e-141
1.06746e-141
8.21127e-142
6.31575e-142
4.8573e-142
3.73525e-142
2.8721e-142
2.20817e-142
1.69755e-142
1.30487e-142
1.00292e-142
7.70758e-143
5.92279e-143
4.55082e-143
3.49629e-143
2.68584e-143
2.06304e-143
1.58449e-143
1.21682e-143
9.3437e-144
7.17407e-144
5.50766e-144
4.22789e-144
3.24515e-144
2.49058e-144
1.91127e-144
1.46655e-144
1.12519e-144
8.63201e-145
6.62143e-145
5.07863e-145
3.8949e-145
2.98676e-145
2.29013e-145
1.75579e-145
1.34599e-145
1.03173e-145
7.90759e-146
6.06007e-146
4.64371e-146
3.55802e-146
2.72587e-146
2.08813e-146
1.59943e-146
1.22498e-146
9.38089e-147
7.18316e-147
5.49974e-147
4.2104e-147
3.22299e-147
2.46689e-147
1.88797e-147
1.44476e-147
1.10548e-147
8.45788e-148
6.47033e-148
4.94933e-148
3.78548e-148
2.89501e-148
2.21378e-148
1.69267e-148
1.2941e-148
9.8927e-149
7.56168e-149
5.77931e-149
4.41661e-149
3.37487e-149
2.57857e-149
1.96996e-149
1.50483e-149
1.14941e-149
8.77844e-150
6.70369e-150
5.11876e-150
3.90815e-150
2.98354e-150
2.27744e-150
1.73827e-150
1.32661e-150
1.01233e-150
7.7243e-151
5.89317e-151
4.49566e-151
3.4292e-151
2.61545e-151
1.9946e-151
1.52097e-151
1.15968e-151
8.8412e-152
6.73969e-152
5.13715e-152
3.91526e-152
2.98369e-152
2.27353e-152
1.73222e-152
1.31965e-152
1.00524e-152
7.65664e-153
5.83122e-153
4.44054e-153
3.38117e-153
2.57426e-153
1.95972e-153
1.49172e-153
1.13537e-153
8.6406e-154
6.57512e-154
5.00286e-154
3.80617e-154
2.89543e-154
2.20238e-154
1.67504e-154
1.27384e-154
9.68629e-155
7.36471e-155
5.59898e-155
4.25615e-155
3.23504e-155
2.45865e-155
1.8684e-155
1.4197e-155
1.07864e-155
8.19436e-156
6.22453e-156
4.72773e-156
3.59049e-156
2.72653e-156
2.07024e-156
1.57176e-156
1.19318e-156
9.05695e-157
6.87404e-157
5.21671e-157
3.95855e-157
3.00352e-157
2.27866e-157
1.72856e-157
1.31112e-157
9.94389e-158
7.54093e-158
5.71805e-158
4.33537e-158
3.28669e-158
2.49142e-158
1.88838e-158
1.43115e-158
1.08452e-158
8.2176e-159
6.22596e-159
4.71654e-159
3.57268e-159
2.70595e-159
2.04928e-159
1.5518e-159
1.17497e-159
8.89555e-160
6.734e-160
5.09715e-160
3.85778e-160
2.91946e-160
2.20913e-160
1.67146e-160
1.26452e-160
9.56551e-161
7.23513e-161
5.47192e-161
4.13798e-161
3.12889e-161
2.36564e-161
1.78839e-161
1.35185e-161
1.02176e-161
7.72196e-162
5.83525e-162
4.40906e-162
3.3311e-162
2.51642e-162
1.90079e-162
1.43562e-162
1.08418e-162
8.18684e-163
6.18139e-163
4.66672e-163
3.52283e-163
2.65905e-163
2.00685e-163
1.51447e-163
1.14277e-163
8.62208e-164
6.5046e-164
4.90664e-164
3.70086e-164
2.7911e-164
2.10476e-164
1.58703e-164
1.19653e-164
9.02019e-165
6.79928e-165
5.12466e-165
3.86208e-165
2.91027e-165
2.1928e-165
1.65204e-165
1.2445e-165
9.37404e-166
7.06012e-166
5.31683e-166
4.00357e-166
3.01438e-166
2.26935e-166
1.70829e-166
1.28581e-166
9.6771e-167
7.28231e-167
5.47959e-167
4.1227e-167
3.10149e-167
2.33299e-167
1.75473e-167
1.31967e-167
9.92365e-168
7.46163e-168
5.60985e-168
4.21719e-168
3.16993e-168
2.38249e-168
1.79047e-168
1.34542e-168
1.01089e-168
7.59461e-169
5.70507e-169
4.28521e-169
3.21838e-169
2.41689e-169
1.81481e-169
1.36258e-169
1.02293e-169
7.67865e-170
5.7634e-170
4.32542e-170
3.24587e-170
2.43551e-170
1.82727e-170
1.37079e-170
1.02824e-170
7.71209e-171
5.78368e-171
4.33702e-171
3.25187e-171
2.43798e-171
1.82761e-171
1.3699e-171
1.02672e-171
7.69425e-172
5.7655e-172
4.31979e-172
3.23626e-172
2.42426e-172
1.8158e-172
1.35992e-172
1.01839e-172
7.6255e-173
5.70923e-173
4.27407e-173
3.19934e-173
2.39461e-173
1.7921e-173
1.34105e-173
1.00342e-173
7.50719e-174
5.61598e-174
4.20076e-174
3.14185e-174
2.34962e-174
1.75697e-174
1.31367e-174
9.82116e-175
7.34166e-175
5.48757e-175
4.1013e-175
3.06491e-175
2.29017e-175
1.71109e-175
1.2783e-175
9.5488e-176
7.13212e-176
5.32652e-176
3.97761e-176
2.97e-176
2.21741e-176
1.65535e-176
1.23563e-176
9.22236e-177
6.88256e-177
5.13586e-177
3.83205e-177
2.85893e-177
2.13271e-177
1.59079e-177
1.18645e-177
8.84795e-178
6.59765e-178
4.91916e-178
3.66731e-178
2.73375e-178
2.03763e-178
1.51861e-178
1.13167e-178
8.4324e-179
6.28255e-179
4.68033e-179
3.48635e-179
2.59669e-179
1.93386e-179
1.44007e-179
1.07226e-179
7.98301e-180
5.94279e-180
4.42353e-180
3.29232e-180
2.45014e-180
1.82319e-180
1.35653e-180
1.00921e-180
7.50741e-181
5.58409e-181
4.15307e-181
3.08845e-181
2.2965e-181
1.70745e-181
1.26936e-181
9.43572e-182
7.01327e-182
5.2122e-182
3.87326e-182
2.87797e-182
2.13822e-182
1.58844e-182
1.1799e-182
8.76345e-183
6.50817e-183
4.83279e-183
3.58832e-183
2.66404e-183
1.97762e-183
1.46792e-183
1.08947e-183
8.08504e-184
5.99936e-184
4.45125e-184
3.30228e-184
2.44963e-184
1.81695e-184
1.34753e-184
9.99288e-185
7.40964e-185
5.49361e-185
4.07262e-185
3.01887e-185
2.23753e-185
1.65825e-185
1.22881e-185
9.10489e-186
6.74558e-186
4.99711e-186
3.70146e-186
2.74146e-186
2.03023e-186
1.50336e-186
1.11311e-186
8.24073e-187
6.10027e-187
4.5153e-187
3.34179e-187
2.47302e-187
1.82991e-187
1.3539e-187
1.00161e-187
7.40909e-188
5.48007e-188
4.05287e-188
2.99705e-188
2.21605e-188
1.6384e-188
1.2112e-188
8.95294e-189
6.61715e-189
4.89025e-189
3.61364e-189
2.67002e-189
1.9726e-189
1.4572e-189
1.07635e-189
7.94952e-190
5.87063e-190
4.33494e-190
3.20063e-190
2.36289e-190
1.74424e-190
1.28743e-190
9.5016e-191
7.01171e-191
5.17375e-191
3.81718e-191
2.81601e-191
2.07721e-191
1.53208e-191
1.12989e-191
8.33198e-192
6.14347e-192
4.52933e-192
3.33895e-192
2.46116e-192
1.81395e-192
1.33679e-192
9.85051e-193
7.25785e-193
5.34702e-193
3.93886e-193
2.90124e-193
2.13674e-193
1.57353e-193
1.15865e-193
8.53074e-194
6.28021e-194
4.62293e-194
3.40263e-194
2.50418e-194
1.84278e-194
1.35592e-194
9.97588e-195
7.33876e-195
5.3982e-195
3.97036e-195
2.91988e-195
2.14712e-195
1.57871e-195
1.16065e-195
8.53211e-196
6.27142e-196
4.60925e-196
3.38727e-196
2.48899e-196
1.82874e-196
1.3435e-196
9.86905e-197
7.24884e-197
5.32374e-197
3.90949e-197
2.87063e-197
2.10761e-197
1.54724e-197
1.13574e-197
8.33598e-198
6.1177e-198
4.48926e-198
3.29395e-198
2.41664e-198
1.77282e-198
1.30038e-198
9.5374e-199
6.99432e-199
5.1288e-199
3.76046e-199
2.7569e-199
2.02095e-199
1.48131e-199
1.08565e-199
7.95587e-200
5.82964e-200
4.27121e-200
3.12906e-200
2.29209e-200
1.67882e-200
1.22951e-200
9.00359e-201
6.59255e-201
4.82665e-201
3.5334e-201
2.58639e-201
1.893e-201
1.38536e-201
1.01375e-201
7.41738e-202
5.42658e-202
3.96969e-202
2.90364e-202
2.12365e-202
1.55302e-202
1.13561e-202
8.30295e-203
6.07005e-203
4.43717e-203
3.24321e-203
2.37028e-203
1.73212e-203
1.26565e-203
9.24699e-204
6.75528e-204
4.93448e-204
3.60408e-204
2.6321e-204
1.92205e-204
1.4034e-204
1.0246e-204
7.47963e-205
5.45961e-205
3.98473e-205
2.90797e-205
2.12195e-205
1.54823e-205
1.12952e-205
8.23953e-206
6.00991e-206
4.38317e-206
3.19641e-206
2.33073e-206
1.69933e-206
1.23884e-206
9.03047e-207
6.58202e-207
4.79692e-207
3.4956e-207
2.54703e-207
1.85568e-207
1.35184e-207
9.84699e-208
7.17193e-208
5.22304e-208
3.80334e-208
2.76925e-208
2.01611e-208
1.46764e-208
1.06827e-208
7.77496e-209
5.65808e-209
4.11713e-209
2.99554e-209
2.17927e-209
1.58526e-209
1.15304e-209
8.38582e-210
6.09818e-210
4.43414e-210
3.22384e-210
2.34365e-210
1.7036e-210
1.23821e-210
8.99867e-211
6.53908e-211
4.75127e-211
3.45189e-211
2.50761e-211
1.82145e-211
1.32291e-211
9.6072e-212
6.9762e-212
5.06518e-212
3.67728e-212
2.6694e-212
1.93756e-212
1.40621e-212
1.02047e-212
7.40468e-213
5.37237e-213
3.89746e-213
2.82717e-213
2.05058e-213
1.48715e-213
1.07842e-213
7.8195e-214
5.66921e-214
4.10981e-214
2.97903e-214
2.15915e-214
1.56476e-214
1.13387e-214
8.21556e-215
5.95202e-215
4.31168e-215
3.12309e-215
2.26191e-215
1.63803e-215
1.18611e-215
8.58778e-216
6.21716e-216
4.50047e-216
3.25746e-216
2.35751e-216
1.70602e-216
1.23444e-216
8.9312e-217
6.46107e-217
4.67363e-217
3.38033e-217
2.44466e-217
1.76779e-217
1.27821e-217
9.24111e-218
6.6804e-218
4.82876e-218
3.48999e-218
2.52213e-218
1.82249e-218
1.31679e-218
9.51315e-219
6.87205e-219
4.96367e-219
3.58488e-219
2.58882e-219
1.86932e-219
1.34964e-219
9.74338e-220
7.03324e-220
5.0764e-220
3.66362e-220
2.64375e-220
1.90759e-220
1.37628e-220
9.92842e-221
7.16159e-221
5.16528e-221
3.72505e-221
2.68613e-221
1.93676e-221
1.3963e-221
1.00655e-221
7.2552e-222
5.22898e-222
3.76825e-222
2.71529e-222
1.95636e-222
1.40941e-222
1.01526e-222
7.31264e-223
5.26655e-223
3.79256e-223
2.73082e-223
1.96611e-223
1.4154e-223
1.01884e-223
7.33306e-224
5.2774e-224
3.79761e-224
2.73246e-224
1.96587e-224
1.41419e-224
1.01723e-224
7.31612e-225
5.26138e-225
3.78332e-225
2.7202e-225
1.95562e-225
1.4058e-225
1.01045e-225
7.26211e-226
5.21873e-226
3.74992e-226
2.69422e-226
1.93553e-226
1.39034e-226
9.98615e-227
7.17182e-227
5.1501e-227
3.69791e-227
2.65492e-227
1.90591e-227
1.36807e-227
9.81899e-228
7.04663e-228
5.05651e-228
3.62807e-228
2.60288e-228
1.86719e-228
1.3393e-228
9.60552e-229
6.88842e-229
4.93938e-229
3.54144e-229
2.53889e-229
1.81996e-229
1.30447e-229
9.3489e-230
6.6995e-230
4.80042e-230
3.43931e-230
2.46387e-230
1.76489e-230
1.26408e-230
9.05285e-231
6.48262e-231
4.64164e-231
3.32312e-231
2.3789e-231
1.70279e-231
1.21871e-231
8.72159e-232
6.24087e-232
4.46528e-232
3.19454e-232
2.28519e-232
1.63452e-232
1.169e-232
8.35971e-233
5.97756e-233
4.27378e-233
3.0553e-233
2.184e-233
1.561e-233
1.11561e-233
7.97209e-234
5.69625e-234
4.06968e-234
2.90728e-234
2.07667e-234
1.48321e-234
1.05924e-234
7.56378e-235
5.40056e-235
3.85562e-235
2.75235e-235
1.96457e-235
1.40213e-235
1.0006e-235
7.13988e-236
5.09418e-236
3.63424e-236
2.59243e-236
1.84908e-236
1.31874e-236
9.40406e-237
6.70545e-237
4.78075e-237
3.40814e-237
2.42938e-237
1.73152e-237
1.23399e-237
8.79336e-238
6.26543e-238
4.46377e-238
3.17986e-238
2.265e-238
1.61318e-238
1.14883e-238
8.18049e-239
5.82451e-239
4.14662e-239
2.95178e-239
2.10101e-239
1.49529e-239
1.0641e-239
7.57163e-240
5.38707e-240
3.8324e-240
2.72612e-240
1.93897e-240
1.37897e-240
9.80601e-241
6.97244e-241
4.95715e-241
3.52398e-241
2.5049e-241
1.78034e-241
1.26523e-241
8.99062e-242
6.38801e-242
4.53833e-242
3.2239e-242
2.28993e-242
1.62636e-242
1.15496e-242
8.2011e-243
5.8228e-243
4.13377e-243
2.93437e-243
2.08276e-243
1.47815e-243
1.04894e-243
7.44287e-244
5.2806e-244
3.74612e-244
2.65726e-244
1.8847e-244
1.33661e-244
9.47811e-245
6.72038e-245
4.76453e-245
3.37755e-245
2.39408e-245
1.6968e-245
1.20247e-245
8.52073e-246
6.03716e-246
4.27704e-246
3.02976e-246
2.14599e-246
1.51986e-246
1.0763e-246
7.62109e-247
5.39581e-247
3.81989e-247
2.70396e-247
1.91383e-247
1.35445e-247
9.58463e-248
6.78178e-248
4.79807e-248
3.39425e-248
2.40091e-248
1.6981e-248
1.2009e-248
8.49187e-249
6.0042e-249
4.24484e-249
3.0007e-249
2.12099e-249
1.49903e-249
1.05934e-249
7.48542e-250
5.28873e-250
3.7363e-250
2.63929e-250
1.86418e-250
1.31656e-250
9.29717e-251
6.5647e-251
4.63483e-251
3.27196e-251
2.3096e-251
1.63012e-251
1.15042e-251
8.11804e-252
5.72795e-252
4.04112e-252
2.85075e-252
2.01081e-252
1.4182e-252
1.00014e-252
7.0524e-253
4.97243e-253
3.50554e-253
2.47113e-253
1.74177e-253
1.22756e-253
8.65064e-254
6.09549e-254
4.29461e-254
3.02547e-254
2.13117e-254
1.50106e-254
1.05714e-254
7.44425e-255
5.24161e-255
3.69032e-255
2.59787e-255
1.82863e-255
1.28703e-255
9.05747e-256
6.37352e-256
4.48443e-256
3.15493e-256
2.21935e-256
1.56106e-256
1.09791e-256
7.72088e-257
5.42904e-257
3.81711e-257
2.68349e-257
1.88635e-257
1.32586e-257
9.3181e-258
6.54806e-258
4.601e-258
3.23257e-258
2.2709e-258
1.59515e-258
1.12037e-258
7.86819e-259
5.52515e-259
3.87943e-259
2.72362e-259
1.91196e-259
1.34205e-259
9.41911e-260
6.6101e-260
4.63831e-260
3.25437e-260
2.28312e-260
1.60157e-260
1.12336e-260
7.87852e-261
5.52492e-261
3.87402e-261
2.71615e-261
1.90414e-261
1.33475e-261
9.35523e-262
6.55639e-262
4.59441e-262
3.21921e-262
2.2554e-262
1.57999e-262
1.10672e-262
7.75133e-263
5.42838e-263
3.80118e-263
2.66147e-263
1.86329e-263
1.30435e-263
9.1298e-264
6.38975e-264
4.47158e-264
3.12891e-264
2.18917e-264
1.53152e-264
1.07132e-264
7.49325e-265
5.24054e-265
3.66469e-265
2.56244e-265
1.79153e-265
1.25242e-265
8.75447e-266
6.11878e-266
4.27617e-266
2.98813e-266
2.08785e-266
1.45866e-266
1.01897e-266
7.11747e-267
4.97101e-267
3.47151e-267
2.42408e-267
1.6925e-267
1.18159e-267
8.24822e-268
5.75715e-268
4.018e-268
2.80393e-268
1.9565e-268
1.36504e-268
9.52285e-269
6.64268e-269
4.63313e-269
3.23118e-269
2.25321e-269
1.57107e-269
1.09534e-269
7.63576e-270
5.32246e-270
3.7096e-270
2.58522e-270
1.80145e-270
1.25516e-270
8.74448e-271
6.09148e-271
4.24294e-271
2.95505e-271
2.05787e-271
1.43293e-271
9.97675e-272
6.94555e-272
4.83481e-272
3.36516e-272
2.34201e-272
1.62977e-272
1.13401e-272
7.88975e-273
5.48864e-273
3.81786e-273
2.65541e-273
1.8467e-273
1.28416e-273
8.92879e-274
6.20759e-274
4.31527e-274
2.99949e-274
2.08469e-274
1.44874e-274
1.00669e-274
6.99446e-275
4.85924e-275
3.37549e-275
2.34455e-275
1.62831e-275
1.13076e-275
7.85161e-276
5.45131e-276
3.78441e-276
2.62694e-276
1.8233e-276
1.26537e-276
8.78083e-277
6.09266e-277
4.22701e-277
2.93234e-277
2.034e-277
1.41072e-277
9.78331e-278
6.784e-278
4.70372e-278
3.261e-278
2.26056e-278
1.56688e-278
1.08595e-278
7.52555e-279
5.21461e-279
3.61294e-279
2.50296e-279
1.73381e-279
1.2009e-279
8.31693e-280
5.75938e-280
3.98789e-280
2.76099e-280
1.91136e-280
1.32304e-280
9.15716e-281
6.33727e-281
4.38529e-281
3.03424e-281
2.09921e-281
1.45217e-281
1.00446e-281
6.94708e-282
4.80427e-282
3.32206e-282
2.2969e-282
1.58793e-282
1.09768e-282
7.58708e-283
5.24359e-283
3.62358e-283
2.50381e-283
1.72989e-283
1.19507e-283
8.25506e-284
5.70168e-284
3.93768e-284
2.71915e-284
1.8775e-284
1.29623e-284
8.94827e-285
6.17662e-285
4.26302e-285
2.94197e-285
2.03008e-285
1.4007e-285
9.66341e-286
6.66609e-286
4.59797e-286
3.17115e-286
2.18686e-286
1.50793e-286
1.03967e-286
7.16744e-287
4.9407e-287
3.40539e-287
2.34693e-287
1.61729e-287
1.11438e-287
7.67769e-288
5.28912e-288
3.64327e-288
2.50931e-288
1.72811e-288
1.18999e-288
8.19351e-289
5.64094e-289
3.88318e-289
2.67288e-289
1.83961e-289
1.26598e-289
8.71128e-290
5.99366e-290
4.12342e-290
2.83647e-290
1.95098e-290
1.34178e-290
9.22714e-291
6.34463e-291
4.36215e-291
2.99881e-291
2.06136e-291
1.41681e-291
9.737e-292
6.69104e-292
4.59744e-292
3.1586e-292
2.16983e-292
1.49044e-292
1.02366e-292
7.02997e-293
4.82731e-293
3.31445e-293
2.27548e-293
1.56203e-293
1.07216e-293
7.35845e-294
5.04971e-294
3.46499e-294
2.37735e-294
1.63094e-294
1.11876e-294
7.67347e-295
5.26261e-295
3.60882e-295
2.47448e-295
1.69652e-295
1.16302e-295
7.97206e-296
5.46398e-296
3.74457e-296
2.56596e-296
1.75814e-296
1.20451e-296
8.2513e-297
5.65184e-297
3.87089e-297
2.65087e-297
1.81518e-297
1.24281e-297
8.50838e-298
5.82429e-298
3.98652e-298
2.72834e-298
1.86707e-298
1.27754e-298
8.74067e-299
5.97956e-299
4.09024e-299
2.79759e-299
1.91325e-299
1.30833e-299
8.94572e-300
6.11602e-300
4.18097e-300
2.85786e-300
1.95325e-300
1.33485e-300
9.12134e-301
6.2322e-301
4.25773e-301
2.90851e-301
1.98663e-301
1.35681e-301
9.26564e-302
6.32684e-302
4.31969e-302
2.94899e-302
2.01302e-302
1.37398e-302
9.37702e-303
6.39889e-303
4.36616e-303
2.97886e-303
2.03214e-303
1.38616e-303
9.45425e-304
6.44757e-304
4.39663e-304
2.99777e-304
2.04377e-304
1.39322e-304
9.49648e-305
6.47233e-305
4.41075e-305
3.00552e-305
2.04778e-305
1.39508e-305
9.50322e-306
6.47288e-306
4.40838e-306
3.00203e-306
2.04412e-306
1.39172e-306
9.47441e-307
6.44923e-307
4.38953e-307
2.98733e-307
2.03284e-307
1.38318e-307
9.41037e-308
6.40163e-308
4.35441e-308
2.96158e-308
2.01406e-308
1.36954e-308
9.3118e-309
6.33063e-309
4.30343e-309
2.92508e-309
1.98799e-309
1.35097e-309
9.17981e-310
6.237e-310
4.23714e-310
2.87822e-310
1.95493e-310
1.32767e-310
9.01586e-311
6.12178e-311
4.15626e-311
2.82152e-311
1.91522e-311
1.2999e-311
8.82172e-312
5.98622e-312
4.06169e-312
2.7556e-312
1.8693e-312
1.26794e-312
8.59948e-313
5.83177e-313
3.95443e-313
2.68115e-313
1.81767e-313
1.23215e-313
8.35149e-314
5.66006e-314
3.8356e-314
2.59896e-314
1.76085e-314
1.19288e-314
8.08033e-315
5.47287e-315
3.70643e-315
2.50987e-315
1.69942e-315
1.15055e-315
7.78874e-316
5.27207e-316
3.56822e-316
2.41476e-316
1.63401e-316
1.10558e-316
7.47961e-317
5.05964e-317
3.4223e-317
2.31449e-317
1.56527e-317
1.05847e-317
7.15618e-318
4.83683e-318
3.26923e-318
2.21057e-318
1.49378e-318
1.0101e-318
6.8182e-319
4.60375e-319
3.10802e-319
2.0979e-319
1.41802e-319
9.51817e-320
6.4105e-320
4.46784e-320
2.914e-320
1.94267e-320
1.35967e-320
9.71333e-321
5.82997e-321
3.88336e-321
1.94168e-321
1.94168e-321
1.94168e-321
0
0
0
0
0
0
0
0
0
0
0
0
0
0
0
0
0
0
0
0
0
0
0
0
0
0
0
0
0
0
0
0
0
0
0
0
0
0
0
0
0
0
0
0
0
0
0
0
0
0
0
0
0
0
0
0
0
0
0
0
0
0
0
0
0
0
0
0
0
0
0
0
0
0
0
0
0
0
0
0
0
0
0
0
0
0
0
0
0
0
0
0
0
0
0
0
0
0
0
0
0
0
0
0
0
0
0
0
0
0
0
0
0
0
0
0
0
0
0
0
0
0
0
0
0
0
0
0
0
0
0
0
0
0
0
0
0
0
0
0
0
0
0
0
0
0
0
0
0
0
0
0
0
0
0
0
0
0
0
0
0
0
0
0
0
0
0
0
0
0
0
0
0
0
0
0
0
0
0
0
0
0
0
0
0
0
0
0
0
0
0
0
0
0
0
0
0
0
0
0
0
0
0
0
0
0
0
0
0
0
0
0
0
0
0
0
0
0
0
0
0
0
0
0
0
0
0
0
0
0
0
0
0
0
0
0
0
0
0
0
0
0
0
0
0
0
0
0
0
0
0
0
0
0
0
0
0
0
0
0
0
0
0
0
0
0
0
0
0
0
0
0
0
0
0
0
0
0
0
0
0
0
0
0
0
0
0
0
0
0
0
0
0
0
0
0
0
0
0
0
0
0
0
0
0
0
0
0
0
0
0
0
0
0
0
0
0
0
0
0
0
0
0
0
0
0
0
0
0
0
0
0
0
0
0
0
0
0
0
0
0
0
0
0
0
0
0
0
0
0
0
0
0
0
0
0
0
0
0
0
0
0
0
0
0
0
0
0
0
0
0
0
0
0
0
0
0
0
0
0
0
0
0
0
0
0
0
0
0
0
0
0
0
0
0
0
0
0
0
0
0
0
0
0
0
0
0
0
0
0
0
0
0
0
0
0
0
0
0
0
0
0
0
0
0
0
0
0
0
0
0
0
0
0
0
0
0
0
0
0
0
0
0
0
0
0
0
0
0
0
0
0
0
0
0
0
0
0
0
0
0
0
0
0
0
0
0
0
0
0
0
0
0
0
0
0
0
0
0
0
0
0
0
0
0
0
0
0
0
0
0
0
0
0
0
0
0
0
0
0
0
0
0
0
0
0
0
0
0
0
0
0
0
0
0
0
0
0
0
0
0
0
0
0
0
0
0
0
0
0
0
0
0
0
0
0
0
0
0
0
0
0
0
0
0
0
0
0
0
0
0
0
0
0
0
0
0
0
0
0
0
0
0
0
0
0
0
0
0
0
0
0
0
0
0
0
0
0
0
0
0
0
0
0
0
0
0
0
0
0
0
0
0
0
0
0
0
0
0
0
0
0
0
0
0
0
0
0
0
0
0
0
0
0
0
0
0
0
0
0
0
0
0
0
0
0
0
0
0
0
0
0
0
0
0
0
0
0
0
0
0
0
0
0
0
0
0
0
0
0
0
0
0
0
0
0
0
0
0
0
0
0
0
0
0
0
0
0
0
0
0
0
0
0
0
0
0
0
0
0
0
0
0
0
0
0
0
0
0
0
0
0
0
0
0
0
0
0
0
0
0
0
0
0
0
0
0
0
0
0
0
0
0
0
0
0
0
0
0
0
0
0
0
0
0
0
0
0
0
0
0
0
0
0
0
0
0
0
0
0
0
0
0
0
0
0
0
0
0
0
0
0
0
0
0
0
0
0
0
0
0
0
0
0
0
0
0
0
0
0
0
0
0
0
0
0
0
0
0
0
0
0
0
0
0
0
0
0
0
0
0
0
0
0
0
0
0
0
0
0
0
0
0
0
0
0
0
0
0
0
0
0
0
0
0
0
0
0
0
0
0
0
0
0
0
0
0
0
0
0
0
0
0
0
0
0
0
0
0
0
0
0
0
0
0
0
0
0
0
0
0
0
0
0
0
0
0
0
0
0
0
0
0
0
0
0
0
0
0
0
0
0
0
0
0
0
0
0
0
0
0
0
0
0
0
0
0
0
0
0
0
0
0
0
0
0
0
0
0
0
0
0
0
0
0
0
0
0
0
0
0
0
0
0
0
0
0
0
0
0
0
0
0
0
0
0
0
0
0
0
0
0
0
0
0
0
0
0
0
0
0
0
0
0
0
0
0
0
0
0
0
0
0
0
0
0
0
0
0
0
0
0
0
0
0
0
0
0
0
0
0
0
0
0
0
0
0
0
0
0
0
0
0
0
0
0
0
0
0
0
0
0
0
0
0
0
0
0
0
0
0
0
0
0
0
0
0
0
0
0
0
0
0
0
0
0
0
0
0
0
0
0
0
0
0
0
0
0
0
0
0
0
0
0
0
0
0
0
0
0
0
0
0
0
0
0
0
0
0
0
0
0
0
0
0
0
0
0
0
0
0
0
0
0
0
0
0
0
0
0
0
0
0
0
0
0
0
0
0
0
0
0
0
0
0
0
0
0
0
0
0
0
0
0
0
0
0
0
0
0
0
0
0
0
0
0
0
0
0
0
0
0
0
0
0
0
0
0
0
0
0
0
0
0
0
0
0
0
0
0
0
0
0
0
0
0
0
0
0
0
0
0
0
0
0
0
0
0
0
0
0
0
0
0
0
0
0
0
0
0
0
0
0
0
0
0
0
0
0
0
0
0
0
0
0
0
0
0
0
0
0
0
0
0
0
0
0
0
0
0
0
0
0
0
0
0
0
0
0
0
0
0
0
0
0
0
0
0
0
0
0
0
0
0
0
0
0
0
0
0
0
0
0
0
0
0
0
0
0
0
0
0
0
0
0
0
0
0
0
0
0
0
0
0
0
0
0
0
0
0
0
0
0
0
0
0
0
0
0
0
0
0
0
0
0
0
0
0
0
0
0
0
0
0
0
0
0
0
0
0
0
0
0
0
0
0
0
0
0
0
0
0
0
0
0
0
0
0
0
0
0
0
0
0
0
0
0
0
0
0
0
0
0
0
0
0
0
0
0
0
0
0
0
0
0
0
0
0
0
0
0
0
0
0
0
0
0
0
0
0
0
0
0
0
0
0
0
0
0
0
0
0
0
0
0
0
0
0
0
0
0
0
0
0
0
0
0
0
0
0
0
0
0
0
0
0
0
0
0
0
0
0
0
0
0
0
0
0
0
0
0
0
0
0
0
0
0
0
0
0
0
0
0
0
0
0
0
0
0
0
0
0
0
0
0
0
0
0
0
0
0
0
0
0
0
0
0
0
0
0
0
0
0
0
0
0
0
0
0
0
0
0
0
0
0
0
0
0
0
0
0
0
0
0
0
0
0
0
0
0
0
0
0
0
0
0
0
0
0
0
0
0
0
0
0
0
0
0
0
0
0
0
0
0
0
0
0
0
0
0
0
0
0
0
0
0
0
0
0
0
0
0
0
0
0
0
0
0
0
0
0
0
0
0
0
0
0
0
0
0
0
0
0
0
0
0
0
0
0
0
0
0
0
0
0
0
0
0
0
0
0
0
0
0
