75.8166
75.8445
75.8723
75.9
75.9278
75.9555
75.9832
76.0108
76.0384
76.066
76.0936
76.1211
76.1486
76.1761
76.2035
76.2309
76.2583
76.2857
76.313
76.3403
76.3675
76.3948
76.422
76.4491
76.4763
76.5034
76.5305
76.5575
76.5845
76.6115
76.6385
76.6654
76.6923
76.7191
76.746
76.7728
76.7995
76.8263
76.853
76.8796
76.9063
76.9329
76.9595
76.986
77.0125
77.039
77.0655
77.0919
77.1183
77.1447
77.171
77.1973
77.2236
77.2498
77.276
77.3022
77.3283
77.3544
77.3805
77.4065
77.4325
77.4585
77.4845
77.5104
77.5363
77.5621
77.5879
77.6137
77.6395
77.6652
77.6909
77.7166
77.7422
77.7678
77.7933
77.8189
77.8444
77.8698
77.8953
77.9207
77.946
77.9714
77.9967
78.0219
78.0472
78.0724
78.0976
78.1227
78.1478
78.1729
78.1979
78.2229
78.2479
78.2728
78.2977
78.3226
78.3475
78.3723
78.397
78.4218
78.4465
78.4712
78.4958
78.5204
78.545
78.5696
78.5941
78.6185
78.643
78.6674
78.6918
78.7161
78.7404
78.7647
78.7889
78.8132
78.8373
78.8615
78.8856
78.9097
78.9337
78.9577
78.9817
79.0056
79.0295
79.0534
79.0772
79.101
79.1248
79.1485
79.1722
79.1959
79.2195
79.2431
79.2667
79.2902
79.3137
79.3372
79.3606
79.384
79.4074
79.4307
79.454
79.4773
79.5005
79.5237
79.5468
79.57
79.5931
79.6161
79.6391
79.6621
79.6851
79.708
79.7309
79.7537
79.7765
79.7993
79.8221
79.8448
79.8674
79.8901
79.9127
79.9353
79.9578
79.9803
80.0028
80.0252
80.0476
80.07
80.0923
80.1146
80.1369
80.1591
80.1813
80.2034
80.2256
80.2476
80.2697
80.2917
80.3137
80.3357
80.3576
80.3794
80.4013
80.4231
80.4449
80.4666
80.4883
80.51
80.5316
80.5533
80.5748
80.5964
80.6179
80.6393
80.6608
80.6822
80.7035
80.7248
80.7461
80.7674
80.7886
80.8098
80.831
80.8521
80.8732
80.8942
80.9152
80.9362
80.9572
80.9781
80.999
81.0198
81.0406
81.0614
81.0822
81.1029
81.1235
81.1442
81.1648
81.1854
81.2059
81.2264
81.2469
81.2673
81.2877
81.3081
81.3284
81.3487
81.369
81.3892
81.4094
81.4296
81.4497
81.4698
81.4899
81.5099
81.5299
81.5499
81.5698
81.5897
81.6096
81.6294
81.6492
81.669
81.6888
81.7085
81.7281
81.7478
81.7674
81.7869
81.8065
81.826
81.8455
81.8649
81.8843
81.9037
81.923
81.9424
81.9616
81.9809
82.0001
82.0193
82.0385
82.0576
82.0767
82.0958
82.1148
82.1338
82.1528
82.1717
82.1906
82.2095
82.2284
82.2472
82.266
82.2848
82.3035
82.3223
82.3409
82.3596
82.3783
82.3969
82.4155
82.434
82.4526
82.4711
82.4896
82.5081
82.5266
82.545
82.5634
82.5819
82.6003
82.6187
82.6371
82.6554
82.6738
82.6922
82.7106
82.729
82.7474
82.7658
82.7842
82.8027
82.8211
82.8396
82.8582
82.8768
82.8954
82.9141
82.9329
82.9517
82.9707
82.9897
83.0088
83.0281
83.0475
83.067
83.0868
83.1067
83.1268
83.1471
83.1676
83.1885
83.2096
83.231
83.2528
83.275
83.2976
83.3206
83.3441
83.3682
83.3928
83.418
83.4439
83.4705
83.4979
83.5261
83.5552
83.5853
83.6164
83.6486
83.682
83.7167
83.7528
83.7903
83.8294
83.8702
83.9128
83.9572
84.0037
84.0523
84.1032
84.1565
84.2125
84.2711
84.3327
84.3973
84.4651
84.5364
84.6113
84.69
84.7727
84.8597
84.9511
85.0472
85.1482
85.2544
85.366
85.4832
85.6064
85.7358
85.8716
86.0142
86.1639
86.3209
86.4855
86.6581
86.8389
87.0282
87.2265
87.4339
87.6508
87.8775
88.1143
88.3616
88.6196
88.8887
89.1692
89.4613
89.7654
90.0818
90.4107
90.7524
91.1072
91.4754
91.8571
92.2526
92.6621
93.0857
93.5238
93.9763
94.4436
94.9255
95.4224
95.9341
96.4608
97.0024
97.559
98.1305
98.7168
99.3178
99.9334
100.563
101.207
101.865
102.537
103.222
103.92
104.63
105.353
106.087
106.832
107.588
108.354
109.129
109.913
110.704
111.503
112.308
113.119
113.935
114.754
115.576
116.4
117.226
118.051
118.875
119.697
120.516
121.33
122.139
122.941
123.736
124.522
125.298
126.063
126.815
127.554
128.278
128.987
129.678
130.352
131.006
131.64
132.253
132.844
133.411
133.954
134.472
134.963
135.428
135.865
136.274
136.653
137.002
137.321
137.609
137.865
138.089
138.281
138.44
138.566
138.659
138.718
138.744
138.737
138.696
138.623
138.516
138.376
138.204
138
137.764
137.496
137.198
136.87
136.513
136.127
135.712
135.271
134.803
134.31
133.792
133.25
132.686
132.1
131.494
130.868
130.224
129.563
128.885
128.193
127.486
126.767
126.037
125.296
124.546
123.788
123.023
122.252
121.477
120.698
119.917
119.134
118.351
117.569
116.789
116.011
115.237
114.467
113.703
112.945
112.194
111.451
110.716
109.991
109.275
108.57
107.876
107.194
106.523
105.865
105.221
104.589
103.971
103.367
102.778
102.202
101.642
101.096
100.566
100.05
99.5494
99.0639
98.5937
98.1385
97.6984
97.2734
96.8632
96.4678
96.087
95.7206
95.3686
95.0306
94.7065
94.396
94.099
93.815
93.544
93.2855
93.0393
92.8052
92.5827
92.3717
92.1718
91.9828
91.8042
91.6357
91.4772
91.3282
91.1884
91.0576
90.9354
90.8215
90.7156
90.6174
90.5267
90.4431
90.3664
90.2962
90.2324
90.1747
90.1227
90.0763
90.0352
89.9991
89.9679
89.9414
89.9192
89.9012
89.8873
89.8772
89.8707
89.8676
89.8679
89.8713
89.8776
89.8868
89.8987
89.9131
89.9299
89.949
89.9703
89.9936
90.019
90.0462
90.0751
90.1058
90.138
90.1718
90.207
90.2435
90.2814
90.3205
90.3608
90.4023
90.4448
90.4884
90.5329
90.5784
90.6248
90.6721
90.7202
90.7691
90.8188
90.8693
90.9204
90.9723
91.0249
91.0781
91.132
91.1865
91.2416
91.2974
91.3537
91.4106
91.468
91.526
91.5846
91.6437
91.7034
91.7636
91.8243
91.8855
91.9473
92.0096
92.0723
92.1356
92.1994
92.2637
92.3285
92.3938
92.4596
92.526
92.5928
92.6601
92.7279
92.7962
92.8651
92.9344
93.0042
93.0746
93.1455
93.2168
93.2887
93.3611
93.434
93.5074
93.5813
93.6558
93.7308
93.8063
93.8823
93.9589
94.0359
94.1136
94.1917
94.2704
94.3496
94.4294
94.5097
94.5905
94.6719
94.7538
94.8363
94.9194
95.003
95.0871
95.1718
95.2571
95.3429
95.4293
95.5163
95.6038
95.6919
95.7805
95.8698
95.9596
96.05
96.141
96.2325
96.3247
96.4174
96.5107
96.6046
96.6991
96.7941
96.8898
96.9861
97.0829
97.1804
97.2785
97.3771
97.4764
97.5763
97.6767
97.7778
97.8795
97.9818
98.0847
98.1882
98.2924
98.3971
98.5025
98.6085
98.7151
98.8223
98.9302
99.0386
99.1477
99.2575
99.3678
99.4788
99.5904
99.7026
99.8154
99.9289
100.043
100.158
100.273
100.389
100.506
100.623
100.741
100.86
100.979
101.098
101.219
101.34
101.462
101.584
101.707
101.831
101.955
102.08
102.205
102.332
102.458
102.586
102.714
102.843
102.972
103.102
103.233
103.364
103.496
103.628
103.761
103.895
104.03
104.165
104.3
104.437
104.574
104.711
104.849
104.988
105.128
105.268
105.409
105.55
105.692
105.834
105.978
106.121
106.266
106.411
106.557
106.703
106.85
106.997
107.145
107.294
107.443
107.593
107.744
107.895
108.046
108.199
108.352
108.505
108.659
108.814
108.969
109.125
109.281
109.438
109.595
109.753
109.912
110.071
110.231
110.391
110.552
110.714
110.876
111.038
111.201
111.365
111.529
111.693
111.859
112.024
112.191
112.357
112.525
112.692
112.861
113.029
113.199
113.368
113.539
113.709
113.881
114.052
114.224
114.397
114.57
114.744
114.918
115.092
115.267
115.442
115.618
115.794
115.971
116.148
116.325
116.503
116.682
116.86
117.039
117.219
117.399
117.579
117.76
117.941
118.122
118.304
118.486
118.668
118.851
119.034
119.217
119.401
119.585
119.769
119.954
120.139
120.324
120.51
120.695
120.881
121.068
121.254
121.441
121.628
121.816
122.003
122.191
122.379
122.567
122.755
122.944
123.133
123.322
123.511
123.7
123.89
124.079
124.269
124.459
124.649
124.839
125.029
125.22
125.41
125.601
125.791
125.982
126.173
126.364
126.555
126.746
126.937
127.128
127.319
127.51
127.701
127.892
128.083
128.274
128.465
128.656
128.846
129.037
129.228
129.419
129.609
129.8
129.99
130.18
130.371
130.561
130.751
130.94
131.13
131.319
131.509
131.698
131.887
132.075
132.264
132.452
132.64
132.828
133.016
133.203
133.39
133.577
133.763
133.95
134.135
134.321
134.506
134.691
134.876
135.06
135.244
135.428
135.611
135.794
135.976
136.158
136.339
136.521
136.701
136.882
137.061
137.241
137.42
137.598
137.776
137.953
138.13
138.307
138.482
138.658
138.832
139.007
139.18
139.353
139.526
139.698
139.869
140.039
140.209
140.379
140.547
140.716
140.883
141.05
141.216
141.381
141.546
141.71
141.873
142.035
142.197
142.358
142.518
142.678
142.836
142.994
143.151
143.307
143.463
143.617
143.771
143.924
144.076
144.227
144.378
144.527
144.676
144.824
144.97
145.116
145.261
145.405
145.548
145.69
145.831
145.971
146.111
146.249
146.386
146.522
146.657
146.791
146.925
147.057
147.188
147.318
147.446
147.574
147.701
147.827
147.951
148.075
148.197
148.318
148.438
148.557
148.675
148.792
148.907
149.021
149.135
149.247
149.357
149.467
149.575
149.682
149.788
149.893
149.996
150.099
150.2
150.299
150.398
150.495
150.591
150.686
150.779
150.871
150.962
151.051
151.139
151.226
151.312
151.396
151.479
151.56
151.64
151.719
151.797
151.873
151.948
152.021
152.093
152.163
152.233
152.3
152.367
152.432
152.495
152.558
152.618
152.678
152.736
152.792
152.847
152.901
152.953
153.004
153.053
153.101
153.147
153.192
153.235
153.277
153.318
153.357
153.394
153.431
153.465
153.498
153.53
153.56
153.589
153.616
153.642
153.666
153.688
153.71
153.729
153.747
153.764
153.779
153.793
153.805
153.816
153.825
153.832
153.839
153.843
153.846
153.848
153.848
153.846
153.843
153.839
153.833
153.825
153.816
153.806
153.794
153.78
153.765
153.749
153.73
153.711
153.69
153.667
153.643
153.617
153.59
153.562
153.532
153.5
153.467
153.432
153.396
153.359
153.32
153.279
153.237
153.194
153.149
153.102
153.054
153.005
152.954
152.902
152.848
152.793
152.736
152.678
152.619
152.558
152.496
152.432
152.367
152.3
152.232
152.163
152.092
152.02
151.946
151.871
151.795
151.717
151.638
151.558
151.476
151.393
151.308
151.223
151.135
151.047
150.957
150.866
150.774
150.68
150.585
150.489
150.391
150.292
150.192
150.091
149.988
149.884
149.779
149.673
149.566
149.457
149.347
149.236
149.124
149.01
148.896
148.78
148.663
148.545
148.426
148.305
148.184
148.061
147.938
147.813
147.687
147.56
147.432
147.303
147.173
147.042
146.91
146.777
146.643
146.508
146.372
146.235
146.097
145.958
145.818
145.677
145.535
145.393
145.249
145.105
144.959
144.813
144.666
144.518
144.37
144.22
144.07
143.919
143.767
143.614
143.46
143.306
143.151
142.996
142.839
142.682
142.524
142.366
142.207
142.047
141.886
141.725
141.564
141.401
141.238
141.075
140.911
140.746
140.581
140.415
140.249
140.082
139.915
139.747
139.579
139.41
139.241
139.071
138.901
138.731
138.56
138.389
138.218
138.046
137.873
137.701
137.528
137.355
137.181
137.007
136.833
136.659
136.484
136.31
136.135
135.959
135.784
135.608
135.433
135.257
135.081
134.905
134.728
134.552
134.376
134.199
134.022
133.846
133.669
133.492
133.316
133.139
132.962
132.786
132.609
132.433
132.256
132.08
131.904
131.727
131.551
131.375
131.2
131.024
130.849
130.673
130.498
130.324
130.149
129.975
129.8
129.627
129.453
129.28
129.107
128.934
128.762
128.59
128.418
128.247
128.076
127.905
127.735
127.565
127.396
127.227
127.058
126.89
126.723
126.556
126.389
126.223
126.058
125.892
125.728
125.564
125.401
125.238
125.076
124.914
124.753
124.592
124.433
124.273
124.115
123.957
123.8
123.643
123.487
123.332
123.178
123.024
122.871
122.719
122.567
122.416
122.266
122.117
121.968
121.821
121.674
121.528
121.382
121.238
121.094
120.952
120.81
120.669
120.528
120.389
120.251
120.113
119.977
119.841
119.706
119.572
119.439
119.307
119.176
119.046
118.917
118.788
118.661
118.535
118.41
118.285
118.162
118.04
117.918
117.798
117.679
117.56
117.443
117.327
117.212
117.098
116.985
116.873
116.762
116.652
116.543
116.435
116.328
116.223
116.118
116.015
115.912
115.811
115.711
115.611
115.513
115.416
115.321
115.226
115.132
115.04
114.948
114.858
114.769
114.681
114.594
114.508
114.423
114.339
114.257
114.175
114.095
114.016
113.938
113.861
113.785
113.71
113.637
113.564
113.493
113.422
113.353
113.285
113.218
113.152
113.088
113.024
112.961
112.9
112.84
112.78
112.722
112.665
112.609
112.554
112.5
112.447
112.395
112.345
112.295
112.247
112.199
112.153
112.107
112.063
112.019
111.977
111.936
111.895
111.856
111.817
111.78
111.744
111.708
111.674
111.641
111.608
111.577
111.546
111.516
111.488
111.46
111.433
111.407
111.382
111.358
111.335
111.312
111.291
111.27
111.251
111.232
111.213
111.196
111.18
111.164
111.149
111.135
111.122
111.109
111.098
111.087
111.076
111.067
111.058
111.05
111.042
111.036
111.03
111.024
111.02
111.015
111.012
111.009
111.007
111.005
111.004
111.004
111.004
111.005
111.006
111.007
111.01
111.012
111.016
111.019
111.023
111.028
111.033
111.038
111.044
111.051
111.057
111.064
111.072
111.079
111.088
111.096
111.105
111.114
111.123
111.133
111.142
111.152
111.163
111.173
111.184
111.195
111.206
111.217
111.229
111.24
111.252
111.263
111.275
111.287
111.299
111.311
111.323
111.335
111.347
111.359
111.371
111.383
111.395
111.407
111.419
111.431
111.442
111.454
111.465
111.476
111.487
111.498
111.509
111.519
111.53
111.54
111.549
111.559
111.568
111.577
111.586
111.594
111.602
111.61
111.617
111.624
111.631
111.637
111.643
111.648
111.653
111.657
111.661
111.665
111.668
111.67
111.672
111.674
111.675
111.675
111.675
111.674
111.673
111.671
111.669
111.666
111.662
111.657
111.652
111.647
111.64
111.633
111.625
111.617
111.607
111.597
111.587
111.575
111.563
111.55
111.536
111.521
111.506
111.489
111.472
111.454
111.435
111.416
111.395
111.374
111.351
111.328
111.304
111.279
111.253
111.226
111.198
111.169
111.14
111.109
111.077
111.045
111.011
110.976
110.941
110.904
110.866
110.827
110.788
110.747
110.705
110.662
110.618
110.573
110.527
110.48
110.432
110.382
110.332
110.28
110.228
110.174
110.119
110.063
110.006
109.948
109.889
109.828
109.767
109.704
109.64
109.575
109.509
109.442
109.373
109.304
109.233
109.161
109.088
109.014
108.939
108.862
108.785
108.706
108.626
108.545
108.462
108.379
108.294
108.208
108.121
108.033
107.944
107.854
107.762
107.669
107.575
107.48
107.384
107.286
107.188
107.088
106.987
106.885
106.782
106.678
106.572
106.466
106.358
106.249
106.139
106.028
105.916
105.803
105.688
105.573
105.456
105.338
105.22
105.1
104.979
104.857
104.734
104.609
104.484
104.358
104.23
104.102
103.972
103.842
103.71
103.578
103.444
103.31
103.174
103.038
102.9
102.762
102.622
102.482
102.34
102.198
102.055
101.91
101.765
101.619
101.472
101.324
101.175
101.026
100.875
100.724
100.571
100.418
100.264
100.11
99.9539
99.7974
99.6402
99.4821
99.3233
99.1636
99.0033
98.8421
98.6802
98.5176
98.3542
98.1901
98.0253
97.8599
97.6937
97.5268
97.3593
97.1911
97.0223
96.8528
96.6827
96.512
96.3406
96.1687
95.9962
95.8231
95.6495
95.4753
95.3005
95.1253
94.9495
94.7732
94.5964
94.4191
94.2413
94.063
93.8844
93.7052
93.5256
93.3456
93.1652
92.9844
92.8032
92.6216
92.4397
92.2574
92.0747
91.8918
91.7084
91.5248
91.3409
91.1567
90.9722
90.7874
90.6024
90.4171
90.2316
90.0459
89.86
89.6738
89.4875
89.301
89.1143
88.9275
88.7405
88.5534
88.3661
88.1787
87.9913
87.8037
87.616
87.4283
87.2405
87.0527
86.8648
86.6768
86.4889
86.301
86.113
85.9251
85.7371
85.5492
85.3614
85.1736
84.9858
84.7981
84.6105
84.423
84.2356
84.0483
83.8611
83.6741
83.4872
83.3004
83.1138
82.9273
82.741
82.5549
82.369
82.1833
81.9978
81.8125
81.6275
81.4427
81.2581
81.0738
80.8897
80.7059
80.5224
80.3392
80.1563
79.9737
79.7913
79.6093
79.4277
79.2463
79.0653
78.8847
78.7044
78.5245
78.3449
78.1657
77.9869
77.8085
77.6305
77.4529
77.2758
77.099
76.9226
76.7467
76.5713
76.3962
76.2217
76.0475
75.8739
75.7007
75.528
75.3558
75.184
75.0128
74.842
74.6717
74.502
74.3328
74.164
73.9958
73.8282
73.661
73.4944
73.3284
73.1629
72.9979
72.8335
72.6697
72.5064
72.3437
72.1815
72.02
71.859
71.6986
71.5387
71.3795
71.2209
71.0628
70.9054
70.7485
70.5923
70.4366
70.2816
70.1272
69.9734
69.8203
69.6677
69.5158
69.3645
69.2138
69.0638
68.9144
68.7656
68.6175
68.47
68.3231
68.1769
68.0313
67.8864
67.7421
67.5985
67.4555
67.3132
67.1715
67.0305
66.8901
66.7504
66.6113
66.4729
66.3351
66.198
66.0616
65.9258
65.7907
65.6562
65.5224
65.3892
65.2567
65.1249
64.9937
64.8631
64.7333
64.6041
64.4755
64.3476
64.2204
64.0938
63.9678
63.8425
63.7179
63.5939
63.4706
63.3479
63.2259
63.1045
62.9838
62.8637
62.7442
62.6254
62.5073
62.3898
62.2729
62.1566
62.041
61.9261
61.8117
61.698
61.5849
61.4725
61.3607
61.2495
61.1389
61.0289
60.9196
60.8108
60.7027
60.5952
60.4883
60.382
60.2764
60.1713
60.0668
59.9629
59.8596
59.7569
59.6548
59.5533
59.4524
59.352
59.2523
59.1531
59.0545
58.9564
58.8589
58.762
58.6657
58.5699
58.4747
58.38
58.2859
58.1923
58.0993
58.0068
57.9149
57.8235
57.7326
57.6423
57.5525
57.4632
57.3745
57.2863
57.1985
57.1113
57.0246
56.9384
56.8528
56.7676
56.6829
56.5987
56.515
56.4318
56.3491
56.2668
56.1851
56.1038
56.0229
55.9426
55.8627
55.7833
55.7043
55.6258
55.5477
55.4701
55.393
55.3163
55.24
55.1641
55.0887
55.0137
54.9392
54.865
54.7913
54.718
54.6451
54.5726
54.5006
54.4289
54.3576
54.2867
54.2163
54.1462
54.0765
54.0071
53.9382
53.8696
53.8014
53.7336
53.6662
53.5991
53.5323
53.466
53.3999
53.3343
53.269
53.204
53.1393
53.075
53.0111
52.9475
52.8842
52.8212
52.7585
52.6962
52.6342
52.5725
52.5111
52.45
52.3893
52.3288
52.2686
52.2087
52.1492
52.0899
52.0309
51.9721
51.9137
51.8555
51.7976
51.74
51.6827
51.6256
51.5688
51.5122
51.456
51.3999
51.3441
51.2886
51.2333
51.1783
51.1235
51.069
51.0146
50.9606
50.9067
50.8531
50.7997
50.7465
50.6936
50.6409
50.5884
50.5361
50.484
50.4321
50.3805
50.329
50.2778
50.2267
50.1759
50.1252
50.0748
50.0245
49.9744
49.9245
49.8748
49.8253
49.7759
49.7268
49.6778
49.629
49.5803
49.5318
49.4835
49.4354
49.3874
49.3396
49.2919
49.2444
49.1971
49.1499
49.1029
49.056
49.0093
48.9627
48.9162
48.8699
48.8238
48.7777
48.7318
48.6861
48.6405
48.595
48.5496
48.5044
48.4593
48.4144
48.3695
48.3248
48.2802
48.2357
48.1913
48.1471
48.1029
48.0589
48.015
47.9712
47.9275
47.8839
47.8404
47.797
47.7538
47.7106
47.6675
47.6246
47.5817
47.5389
47.4962
47.4536
47.4111
47.3687
47.3264
47.2842
47.242
47.2
47.158
47.1161
47.0743
47.0326
46.9909
46.9494
46.9079
46.8665
46.8252
46.7839
46.7427
46.7016
46.6606
46.6196
46.5787
46.5379
46.4971
46.4564
46.4158
46.3753
46.3348
46.2943
46.254
46.2137
46.1734
46.1332
46.0931
46.053
46.013
45.9731
45.9332
45.8934
45.8536
45.8138
45.7742
45.7345
45.695
45.6554
45.616
45.5765
45.5372
45.4978
45.4585
45.4193
45.3801
45.341
45.3019
45.2628
45.2238
45.1849
45.1459
45.1071
45.0682
45.0294
44.9907
44.952
44.9133
44.8746
44.836
44.7975
44.759
44.7205
44.682
44.6436
44.6052
44.5669
44.5286
44.4903
44.452
44.4138
44.3757
44.3375
44.2994
44.2613
44.2233
44.1852
44.1473
44.1093
44.0714
44.0335
43.9956
43.9578
43.9199
43.8821
43.8444
43.8067
43.769
43.7313
43.6936
43.656
43.6184
43.5808
43.5433
43.5058
43.4683
43.4308
43.3933
43.3559
43.3185
43.2811
43.2438
43.2064
43.1691
43.1318
43.0946
43.0573
43.0201
42.9829
42.9457
42.9086
42.8714
42.8343
42.7972
42.7601
42.7231
42.6861
42.649
42.612
42.5751
42.5381
42.5012
42.4643
42.4274
42.3905
42.3536
42.3168
42.28
42.2431
42.2064
42.1696
42.1328
42.0961
42.0594
42.0227
41.986
41.9493
41.9127
41.8761
41.8395
41.8029
41.7663
41.7297
41.6932
41.6566
41.6201
41.5836
41.5471
41.5107
41.4742
41.4378
41.4014
41.365
41.3286
41.2922
41.2559
41.2195
41.1832
41.1469
41.1106
41.0743
41.0381
41.0018
40.9656
40.9294
40.8932
40.857
40.8208
40.7846
40.7485
40.7124
40.6762
40.6401
40.6041
40.568
40.5319
40.4959
40.4599
40.4239
40.3879
40.3519
40.3159
40.28
40.244
40.2081
40.1722
40.1363
40.1004
40.0645
40.0287
39.9928
39.957
39.9212
39.8854
39.8496
39.8139
39.7781
39.7424
39.7066
39.6709
39.6352
39.5995
39.5639
39.5282
39.4926
39.4569
39.4213
39.3857
39.3501
39.3146
39.279
39.2435
39.2079
39.1724
39.1369
39.1014
39.0659
39.0305
38.995
38.9596
38.9242
38.8888
38.8534
38.818
38.7827
38.7473
38.712
38.6767
38.6413
38.6061
38.5708
38.5355
38.5003
38.465
38.4298
38.3946
38.3594
38.3242
38.2891
38.2539
38.2188
38.1837
38.1486
38.1135
38.0784
38.0433
38.0083
37.9732
37.9382
37.9032
37.8682
37.8332
37.7983
37.7633
37.7284
37.6935
37.6586
37.6237
37.5888
37.5539
37.5191
37.4843
37.4494
37.4146
37.3798
37.3451
37.3103
37.2756
37.2408
37.2061
37.1714
37.1367
37.1021
37.0674
37.0328
36.9981
36.9635
36.9289
36.8943
36.8598
36.8252
36.7907
36.7562
36.7217
36.6872
36.6527
36.6182
36.5838
36.5494
36.5149
36.4805
36.4461
36.4118
36.3774
36.3431
36.3088
36.2744
36.2402
36.2059
36.1716
36.1374
36.1031
36.0689
36.0347
36.0005
35.9664
35.9322
35.8981
35.8639
35.8298
35.7957
35.7617
35.7276
35.6936
35.6595
35.6255
35.5915
35.5575
35.5236
35.4896
35.4557
35.4218
35.3879
35.354
35.3201
35.2863
35.2524
35.2186
35.1848
35.151
35.1172
35.0835
35.0497
35.016
34.9823
34.9486
34.9149
34.8813
34.8476
34.814
34.7804
34.7468
34.7132
34.6797
34.6461
34.6126
34.5791
34.5456
34.5121
34.4786
34.4452
34.4118
34.3784
34.345
34.3116
34.2782
34.2449
34.2116
34.1782
34.145
34.1117
34.0784
34.0452
34.0119
33.9787
33.9455
33.9124
33.8792
33.8461
33.813
33.7798
33.7468
33.7137
33.6806
33.6476
33.6146
33.5816
33.5486
33.5156
33.4827
33.4497
33.4168
33.3839
33.351
33.3182
33.2853
33.2525
33.2197
33.1869
33.1541
33.1214
33.0886
33.0559
33.0232
32.9905
32.9578
32.9252
32.8925
32.8599
32.8273
32.7947
32.7622
32.7296
32.6971
32.6646
32.6321
32.5996
32.5672
32.5347
32.5023
32.4699
32.4375
32.4052
32.3728
32.3405
32.3082
32.2759
32.2436
32.2114
32.1791
32.1469
32.1147
32.0825
32.0504
32.0182
31.9861
31.954
31.9219
31.8898
31.8578
31.8258
31.7937
31.7617
31.7298
31.6978
31.6659
31.6339
31.602
31.5702
31.5383
31.5064
31.4746
31.4428
31.411
31.3792
31.3475
31.3158
31.284
31.2523
31.2207
31.189
31.1574
31.1258
31.0942
31.0626
31.031
30.9995
30.9679
30.9364
30.905
30.8735
30.842
30.8106
30.7792
30.7478
30.7165
30.6851
30.6538
30.6225
30.5912
30.5599
30.5286
30.4974
30.4662
30.435
30.4038
30.3727
30.3415
30.3104
30.2793
30.2482
30.2172
30.1862
30.1551
30.1241
30.0932
30.0622
30.0313
30.0003
29.9694
29.9386
29.9077
29.8769
29.8461
29.8153
29.7845
29.7537
29.723
29.6923
29.6616
29.6309
29.6002
29.5696
29.539
29.5084
29.4778
29.4472
29.4167
29.3862
29.3557
29.3252
29.2948
29.2643
29.2339
29.2035
29.1731
29.1428
29.1124
29.0821
29.0518
29.0216
28.9913
28.9611
28.9309
28.9007
28.8705
28.8404
28.8102
28.7801
28.7501
28.72
28.6899
28.6599
28.6299
28.5999
28.57
28.54
28.5101
28.4802
28.4503
28.4205
28.3906
28.3608
28.331
28.3013
28.2715
28.2418
28.2121
28.1824
28.1527
28.1231
28.0934
28.0638
28.0342
28.0047
27.9751
27.9456
27.9161
27.8866
27.8572
27.8277
27.7983
27.7689
27.7396
27.7102
27.6809
27.6516
27.6223
27.593
27.5638
27.5346
27.5054
27.4762
27.447
27.4179
27.3888
27.3597
27.3306
27.3016
27.2726
27.2436
27.2146
27.1856
27.1567
27.1278
27.0989
27.07
27.0411
27.0123
26.9835
26.9547
26.9259
26.8972
26.8685
26.8398
26.8111
26.7824
26.7538
26.7252
26.6966
26.668
26.6395
26.611
26.5825
26.554
26.5255
26.4971
26.4687
26.4403
26.4119
26.3836
26.3553
26.327
26.2987
26.2704
26.2422
26.214
26.1858
26.1576
26.1295
26.1014
26.0733
26.0452
26.0171
25.9891
25.9611
25.9331
25.9051
25.8772
25.8493
25.8214
25.7935
25.7656
25.7378
25.71
25.6822
25.6545
25.6267
25.599
25.5713
25.5436
25.516
25.4884
25.4608
25.4332
25.4056
25.3781
25.3506
25.3231
25.2956
25.2682
25.2408
25.2134
25.186
25.1587
25.1313
25.104
25.0767
25.0495
25.0223
24.995
24.9679
24.9407
24.9135
24.8864
24.8593
24.8323
24.8052
24.7782
24.7512
24.7242
24.6972
24.6703
24.6434
24.6165
24.5896
24.5628
24.536
24.5092
24.4824
24.4557
24.429
24.4023
24.3756
24.3489
24.3223
24.2957
24.2691
24.2426
24.216
24.1895
24.163
24.1366
24.1101
24.0837
24.0573
24.0309
24.0046
23.9783
23.952
23.9257
23.8994
23.8732
23.847
23.8208
23.7947
23.7685
23.7424
23.7163
23.6903
23.6643
23.6382
23.6123
23.5863
23.5603
23.5344
23.5085
23.4827
23.4568
23.431
23.4052
23.3794
23.3537
23.328
23.3023
23.2766
23.2509
23.2253
23.1997
23.1741
23.1486
23.123
23.0975
23.072
23.0466
23.0211
22.9957
22.9703
22.945
22.9196
22.8943
22.869
22.8438
22.8185
22.7933
22.7681
22.743
22.7178
22.6927
22.6676
22.6425
22.6175
22.5925
22.5675
22.5425
22.5176
22.4926
22.4677
22.4429
22.418
22.3932
22.3684
22.3436
22.3189
22.2942
22.2695
22.2448
22.2201
22.1955
22.1709
22.1463
22.1218
22.0972
22.0727
22.0483
22.0238
21.9994
21.975
21.9506
21.9262
21.9019
21.8776
21.8533
21.8291
21.8049
21.7806
21.7565
21.7323
21.7082
21.6841
21.66
21.636
21.6119
21.5879
21.5639
21.54
21.5161
21.4922
21.4683
21.4444
21.4206
21.3968
21.373
21.3493
21.3255
21.3018
21.2782
21.2545
21.2309
21.2073
21.1837
21.1602
21.1366
21.1131
21.0897
21.0662
21.0428
21.0194
20.996
20.9727
20.9493
20.926
20.9028
20.8795
20.8563
20.8331
20.8099
20.7868
20.7637
20.7406
20.7175
20.6945
20.6715
20.6485
20.6255
20.6026
20.5797
20.5568
20.5339
20.5111
20.4883
20.4655
20.4427
20.42
20.3973
20.3746
20.3519
20.3293
20.3067
20.2841
20.2616
20.239
20.2165
20.194
20.1716
20.1492
20.1268
20.1044
20.082
20.0597
20.0374
20.0152
19.9929
19.9707
19.9485
19.9263
19.9042
19.8821
19.86
19.8379
19.8159
19.7939
19.7719
19.7499
19.728
19.7061
19.6842
19.6624
19.6405
19.6187
19.597
19.5752
19.5535
19.5318
19.5101
19.4885
19.4669
19.4453
19.4237
19.4022
19.3806
19.3591
19.3377
19.3163
19.2948
19.2735
19.2521
19.2308
19.2095
19.1882
19.1669
19.1457
19.1245
19.1033
19.0822
19.0611
19.04
19.0189
18.9979
18.9769
18.9559
18.9349
18.914
18.8931
18.8722
18.8513
18.8305
18.8097
18.7889
18.7682
18.7474
18.7267
18.7061
18.6854
18.6648
18.6442
18.6237
18.6031
18.5826
18.5621
18.5417
18.5212
18.5008
18.4805
18.4601
18.4398
18.4195
18.3992
18.379
18.3588
18.3386
18.3184
18.2983
18.2781
18.2581
18.238
18.218
18.198
18.178
18.158
18.1381
18.1182
18.0984
18.0785
18.0587
18.0389
18.0191
17.9994
17.9797
17.96
17.9404
17.9207
17.9011
17.8816
17.862
17.8425
17.823
17.8035
17.7841
17.7647
17.7453
17.7259
17.7066
17.6873
17.668
17.6488
17.6295
17.6103
17.5912
17.572
17.5529
17.5338
17.5148
17.4957
17.4767
17.4577
17.4388
17.4199
17.401
17.3821
17.3633
17.3444
17.3256
17.3069
17.2881
17.2694
17.2508
17.2321
17.2135
17.1949
17.1763
17.1578
17.1392
17.1207
17.1023
17.0838
17.0654
17.047
17.0287
17.0104
16.9921
16.9738
16.9555
16.9373
16.9191
16.901
16.8828
16.8647
16.8466
16.8286
16.8106
16.7926
16.7746
16.7566
16.7387
16.7208
16.703
16.6851
16.6673
16.6495
16.6318
16.6141
16.5964
16.5787
16.561
16.5434
16.5258
16.5083
16.4907
16.4732
16.4558
16.4383
16.4209
16.4035
16.3861
16.3688
16.3515
16.3342
16.3169
16.2997
16.2825
16.2653
16.2481
16.231
16.2139
16.1969
16.1798
16.1628
16.1458
16.1289
16.1119
16.095
16.0782
16.0613
16.0445
16.0277
16.011
15.9942
15.9775
15.9608
15.9442
15.9275
15.911
15.8944
15.8778
15.8613
15.8448
15.8284
15.8119
15.7955
15.7792
15.7628
15.7465
15.7302
15.7139
15.6977
15.6815
15.6653
15.6492
15.633
15.6169
15.6009
15.5848
15.5688
15.5528
15.5368
15.5209
15.505
15.4891
15.4733
15.4575
15.4417
15.4259
15.4102
15.3944
15.3788
15.3631
15.3475
15.3319
15.3163
15.3008
15.2853
15.2698
15.2543
15.2389
15.2235
15.2081
15.1927
15.1774
15.1621
15.1469
15.1316
15.1164
15.1012
15.0861
15.0709
15.0558
15.0408
15.0257
15.0107
14.9957
14.9808
14.9658
14.9509
14.9361
14.9212
14.9064
14.8916
14.8768
14.8621
14.8474
14.8327
14.8181
14.8034
14.7888
14.7743
14.7597
14.7452
14.7307
14.7163
14.7018
14.6874
14.6731
14.6587
14.6444
14.6301
14.6158
14.6016
14.5874
14.5732
14.5591
14.545
14.5309
14.5168
14.5028
14.4887
14.4748
14.4608
14.4469
14.433
14.4191
14.4053
14.3915
14.3777
14.3639
14.3502
14.3365
14.3228
14.3091
14.2955
14.2819
14.2684
14.2548
14.2413
14.2278
14.2144
14.201
14.1876
14.1742
14.1609
14.1476
14.1343
14.121
14.1078
14.0946
14.0814
14.0683
14.0551
14.0421
14.029
14.016
14.003
13.99
13.977
13.9641
13.9512
13.9384
13.9255
13.9127
13.8999
13.8872
13.8744
13.8617
13.8491
13.8364
13.8238
13.8112
13.7987
13.7861
13.7736
13.7612
13.7487
13.7363
13.7239
13.7116
13.6992
13.6869
13.6746
13.6624
13.6502
13.638
13.6258
13.6137
13.6015
13.5895
13.5774
13.5654
13.5534
13.5414
13.5295
13.5175
13.5057
13.4938
13.482
13.4702
13.4584
13.4466
13.4349
13.4232
13.4116
13.3999
13.3883
13.3767
13.3652
13.3536
13.3421
13.3307
13.3192
13.3078
13.2964
13.2851
13.2737
13.2624
13.2512
13.2399
13.2287
13.2175
13.2063
13.1952
13.1841
13.173
13.162
13.1509
13.1399
13.129
13.118
13.1071
13.0962
13.0854
13.0745
13.0637
13.0529
13.0422
13.0315
13.0208
13.0101
12.9995
12.9889
12.9783
12.9677
12.9572
12.9467
12.9362
12.9258
12.9154
12.905
12.8946
12.8843
12.874
12.8637
12.8535
12.8433
12.8331
12.8229
12.8128
12.8026
12.7926
12.7825
12.7725
12.7625
12.7525
12.7426
12.7326
12.7227
12.7129
12.703
12.6932
12.6835
12.6737
12.664
12.6543
12.6446
12.635
12.6253
12.6158
12.6062
12.5967
12.5872
12.5777
12.5682
12.5588
12.5494
12.54
12.5307
12.5214
12.5121
12.5028
12.4936
12.4844
12.4752
12.4661
12.457
12.4479
12.4388
12.4298
12.4208
12.4118
12.4028
12.3939
12.385
12.3761
12.3673
12.3584
12.3496
12.3409
12.3321
12.3234
12.3147
12.3061
12.2974
12.2888
12.2803
12.2717
12.2632
12.2547
12.2462
12.2378
12.2294
12.221
12.2126
12.2043
12.196
12.1877
12.1795
12.1712
12.1631
12.1549
12.1467
12.1386
12.1305
12.1225
12.1144
12.1064
12.0985
12.0905
12.0826
12.0747
12.0668
12.059
12.0511
12.0433
12.0356
12.0278
12.0201
12.0124
12.0048
11.9972
11.9896
11.982
11.9744
11.9669
11.9594
11.9519
11.9445
11.9371
11.9297
11.9223
11.915
11.9077
11.9004
11.8931
11.8859
11.8787
11.8715
11.8644
11.8573
11.8502
11.8431
11.8361
11.829
11.822
11.8151
11.8081
11.8012
11.7943
11.7875
11.7807
11.7739
11.7671
11.7603
11.7536
11.7469
11.7402
11.7336
11.727
11.7204
11.7138
11.7073
11.7007
11.6943
11.6878
11.6814
11.6749
11.6686
11.6622
11.6559
11.6496
11.6433
11.637
11.6308
11.6246
11.6184
11.6123
11.6062
11.6001
11.594
11.588
11.5819
11.5759
11.57
11.564
11.5581
11.5522
11.5464
11.5405
11.5347
11.5289
11.5232
11.5174
11.5117
11.5061
11.5004
11.4948
11.4892
11.4836
11.478
11.4725
11.467
11.4615
11.4561
11.4507
11.4453
11.4399
11.4345
11.4292
11.4239
11.4186
11.4134
11.4082
11.403
11.3978
11.3927
11.3876
11.3825
11.3774
11.3723
11.3673
11.3623
11.3574
11.3524
11.3475
11.3426
11.3378
11.3329
11.3281
11.3233
11.3186
11.3138
11.3091
11.3044
11.2997
11.2951
11.2905
11.2859
11.2813
11.2768
11.2723
11.2678
11.2633
11.2589
11.2545
11.2501
11.2457
11.2414
11.2371
11.2328
11.2285
11.2243
11.2201
11.2159
11.2117
11.2076
11.2034
11.1993
11.1953
11.1912
11.1872
11.1832
11.1792
11.1753
11.1714
11.1675
11.1636
11.1598
11.1559
11.1521
11.1484
11.1446
11.1409
11.1372
11.1335
11.1298
11.1262
11.1226
11.119
11.1155
11.1119
11.1084
11.1049
11.1015
11.098
11.0946
11.0912
11.0879
11.0845
11.0812
11.0779
11.0747
11.0714
11.0682
11.065
11.0618
11.0587
11.0555
11.0524
11.0494
11.0463
11.0433
11.0403
11.0373
11.0343
11.0314
11.0285
11.0256
11.0227
11.0199
11.017
11.0142
11.0115
11.0087
11.006
11.0033
11.0006
10.9979
10.9953
10.9927
10.9901
10.9875
10.985
10.9825
10.98
10.9775
10.9751
10.9726
10.9702
10.9678
10.9655
10.9631
10.9608
10.9585
10.9563
10.954
10.9518
10.9496
10.9474
10.9453
10.9431
10.941
10.9389
10.9369
10.9348
10.9328
10.9308
10.9288
10.9269
10.925
10.923
10.9212
10.9193
10.9175
10.9156
10.9138
10.9121
10.9103
10.9086
10.9069
10.9052
10.9035
10.9019
10.9003
10.8987
10.8971
10.8955
10.894
10.8925
10.891
10.8895
10.8881
10.8867
10.8853
10.8839
10.8825
10.8812
10.8799
10.8786
10.8773
10.876
10.8748
10.8736
10.8724
10.8712
10.8701
10.869
10.8679
10.8668
10.8657
10.8647
10.8637
10.8627
10.8617
10.8607
10.8598
10.8589
10.858
10.8571
10.8563
10.8554
10.8546
10.8538
10.8531
10.8523
10.8516
10.8509
10.8502
10.8495
10.8489
10.8483
10.8477
10.8471
10.8465
10.846
10.8455
10.845
10.8445
10.844
10.8436
10.8431
10.8427
10.8424
10.842
10.8417
10.8413
10.841
10.8408
10.8405
10.8403
10.84
10.8398
10.8396
10.8395
10.8393
10.8392
10.8391
10.839
10.839
10.8389
10.8389
10.8389
10.8389
10.8389
10.839
10.839
10.8391
10.8392
10.8394
10.8395
10.8397
10.8399
10.8401
10.8403
10.8405
10.8408
10.8411
10.8414
10.8417
10.842
10.8424
10.8428
10.8432
10.8436
10.844
10.8444
10.8449
10.8454
10.8459
10.8464
10.847
10.8475
10.8481
10.8487
10.8493
10.8499
10.8506
10.8513
10.8519
10.8526
10.8534
10.8541
10.8549
10.8556
10.8564
10.8572
10.8581
10.8589
10.8598
10.8607
10.8616
10.8625
10.8634
10.8644
10.8653
10.8663
10.8673
10.8684
10.8694
10.8704
10.8715
10.8726
10.8737
10.8748
10.876
10.8771
10.8783
10.8795
10.8807
10.8819
10.8832
10.8845
10.8857
10.887
10.8883
10.8897
10.891
10.8924
10.8937
10.8951
10.8965
10.898
10.8994
10.9009
10.9023
10.9038
10.9053
10.9069
10.9084
10.9099
10.9115
10.9131
10.9147
10.9163
10.918
10.9196
10.9213
10.923
10.9246
10.9264
10.9281
10.9298
10.9316
10.9334
10.9352
10.937
10.9388
10.9406
10.9425
10.9443
10.9462
10.9481
10.95
10.9519
10.9539
10.9558
10.9578
10.9598
10.9618
10.9638
10.9659
10.9679
10.97
10.972
10.9741
10.9762
10.9783
10.9805
10.9826
10.9848
10.987
10.9891
10.9913
10.9936
10.9958
10.998
11.0003
11.0026
11.0049
11.0072
11.0095
11.0118
11.0141
11.0165
11.0189
11.0213
11.0237
11.0261
11.0285
11.0309
11.0334
11.0358
11.0383
11.0408
11.0433
11.0458
11.0484
11.0509
11.0535
11.056
11.0586
11.0612
11.0638
11.0664
11.0691
11.0717
11.0744
11.077
11.0797
11.0824
11.0851
11.0879
11.0906
11.0933
11.0961
11.0989
11.1016
11.1044
11.1072
11.1101
11.1129
11.1157
11.1186
11.1215
11.1243
11.1272
11.1301
11.133
11.136
11.1389
11.1419
11.1448
11.1478
11.1508
11.1538
11.1568
11.1598
11.1628
11.1659
11.1689
11.172
11.175
11.1781
11.1812
11.1843
11.1874
11.1906
11.1937
11.1968
11.2
11.2032
11.2063
11.2095
11.2127
11.2159
11.2192
11.2224
11.2256
11.2289
11.2322
11.2354
11.2387
11.242
11.2453
11.2486
11.2519
11.2553
11.2586
11.262
11.2653
11.2687
11.2721
11.2754
11.2788
11.2823
11.2857
11.2891
11.2925
11.296
11.2994
11.3029
11.3064
11.3098
11.3133
11.3168
11.3203
11.3239
11.3274
11.3309
11.3345
11.338
11.3416
11.3451
11.3487
11.3523
11.3559
11.3595
11.3631
11.3667
11.3703
11.374
11.3776
11.3813
11.3849
11.3886
11.3923
11.396
11.3996
11.4033
11.407
11.4108
11.4145
11.4182
11.4219
11.4257
11.4294
11.4332
11.437
11.4407
11.4445
11.4483
11.4521
11.4559
11.4597
11.4635
11.4673
11.4712
11.475
11.4788
11.4827
11.4865
11.4904
11.4943
11.4981
11.502
11.5059
11.5098
11.5137
11.5176
11.5215
11.5254
11.5293
11.5333
11.5372
11.5411
11.5451
11.549
11.553
11.557
11.5609
11.5649
11.5689
11.5729
11.5769
11.5808
11.5849
11.5889
11.5929
11.5969
11.6009
11.6049
11.609
11.613
11.617
11.6211
11.6251
11.6292
11.6333
11.6373
11.6414
11.6455
11.6495
11.6536
11.6577
11.6618
11.6659
11.67
11.6741
11.6782
11.6823
11.6864
11.6906
11.6947
11.6988
11.703
11.7071
11.7112
11.7154
11.7195
11.7237
11.7278
11.732
11.7361
11.7403
11.7445
11.7486
11.7528
11.757
11.7612
11.7653
11.7695
11.7737
11.7779
11.7821
11.7863
11.7905
11.7947
11.7989
11.8031
11.8073
11.8115
11.8157
11.82
11.8242
11.8284
11.8326
11.8369
11.8411
11.8453
11.8495
11.8538
11.858
11.8622
11.8665
11.8707
11.875
11.8792
11.8835
11.8877
11.8919
11.8962
11.9004
11.9047
11.909
11.9132
11.9175
11.9217
11.926
11.9302
11.9345
11.9388
11.943
11.9473
11.9515
11.9558
11.9601
11.9643
11.9686
11.9729
11.9771
11.9814
11.9857
11.9899
11.9942
11.9985
12.0027
12.007
12.0112
12.0155
12.0198
12.024
12.0283
12.0326
12.0368
12.0411
12.0454
12.0496
12.0539
12.0582
12.0624
12.0667
12.0709
12.0752
12.0795
12.0837
12.088
12.0922
12.0965
12.1007
12.105
12.1092
12.1135
12.1177
12.122
12.1262
12.1305
12.1347
12.139
12.1432
12.1474
12.1517
12.1559
12.1601
12.1644
12.1686
12.1728
12.177
12.1813
12.1855
12.1897
12.1939
12.1981
12.2023
12.2066
12.2108
12.215
12.2192
12.2234
12.2276
12.2318
12.2359
12.2401
12.2443
12.2485
12.2527
12.2568
12.261
12.2652
12.2694
12.2735
12.2777
12.2818
12.286
12.2901
12.2943
12.2984
12.3026
12.3067
12.3108
12.315
12.3191
12.3232
12.3273
12.3314
12.3355
12.3396
12.3437
12.3478
12.3519
12.356
12.3601
12.3642
12.3682
12.3723
12.3764
12.3804
12.3845
12.3885
12.3926
12.3966
12.4007
12.4047
12.4087
12.4127
12.4168
12.4208
12.4248
12.4288
12.4328
12.4368
12.4408
12.4447
12.4487
12.4527
12.4567
12.4606
12.4646
12.4685
12.4725
12.4764
12.4803
12.4842
12.4882
12.4921
12.496
12.4999
12.5038
12.5077
12.5115
12.5154
12.5193
12.5232
12.527
12.5309
12.5347
12.5385
12.5424
12.5462
12.55
12.5538
12.5576
12.5614
12.5652
12.569
12.5728
12.5766
12.5803
12.5841
12.5878
12.5916
12.5953
12.599
12.6027
12.6065
12.6102
12.6139
12.6176
12.6212
12.6249
12.6286
12.6322
12.6359
12.6395
12.6432
12.6468
12.6504
12.654
12.6576
12.6612
12.6648
12.6684
12.672
12.6755
12.6791
12.6826
12.6862
12.6897
12.6932
12.6967
12.7002
12.7037
12.7072
12.7107
12.7142
12.7176
12.7211
12.7245
12.728
12.7314
12.7348
12.7382
12.7416
12.745
12.7484
12.7518
12.7551
12.7585
12.7618
12.7651
12.7685
12.7718
12.7751
12.7784
12.7817
12.7849
12.7882
12.7915
12.7947
12.7979
12.8012
12.8044
12.8076
12.8108
12.814
12.8171
12.8203
12.8235
12.8266
12.8298
12.8329
12.836
12.8391
12.8422
12.8453
12.8483
12.8514
12.8545
12.8575
12.8605
12.8635
12.8666
12.8696
12.8725
12.8755
12.8785
12.8814
12.8844
12.8873
12.8902
12.8931
12.896
12.8989
12.9018
12.9047
12.9075
12.9104
12.9132
12.916
12.9188
12.9216
12.9244
12.9272
12.9299
12.9327
12.9354
12.9381
12.9409
12.9436
12.9462
12.9489
12.9516
12.9542
12.9569
12.9595
12.9621
12.9647
12.9673
12.9699
12.9725
12.975
12.9776
12.9801
12.9826
12.9851
12.9876
12.9901
12.9926
12.995
12.9975
12.9999
13.0023
13.0047
13.0071
13.0095
13.0119
13.0142
13.0166
13.0189
13.0212
13.0235
13.0258
13.0281
13.0303
13.0326
13.0348
13.037
13.0392
13.0414
13.0436
13.0458
13.0479
13.0501
13.0522
13.0543
13.0564
13.0585
13.0606
13.0626
13.0647
13.0667
13.0687
13.0707
13.0727
13.0747
13.0766
13.0786
13.0805
13.0824
13.0843
13.0862
13.0881
13.09
13.0918
13.0937
13.0955
13.0973
13.0991
13.1009
13.1026
13.1044
13.1061
13.1078
13.1095
13.1112
13.1129
13.1145
13.1162
13.1178
13.1194
13.121
13.1226
13.1242
13.1258
13.1273
13.1288
13.1303
13.1318
13.1333
13.1348
13.1362
13.1377
13.1391
13.1405
13.1419
13.1433
13.1446
13.146
13.1473
13.1486
13.1499
13.1512
13.1525
13.1537
13.155
13.1562
13.1574
13.1586
13.1597
13.1609
13.162
13.1632
13.1643
13.1654
13.1665
13.1675
13.1686
13.1696
13.1706
13.1716
13.1726
13.1736
13.1745
13.1755
13.1764
13.1773
13.1782
13.1791
13.1799
13.1808
13.1816
13.1824
13.1832
13.184
13.1847
13.1855
13.1862
13.1869
13.1876
13.1883
13.1889
13.1896
13.1902
13.1908
13.1914
13.192
13.1925
13.1931
13.1936
13.1941
13.1946
13.1951
13.1955
13.196
13.1964
13.1968
13.1972
13.1976
13.198
13.1983
13.1986
13.1989
13.1992
13.1995
13.1998
13.2
13.2002
13.2004
13.2006
13.2008
13.201
13.2011
13.2012
13.2013
13.2014
13.2015
13.2015
13.2016
13.2016
13.2016
13.2016
13.2015
13.2015
13.2014
13.2013
13.2012
13.2011
13.201
13.2008
13.2006
13.2004
13.2002
13.2
13.1998
13.1995
13.1992
13.1989
13.1986
13.1983
13.1979
13.1976
13.1972
13.1968
13.1964
13.1959
13.1955
13.195
13.1945
13.194
13.1935
13.1929
13.1923
13.1918
13.1912
13.1905
13.1899
13.1893
13.1886
13.1879
13.1872
13.1865
13.1857
13.185
13.1842
13.1834
13.1826
13.1817
13.1809
13.18
13.1791
13.1782
13.1773
13.1764
13.1754
13.1744
13.1734
13.1724
13.1714
13.1703
13.1692
13.1682
13.167
13.1659
13.1648
13.1636
13.1624
13.1612
13.16
13.1588
13.1575
13.1563
13.155
13.1537
13.1523
13.151
13.1496
13.1482
13.1468
13.1454
13.144
13.1425
13.1411
13.1396
13.1381
13.1365
13.135
13.1334
13.1318
13.1302
13.1286
13.127
13.1253
13.1236
13.1219
13.1202
13.1185
13.1167
13.1149
13.1131
13.1113
13.1095
13.1077
13.1058
13.1039
13.102
13.1001
13.0982
13.0962
13.0942
13.0922
13.0902
13.0882
13.0861
13.084
13.082
13.0799
13.0777
13.0756
13.0734
13.0712
13.069
13.0668
13.0646
13.0623
13.06
13.0577
13.0554
13.0531
13.0507
13.0484
13.046
13.0436
13.0411
13.0387
13.0362
13.0337
13.0312
13.0287
13.0262
13.0236
13.021
13.0184
13.0158
13.0132
13.0105
13.0079
13.0052
13.0025
12.9997
12.997
12.9942
12.9914
12.9886
12.9858
12.983
12.9801
12.9772
12.9743
12.9714
12.9685
12.9655
12.9626
12.9596
12.9566
12.9535
12.9505
12.9474
12.9443
12.9412
12.9381
12.935
12.9318
12.9286
12.9254
12.9222
12.919
12.9157
12.9124
12.9091
12.9058
12.9025
12.8992
12.8958
12.8924
12.889
12.8856
12.8821
12.8787
12.8752
12.8717
12.8682
12.8646
12.8611
12.8575
12.8539
12.8503
12.8467
12.843
12.8394
12.8357
12.832
12.8282
12.8245
12.8207
12.817
12.8132
12.8094
12.8055
12.8017
12.7978
12.7939
12.79
12.7861
12.7821
12.7782
12.7742
12.7702
12.7661
12.7621
12.758
12.754
12.7499
12.7458
12.7416
12.7375
12.7333
12.7291
12.7249
12.7207
12.7165
12.7122
12.7079
12.7036
12.6993
12.695
12.6906
12.6862
12.6819
12.6774
12.673
12.6686
12.6641
12.6596
12.6551
12.6506
12.6461
12.6415
12.637
12.6324
12.6278
12.6231
12.6185
12.6138
12.6091
12.6044
12.5997
12.595
12.5902
12.5855
12.5807
12.5759
12.571
12.5662
12.5613
12.5564
12.5515
12.5466
12.5417
12.5367
12.5318
12.5268
12.5218
12.5168
12.5117
12.5067
12.5016
12.4965
12.4914
12.4862
12.4811
12.4759
12.4707
12.4655
12.4603
12.4551
12.4498
12.4445
12.4393
12.4339
12.4286
12.4233
12.4179
12.4125
12.4071
12.4017
12.3963
12.3908
12.3854
12.3799
12.3744
12.3689
12.3633
12.3578
12.3522
12.3466
12.341
12.3354
12.3298
12.3241
12.3184
12.3127
12.307
12.3013
12.2956
12.2898
12.284
12.2782
12.2724
12.2666
12.2607
12.2549
12.249
12.2431
12.2372
12.2312
12.2253
12.2193
12.2133
12.2073
12.2013
12.1953
12.1893
12.1832
12.1771
12.171
12.1649
12.1587
12.1526
12.1464
12.1402
12.134
12.1278
12.1216
12.1153
12.1091
12.1028
12.0965
12.0902
12.0838
12.0775
12.0711
12.0648
12.0584
12.0519
12.0455
12.0391
12.0326
12.0261
12.0196
12.0131
12.0066
12
11.9935
11.9869
11.9803
11.9737
11.9671
11.9604
11.9538
11.9471
11.9404
11.9337
11.927
11.9203
11.9135
11.9067
11.8999
11.8931
11.8863
11.8795
11.8727
11.8658
11.8589
11.852
11.8451
11.8382
11.8312
11.8243
11.8173
11.8103
11.8033
11.7963
11.7893
11.7822
11.7752
11.7681
11.761
11.7539
11.7468
11.7396
11.7325
11.7253
11.7181
11.7109
11.7037
11.6965
11.6892
11.682
11.6747
11.6674
11.6601
11.6528
11.6454
11.6381
11.6307
11.6234
11.616
11.6086
11.6011
11.5937
11.5862
11.5788
11.5713
11.5638
11.5563
11.5488
11.5412
11.5337
11.5261
11.5185
11.5109
11.5033
11.4957
11.4881
11.4804
11.4727
11.4651
11.4574
11.4497
11.4419
11.4342
11.4264
11.4187
11.4109
11.4031
11.3953
11.3875
11.3797
11.3718
11.3639
11.3561
11.3482
11.3403
11.3324
11.3244
11.3165
11.3085
11.3006
11.2926
11.2846
11.2766
11.2686
11.2605
11.2525
11.2444
11.2363
11.2282
11.2201
11.212
11.2039
11.1958
11.1876
11.1794
11.1713
11.1631
11.1549
11.1466
11.1384
11.1302
11.1219
11.1136
11.1054
11.0971
11.0888
11.0804
11.0721
11.0638
11.0554
11.047
11.0387
11.0303
11.0219
11.0134
11.005
10.9966
10.9881
10.9796
10.9712
10.9627
10.9542
10.9457
10.9371
10.9286
10.92
10.9115
10.9029
10.8943
10.8857
10.8771
10.8685
10.8598
10.8512
10.8425
10.8339
10.8252
10.8165
10.8078
10.7991
10.7904
10.7816
10.7729
10.7641
10.7553
10.7466
10.7378
10.729
10.7201
10.7113
10.7025
10.6936
10.6848
10.6759
10.667
10.6581
10.6492
10.6403
10.6314
10.6225
10.6135
10.6045
10.5956
10.5866
10.5776
10.5686
10.5596
10.5506
10.5416
10.5325
10.5235
10.5144
10.5053
10.4963
10.4872
10.4781
10.469
10.4598
10.4507
10.4416
10.4324
10.4232
10.4141
10.4049
10.3957
10.3865
10.3773
10.3681
10.3588
10.3496
10.3404
10.3311
10.3218
10.3126
10.3033
10.294
10.2847
10.2754
10.266
10.2567
10.2474
10.238
10.2287
10.2193
10.2099
10.2005
10.1911
10.1817
10.1723
10.1629
10.1535
10.144
10.1346
10.1251
10.1156
10.1062
10.0967
10.0872
10.0777
10.0682
10.0587
10.0491
10.0396
10.0301
10.0205
10.011
10.0014
9.99182
9.98223
9.97264
9.96304
9.95344
9.94382
9.9342
9.92457
9.91493
9.90528
9.89563
9.88597
9.8763
9.86662
9.85694
9.84725
9.83755
9.82784
9.81812
9.8084
9.79867
9.78894
9.77919
9.76944
9.75968
9.74992
9.74015
9.73037
9.72058
9.71078
9.70098
9.69118
9.68136
9.67154
9.66171
9.65188
9.64203
9.63219
9.62233
9.61247
9.6026
9.59272
9.58284
9.57295
9.56306
9.55316
9.54325
9.53334
9.52342
9.51349
9.50356
9.49362
9.48368
9.47373
9.46377
9.45381
9.44384
9.43386
9.42388
9.4139
9.40391
9.39391
9.3839
9.37389
9.36388
9.35386
9.34383
9.3338
9.32376
9.31372
9.30367
9.29362
9.28356
9.2735
9.26343
9.25335
9.24327
9.23319
9.2231
9.213
9.2029
9.1928
9.18269
9.17257
9.16245
9.15233
9.1422
9.13207
9.12193
9.11178
9.10163
9.09148
9.08132
9.07116
9.061
9.05083
9.04065
9.03047
9.02029
9.0101
8.99991
8.98971
8.97951
8.9693
8.95909
8.94888
8.93866
8.92844
8.91822
8.90799
8.89776
8.88752
8.87728
8.86703
8.85679
8.84654
8.83628
8.82602
8.81576
8.80549
8.79522
8.78495
8.77467
8.76439
8.75411
8.74383
8.73354
8.72324
8.71295
8.70265
8.69235
8.68204
8.67173
8.66142
8.65111
8.64079
8.63047
8.62015
8.60982
8.5995
8.58917
8.57883
8.5685
8.55816
8.54782
8.53747
8.52713
8.51678
8.50643
8.49607
8.48572
8.47536
8.465
8.45464
8.44427
8.4339
8.42354
8.41316
8.40279
8.39242
8.38204
8.37166
8.36128
8.3509
8.34051
8.33013
8.31974
8.30935
8.29896
8.28856
8.27817
8.26777
8.25738
8.24698
8.23658
8.22618
8.21577
8.20537
8.19496
8.18456
8.17415
8.16374
8.15333
8.14292
8.1325
8.12209
8.11167
8.10126
8.09084
8.08043
8.07001
8.05959
8.04917
8.03875
8.02833
8.0179
8.00748
7.99706
7.98664
7.97621
7.96579
7.95536
7.94494
7.93451
7.92409
7.91366
7.90323
7.89281
7.88238
7.87195
7.86152
7.8511
7.84067
7.83024
7.81982
7.80939
7.79896
7.78853
7.77811
7.76768
7.75725
7.74683
7.7364
7.72598
7.71555
7.70513
7.6947
7.68428
7.67386
7.66343
7.65301
7.64259
7.63217
7.62175
7.61133
7.60091
7.5905
7.58008
7.56966
7.55925
7.54883
7.53842
7.52801
7.5176
7.50719
7.49678
7.48637
7.47597
7.46556
7.45516
7.44475
7.43435
7.42395
7.41355
7.40316
7.39276
7.38237
7.37198
7.36158
7.35119
7.34081
7.33042
7.32004
7.30965
7.29927
7.28889
7.27852
7.26814
7.25777
7.2474
7.23703
7.22666
7.21629
7.20593
7.19557
7.18521
7.17485
7.1645
7.15415
7.1438
7.13345
7.1231
7.11276
7.10242
7.09208
7.08174
7.07141
7.06108
7.05075
7.04042
7.0301
7.01978
7.00946
6.99915
6.98883
6.97852
6.96822
6.95791
6.94761
6.93731
6.92702
6.91673
6.90644
6.89615
6.88587
6.87559
6.86531
6.85504
6.84477
6.8345
6.82424
6.81397
6.80372
6.79346
6.78321
6.77296
6.76272
6.75248
6.74224
6.73201
6.72178
6.71155
6.70133
6.69111
6.6809
6.67068
6.66048
6.65027
6.64007
6.62988
6.61968
6.60949
6.59931
6.58913
6.57895
6.56878
6.55861
6.54844
6.53828
6.52813
6.51797
6.50783
6.49768
6.48754
6.47741
6.46728
6.45715
6.44703
6.43691
6.42679
6.41669
6.40658
6.39648
6.38638
6.37629
6.36621
6.35612
6.34605
6.33597
6.32591
6.31584
6.30578
6.29573
6.28568
6.27564
6.2656
6.25556
6.24553
6.23551
6.22549
6.21548
6.20547
6.19546
6.18546
6.17547
6.16548
6.15549
6.14552
6.13554
6.12557
6.11561
6.10565
6.0957
6.08575
6.07581
6.06588
6.05594
6.04602
6.0361
6.02619
6.01628
6.00637
5.99647
5.98658
5.9767
5.96682
5.95694
5.94707
5.93721
5.92735
5.9175
5.90765
5.89781
5.88797
5.87815
5.86832
5.85851
5.8487
5.83889
5.82909
5.8193
5.80951
5.79973
5.78996
5.78019
5.77042
5.76067
5.75092
5.74117
5.73144
5.72171
5.71198
5.70226
5.69255
5.68284
5.67314
5.66345
5.65376
5.64408
5.63441
5.62474
5.61508
5.60543
5.59578
5.58614
5.5765
5.56688
5.55726
5.54764
5.53803
5.52843
5.51884
5.50925
5.49967
5.4901
5.48053
5.47097
5.46142
5.45187
5.44233
5.4328
5.42327
5.41375
5.40424
5.39474
5.38524
5.37575
5.36627
5.35679
5.34732
5.33786
5.32841
5.31896
5.30952
5.30009
5.29066
5.28124
5.27183
5.26243
5.25303
5.24364
5.23426
5.22489
5.21552
5.20616
5.19681
5.18747
5.17813
5.1688
5.15948
5.15017
5.14086
5.13156
5.12227
5.11299
5.10371
5.09444
5.08518
5.07593
5.06668
5.05745
5.04822
5.039
5.02978
5.02058
5.01138
5.00219
4.99301
4.98383
4.97466
4.96551
4.95635
4.94721
4.93808
4.92895
4.91983
4.91072
4.90162
4.89252
4.88344
4.87436
4.86529
4.85623
4.84717
4.83813
4.82909
4.82006
4.81104
4.80203
4.79303
4.78403
4.77504
4.76606
4.75709
4.74813
4.73917
4.73023
4.72129
4.71236
4.70344
4.69453
4.68562
4.67673
4.66784
4.65896
4.65009
4.64123
4.63238
4.62354
4.6147
4.60587
4.59706
4.58825
4.57945
4.57065
4.56187
4.55309
4.54433
4.53557
4.52682
4.51808
4.50935
4.50063
4.49191
4.48321
4.47451
4.46583
4.45715
4.44848
4.43982
4.43117
4.42252
4.41389
4.40526
4.39665
4.38804
4.37944
4.37085
4.36227
4.3537
4.34514
4.33659
4.32804
4.31951
4.31098
4.30247
4.29396
4.28546
4.27697
4.26849
4.26002
4.25156
4.2431
4.23466
4.22623
4.2178
4.20938
4.20098
4.19258
4.18419
4.17581
4.16744
4.15908
4.15073
4.14239
4.13406
4.12573
4.11742
4.10912
4.10082
4.09253
4.08426
4.07599
4.06773
4.05949
4.05125
4.04302
4.0348
4.02659
4.01839
4.0102
4.00201
3.99384
3.98568
3.97752
3.96938
3.96125
3.95312
3.94501
3.9369
3.9288
3.92072
3.91264
3.90457
3.89652
3.88847
3.88043
3.8724
3.86438
3.85637
3.84837
3.84038
3.8324
3.82443
3.81647
3.80852
3.80058
3.79265
3.78472
3.77681
3.76891
3.76102
3.75313
3.74526
3.7374
3.72954
3.7217
3.71386
3.70604
3.69822
3.69042
3.68262
3.67484
3.66706
3.6593
3.65154
3.6438
3.63606
3.62834
3.62062
3.61291
3.60522
3.59753
3.58985
3.58219
3.57453
3.56689
3.55925
3.55162
3.54401
3.5364
3.5288
3.52121
3.51364
3.50607
3.49851
3.49097
3.48343
3.4759
3.46839
3.46088
3.45338
3.44589
3.43842
3.43095
3.42349
3.41605
3.40861
3.40118
3.39377
3.38636
3.37896
3.37158
3.3642
3.35684
3.34948
3.34213
3.3348
3.32747
3.32016
3.31285
3.30555
3.29827
3.29099
3.28373
3.27647
3.26923
3.26199
3.25477
3.24755
3.24035
3.23316
3.22597
3.2188
3.21163
3.20448
3.19734
3.1902
3.18308
3.17597
3.16887
3.16177
3.15469
3.14762
3.14056
3.1335
3.12646
3.11943
3.11241
3.1054
3.0984
3.09141
3.08443
3.07746
3.0705
3.06355
3.05661
3.04968
3.04276
3.03585
3.02895
3.02206
3.01518
3.00832
3.00146
2.99461
2.98777
2.98094
2.97413
2.96732
2.96052
2.95374
2.94696
2.9402
2.93344
2.9267
2.91996
2.91324
2.90652
2.89982
2.89312
2.88644
2.87976
2.8731
2.86645
2.8598
2.85317
2.84655
2.83994
2.83334
2.82674
2.82016
2.81359
2.80703
2.80048
2.79394
2.78741
2.78089
2.77438
2.76788
2.76139
2.75491
2.74844
2.74198
2.73553
2.7291
2.72267
2.71625
2.70984
2.70345
2.69706
2.69068
2.68431
2.67796
2.67161
2.66528
2.65895
2.65264
2.64633
2.64004
2.63375
2.62748
2.62121
2.61496
2.60871
2.60248
2.59626
2.59004
2.58384
2.57765
2.57146
2.56529
2.55913
2.55298
2.54683
2.5407
2.53458
2.52847
2.52237
2.51628
2.5102
2.50412
2.49806
2.49201
2.48597
2.47994
2.47392
2.46791
2.46191
2.45592
2.44994
2.44398
2.43802
2.43207
2.42613
2.4202
2.41428
2.40837
2.40247
2.39659
2.39071
2.38484
2.37898
2.37313
2.3673
2.36147
2.35565
2.34984
2.34405
2.33826
2.33248
2.32671
2.32096
2.31521
2.30947
2.30375
2.29803
2.29232
2.28662
2.28094
2.27526
2.26959
2.26394
2.25829
2.25265
2.24703
2.24141
2.2358
2.23021
2.22462
2.21904
2.21348
2.20792
2.20237
2.19684
2.19131
2.18579
2.18028
2.17479
2.1693
2.16382
2.15836
2.1529
2.14745
2.14201
2.13659
2.13117
2.12576
2.12036
2.11497
2.1096
2.10423
2.09887
2.09352
2.08818
2.08285
2.07753
2.07222
2.06692
2.06163
2.05635
2.05108
2.04582
2.04057
2.03533
2.0301
2.02488
2.01967
2.01447
2.00928
2.00409
1.99892
1.99376
1.98861
1.98346
1.97833
1.97321
1.96809
1.96299
1.95789
1.95281
1.94773
1.94267
1.93761
1.93257
1.92753
1.9225
1.91749
1.91248
1.90748
1.90249
1.89751
1.89254
1.88758
1.88263
1.87769
1.87276
1.86784
1.86293
1.85803
1.85314
1.84825
1.84338
1.83852
1.83366
1.82882
1.82398
1.81915
1.81434
1.80953
1.80473
1.79995
1.79517
1.7904
1.78564
1.78089
1.77615
1.77142
1.76669
1.76198
1.75728
1.75258
1.7479
1.74322
1.73856
1.7339
1.72925
1.72462
1.71999
1.71537
1.71076
1.70616
1.70157
1.69699
1.69241
1.68785
1.6833
1.67875
1.67421
1.66969
1.66517
1.66066
1.65616
1.65167
1.64719
1.64272
1.63826
1.63381
1.62936
1.62493
1.6205
1.61609
1.61168
1.60728
1.60289
1.59851
1.59414
1.58978
1.58543
1.58108
1.57675
1.57242
1.56811
1.5638
1.5595
1.55521
1.55093
1.54666
1.5424
1.53814
1.5339
1.52966
1.52544
1.52122
1.51701
1.51281
1.50862
1.50444
1.50026
1.4961
1.49194
1.4878
1.48366
1.47953
1.47541
1.4713
1.46719
1.4631
1.45902
1.45494
1.45087
1.44681
1.44276
1.43872
1.43469
1.43066
1.42665
1.42264
1.41864
1.41466
1.41067
1.4067
1.40274
1.39879
1.39484
1.3909
1.38697
1.38305
1.37914
1.37524
1.37134
1.36746
1.36358
1.35971
1.35585
1.352
1.34816
1.34432
1.34049
1.33668
1.33287
1.32907
1.32527
1.32149
1.31771
1.31395
1.31019
1.30644
1.3027
1.29896
1.29524
1.29152
1.28781
1.28411
1.28042
1.27673
1.27306
1.26939
1.26573
1.26208
1.25844
1.25481
1.25118
1.24756
1.24395
1.24035
1.23676
1.23317
1.2296
1.22603
1.22247
1.21891
1.21537
1.21183
1.20831
1.20479
1.20127
1.19777
1.19427
1.19079
1.18731
1.18384
1.18037
1.17692
1.17347
1.17003
1.1666
1.16317
1.15976
1.15635
1.15295
1.14956
1.14617
1.1428
1.13943
1.13607
1.13272
1.12937
1.12603
1.12271
1.11938
1.11607
1.11276
1.10947
1.10618
1.10289
1.09962
1.09635
1.09309
1.08984
1.0866
1.08336
1.08013
1.07691
1.0737
1.07049
1.0673
1.06411
1.06092
1.05775
1.05458
1.05142
1.04827
1.04513
1.04199
1.03886
1.03574
1.03262
1.02951
1.02642
1.02332
1.02024
1.01716
1.01409
1.01103
1.00797
1.00493
1.00189
0.998855
0.995829
0.992811
0.989801
0.986798
0.983802
0.980813
0.977832
0.974858
0.971891
0.968932
0.96598
0.963035
0.960097
0.957167
0.954243
0.951327
0.948419
0.945517
0.942622
0.939735
0.936855
0.933982
0.931116
0.928257
0.925406
0.922561
0.919723
0.916893
0.91407
0.911253
0.908444
0.905641
0.902846
0.900058
0.897277
0.894502
0.891735
0.888974
0.886221
0.883474
0.880735
0.878002
0.875276
0.872557
0.869845
0.86714
0.864441
0.86175
0.859065
0.856387
0.853716
0.851052
0.848394
0.845743
0.843099
0.840462
0.837831
0.835207
0.83259
0.82998
0.827376
0.824779
0.822189
0.819605
0.817028
0.814457
0.811893
0.809336
0.806785
0.804241
0.801704
0.799173
0.796648
0.79413
0.791619
0.789114
0.786616
0.784124
0.781639
0.77916
0.776687
0.774221
0.771761
0.769308
0.766862
0.764421
0.761987
0.75956
0.757138
0.754723
0.752315
0.749913
0.747517
0.745127
0.742744
0.740367
0.737996
0.735631
0.733273
0.730921
0.728575
0.726236
0.723902
0.721575
0.719254
0.716939
0.714631
0.712328
0.710032
0.707741
0.705457
0.703179
0.700907
0.698641
0.696381
0.694127
0.69188
0.689638
0.687402
0.685172
0.682949
0.680731
0.678519
0.676313
0.674114
0.67192
0.669732
0.66755
0.665373
0.663203
0.661039
0.65888
0.656727
0.654581
0.65244
0.650305
0.648175
0.646052
0.643934
0.641822
0.639716
0.637615
0.63552
0.633432
0.631348
0.629271
0.627199
0.625133
0.623072
0.621017
0.618968
0.616925
0.614887
0.612855
0.610828
0.608807
0.606791
0.604782
0.602777
0.600779
0.598785
0.596798
0.594815
0.592839
0.590868
0.588902
0.586942
0.584987
0.583038
0.581094
0.579156
0.577223
0.575295
0.573373
0.571456
0.569545
0.567639
0.565738
0.563843
0.561953
0.560068
0.558188
0.556314
0.554446
0.552582
0.550724
0.548871
0.547023
0.54518
0.543343
0.541511
0.539684
0.537862
0.536046
0.534235
0.532428
0.530627
0.528831
0.527041
0.525255
0.523474
0.521699
0.519928
0.518163
0.516403
0.514648
0.512897
0.511152
0.509412
0.507677
0.505947
0.504222
0.502501
0.500786
0.499076
0.49737
0.49567
0.493975
0.492284
0.490598
0.488917
0.487242
0.48557
0.483904
0.482243
0.480586
0.478935
0.477288
0.475646
0.474008
0.472376
0.470748
0.469125
0.467507
0.465893
0.464284
0.46268
0.461081
0.459486
0.457896
0.456311
0.454731
0.453155
0.451583
0.450016
0.448454
0.446897
0.445344
0.443796
0.442252
0.440713
0.439178
0.437648
0.436123
0.434602
0.433086
0.431574
0.430066
0.428563
0.427065
0.425571
0.424081
0.422596
0.421116
0.41964
0.418168
0.4167
0.415237
0.413779
0.412325
0.410875
0.409429
0.407988
0.406551
0.405119
0.403691
0.402267
0.400847
0.399432
0.398021
0.396614
0.395212
0.393814
0.39242
0.39103
0.389644
0.388263
0.386886
0.385513
0.384144
0.38278
0.381419
0.380063
0.378711
0.377363
0.376019
0.374679
0.373343
0.372011
0.370684
0.36936
0.368041
0.366726
0.365414
0.364107
0.362804
0.361504
0.360209
0.358918
0.357631
0.356347
0.355068
0.353792
0.352521
0.351253
0.34999
0.34873
0.347474
0.346222
0.344974
0.34373
0.34249
0.341254
0.340021
0.338792
0.337567
0.336346
0.335129
0.333916
0.332706
0.3315
0.330298
0.3291
0.327905
0.326714
0.325527
0.324344
0.323164
0.321988
0.320816
0.319647
0.318482
0.317321
0.316164
0.31501
0.313859
0.312713
0.31157
0.31043
0.309295
0.308162
0.307034
0.305909
0.304787
0.303669
0.302555
0.301444
0.300337
0.299233
0.298133
0.297036
0.295943
0.294854
0.293767
0.292685
0.291605
0.290529
0.289457
0.288388
0.287323
0.28626
0.285202
0.284146
0.283095
0.282046
0.281001
0.279959
0.278921
0.277886
0.276854
0.275825
0.2748
0.273779
0.27276
0.271745
0.270733
0.269724
0.268719
0.267717
0.266718
0.265723
0.26473
0.263741
0.262755
0.261773
0.260793
0.259817
0.258844
0.257874
0.256907
0.255944
0.254983
0.254026
0.253072
0.252121
0.251173
0.250228
0.249287
0.248348
0.247413
0.24648
0.245551
0.244625
0.243701
0.242781
0.241864
0.24095
0.240039
0.239131
0.238226
0.237324
0.236424
0.235528
0.234635
0.233745
0.232858
0.231974
0.231092
0.230214
0.229338
0.228466
0.227596
0.226729
0.225866
0.225005
0.224146
0.223291
0.222439
0.221589
0.220743
0.219899
0.219058
0.21822
0.217384
0.216552
0.215722
0.214895
0.214071
0.213249
0.212431
0.211615
0.210802
0.209991
0.209184
0.208379
0.207577
0.206777
0.20598
0.205186
0.204395
0.203606
0.20282
0.202037
0.201256
0.200478
0.199703
0.19893
0.19816
0.197392
0.196628
0.195865
0.195106
0.194349
0.193594
0.192842
0.192093
0.191346
0.190602
0.18986
0.189121
0.188385
0.187651
0.186919
0.18619
0.185464
0.18474
0.184018
0.183299
0.182583
0.181869
0.181157
0.180448
0.179741
0.179037
0.178335
0.177636
0.176939
0.176244
0.175552
0.174862
0.174175
0.17349
0.172808
0.172127
0.17145
0.170774
0.170101
0.16943
0.168762
0.168096
0.167432
0.166771
0.166112
0.165455
0.1648
0.164148
0.163498
0.16285
0.162205
0.161562
0.160921
0.160283
0.159646
0.159012
0.15838
0.157751
0.157123
0.156498
0.155875
0.155254
0.154635
0.154019
0.153405
0.152793
0.152183
0.151575
0.150969
0.150366
0.149765
0.149165
0.148568
0.147973
0.147381
0.14679
0.146201
0.145615
0.14503
0.144448
0.143868
0.14329
0.142714
0.14214
0.141568
0.140998
0.14043
0.139864
0.1393
0.138738
0.138179
0.137621
0.137065
0.136511
0.135959
0.13541
0.134862
0.134316
0.133772
0.13323
0.13269
0.132152
0.131616
0.131082
0.13055
0.130019
0.129491
0.128965
0.12844
0.127918
0.127397
0.126878
0.126361
0.125846
0.125333
0.124821
0.124312
0.123804
0.123299
0.122795
0.122293
0.121792
0.121294
0.120797
0.120302
0.11981
0.119318
0.118829
0.118341
0.117856
0.117372
0.116889
0.116409
0.11593
0.115453
0.114978
0.114505
0.114033
0.113563
0.113095
0.112628
0.112164
0.111701
0.111239
0.11078
0.110322
0.109866
0.109411
0.108958
0.108507
0.108057
0.10761
0.107163
0.106719
0.106276
0.105835
0.105395
0.104957
0.104521
0.104086
0.103653
0.103222
0.102792
0.102364
0.101937
0.101512
0.101089
0.100667
0.100247
0.099828
0.0994108
0.0989953
0.0985813
0.0981688
0.0977579
0.0973486
0.0969407
0.0965345
0.0961297
0.0957265
0.0953248
0.0949246
0.0945259
0.0941287
0.093733
0.0933389
0.0929462
0.092555
0.0921652
0.091777
0.0913902
0.0910049
0.0906211
0.0902387
0.0898577
0.0894782
0.0891002
0.0887236
0.0883484
0.0879746
0.0876023
0.0872314
0.0868619
0.0864938
0.0861271
0.0857618
0.085398
0.0850355
0.0846744
0.0843146
0.0839563
0.0835993
0.0832437
0.0828894
0.0825366
0.082185
0.0818348
0.081486
0.0811385
0.0807924
0.0804475
0.080104
0.0797619
0.079421
0.0790815
0.0787432
0.0784063
0.0780707
0.0777364
0.0774033
0.0770716
0.0767411
0.0764119
0.076084
0.0757574
0.075432
0.0751079
0.0747851
0.0744635
0.0741431
0.073824
0.0735062
0.0731895
0.0728741
0.07256
0.072247
0.0719353
0.0716248
0.0713155
0.0710075
0.0707006
0.0703949
0.0700904
0.0697871
0.069485
0.0691841
0.0688844
0.0685858
0.0682884
0.0679922
0.0676972
0.0674033
0.0671105
0.0668189
0.0665285
0.0662392
0.065951
0.065664
0.0653781
0.0650933
0.0648097
0.0645271
0.0642457
0.0639654
0.0636863
0.0634082
0.0631312
0.0628553
0.0625805
0.0623068
0.0620342
0.0617627
0.0614922
0.0612228
0.0609545
0.0606873
0.0604211
0.060156
0.0598919
0.0596289
0.059367
0.059106
0.0588462
0.0585873
0.0583295
0.0580727
0.057817
0.0575623
0.0573086
0.0570559
0.0568042
0.0565535
0.0563039
0.0560552
0.0558075
0.0555609
0.0553152
0.0550705
0.0548268
0.0545841
0.0543423
0.0541015
0.0538617
0.0536229
0.053385
0.0531481
0.0529121
0.0526771
0.0524431
0.05221
0.0519778
0.0517466
0.0515163
0.0512869
0.0510585
0.050831
0.0506044
0.0503788
0.050154
0.0499302
0.0497073
0.0494853
0.0492642
0.049044
0.0488247
0.0486062
0.0483887
0.0481721
0.0479563
0.0477414
0.0475274
0.0473143
0.0471021
0.0468907
0.0466802
0.0464705
0.0462617
0.0460538
0.0458467
0.0456404
0.045435
0.0452305
0.0450268
0.0448239
0.0446219
0.0444207
0.0442203
0.0440207
0.043822
0.0436241
0.043427
0.0432307
0.0430352
0.0428406
0.0426467
0.0424537
0.0422614
0.0420699
0.0418793
0.0416894
0.0415003
0.041312
0.0411244
0.0409377
0.0407517
0.0405665
0.040382
0.0401984
0.0400155
0.0398333
0.0396519
0.0394713
0.0392914
0.0391123
0.0389339
0.0387563
0.0385794
0.0384032
0.0382278
0.0380531
0.0378792
0.0377059
0.0375334
0.0373616
0.0371906
0.0370202
0.0368506
0.0366817
0.0365135
0.036346
0.0361792
0.0360131
0.0358477
0.035683
0.035519
0.0353556
0.035193
0.0350311
0.0348698
0.0347092
0.0345493
0.0343901
0.0342315
0.0340736
0.0339164
0.0337599
0.033604
0.0334487
0.0332942
0.0331403
0.032987
0.0328344
0.0326824
0.0325311
0.0323804
0.0322304
0.032081
0.0319322
0.0317841
0.0316366
0.0314897
0.0313434
0.0311978
0.0310528
0.0309084
0.0307647
0.0306215
0.030479
0.030337
0.0301957
0.030055
0.0299149
0.0297754
0.0296365
0.0294981
0.0293604
0.0292233
0.0290867
0.0289507
0.0288154
0.0286806
0.0285464
0.0284127
0.0282796
0.0281472
0.0280152
0.0278839
0.0277531
0.0276229
0.0274932
0.0273641
0.0272356
0.0271076
0.0269802
0.0268533
0.0267269
0.0266012
0.0264759
0.0263512
0.0262271
0.0261034
0.0259804
0.0258578
0.0257358
0.0256143
0.0254934
0.0253729
0.025253
0.0251336
0.0250148
0.0248964
0.0247786
0.0246613
0.0245445
0.0244282
0.0243124
0.0241971
0.0240823
0.023968
0.0238543
0.023741
0.0236282
0.0235159
0.0234041
0.0232928
0.023182
0.0230717
0.0229618
0.0228525
0.0227436
0.0226352
0.0225272
0.0224198
0.0223128
0.0222063
0.0221002
0.0219947
0.0218896
0.0217849
0.0216807
0.021577
0.0214738
0.0213709
0.0212686
0.0211667
0.0210652
0.0209642
0.0208637
0.0207636
0.0206639
0.0205647
0.0204659
0.0203676
0.0202696
0.0201722
0.0200751
0.0199785
0.0198823
0.0197866
0.0196913
0.0195964
0.0195019
0.0194078
0.0193142
0.019221
0.0191282
0.0190358
0.0189438
0.0188522
0.0187611
0.0186703
0.01858
0.0184901
0.0184005
0.0183114
0.0182227
0.0181343
0.0180464
0.0179588
0.0178717
0.0177849
0.0176986
0.0176126
0.017527
0.0174418
0.0173569
0.0172725
0.0171884
0.0171047
0.0170214
0.0169385
0.0168559
0.0167738
0.0166919
0.0166105
0.0165294
0.0164487
0.0163684
0.0162884
0.0162088
0.0161295
0.0160506
0.0159721
0.0158939
0.0158161
0.0157386
0.0156615
0.0155847
0.0155083
0.0154322
0.0153565
0.0152811
0.015206
0.0151313
0.015057
0.0149829
0.0149092
0.0148359
0.0147629
0.0146902
0.0146179
0.0145458
0.0144741
0.0144028
0.0143318
0.014261
0.0141907
0.0141206
0.0140509
0.0139814
0.0139123
0.0138435
0.0137751
0.0137069
0.0136391
0.0135715
0.0135043
0.0134374
0.0133708
0.0133045
0.0132385
0.0131728
0.0131075
0.0130424
0.0129776
0.0129131
0.0128489
0.012785
0.0127214
0.0126581
0.0125951
0.0125324
0.01247
0.0124079
0.012346
0.0122845
0.0122232
0.0121622
0.0121015
0.0120411
0.0119809
0.011921
0.0118615
0.0118021
0.0117431
0.0116844
0.0116259
0.0115677
0.0115097
0.011452
0.0113946
0.0113375
0.0112806
0.011224
0.0111677
0.0111116
0.0110558
0.0110003
0.010945
0.0108899
0.0108351
0.0107806
0.0107264
0.0106724
0.0106186
0.0105651
0.0105118
0.0104588
0.0104061
0.0103536
0.0103013
0.0102493
0.0101975
0.010146
0.0100947
0.0100437
0.0099929
0.00994234
0.00989202
0.00984193
0.00979209
0.00974247
0.0096931
0.00964395
0.00959504
0.00954636
0.00949791
0.00944969
0.0094017
0.00935393
0.00930639
0.00925908
0.00921199
0.00916513
0.00911848
0.00907206
0.00902586
0.00897988
0.00893412
0.00888857
0.00884324
0.00879813
0.00875323
0.00870855
0.00866408
0.00861982
0.00857577
0.00853194
0.00848831
0.00844489
0.00840168
0.00835867
0.00831587
0.00827328
0.00823089
0.0081887
0.00814671
0.00810492
0.00806334
0.00802195
0.00798077
0.00793978
0.00789898
0.00785839
0.00781799
0.00777778
0.00773776
0.00769794
0.00765831
0.00761887
0.00757962
0.00754056
0.00750169
0.00746301
0.00742451
0.0073862
0.00734807
0.00731012
0.00727236
0.00723479
0.00719739
0.00716017
0.00712314
0.00708628
0.00704961
0.00701311
0.00697678
0.00694064
0.00690467
0.00686887
0.00683325
0.00679779
0.00676252
0.00672741
0.00669247
0.00665771
0.00662311
0.00658868
0.00655442
0.00652033
0.0064864
0.00645264
0.00641904
0.0063856
0.00635233
0.00631922
0.00628628
0.00625349
0.00622086
0.0061884
0.00615609
0.00612394
0.00609195
0.00606011
0.00602843
0.00599691
0.00596554
0.00593432
0.00590326
0.00587235
0.00584159
0.00581098
0.00578052
0.00575022
0.00572006
0.00569005
0.00566019
0.00563047
0.0056009
0.00557148
0.0055422
0.00551307
0.00548407
0.00545523
0.00542652
0.00539796
0.00536954
0.00534126
0.00531311
0.00528511
0.00525725
0.00522952
0.00520193
0.00517448
0.00514716
0.00511998
0.00509293
0.00506602
0.00503924
0.0050126
0.00498608
0.0049597
0.00493345
0.00490733
0.00488134
0.00485548
0.00482975
0.00480414
0.00477867
0.00475332
0.0047281
0.004703
0.00467803
0.00465318
0.00462845
0.00460385
0.00457938
0.00455502
0.00453079
0.00450668
0.00448269
0.00445881
0.00443506
0.00441143
0.00438791
0.00436452
0.00434124
0.00431808
0.00429503
0.0042721
0.00424928
0.00422658
0.004204
0.00418152
0.00415916
0.00413692
0.00411478
0.00409276
0.00407084
0.00404904
0.00402735
0.00400576
0.00398429
0.00396292
0.00394166
0.00392051
0.00389947
0.00387853
0.0038577
0.00383697
0.00381635
0.00379583
0.00377542
0.00375511
0.0037349
0.00371479
0.00369479
0.00367489
0.00365509
0.00363539
0.00361579
0.00359629
0.00357688
0.00355758
0.00353838
0.00351927
0.00350026
0.00348135
0.00346253
0.00344381
0.00342518
0.00340665
0.00338822
0.00336987
0.00335163
0.00333347
0.00331541
0.00329744
0.00327956
0.00326177
0.00324408
0.00322647
0.00320895
0.00319153
0.00317419
0.00315694
0.00313979
0.00312271
0.00310573
0.00308883
0.00307202
0.0030553
0.00303866
0.00302211
0.00300564
0.00298926
0.00297296
0.00295675
0.00294062
0.00292457
0.0029086
0.00289272
0.00287692
0.0028612
0.00284556
0.00283
0.00281453
0.00279913
0.00278381
0.00276857
0.00275341
0.00273833
0.00272333
0.0027084
0.00269355
0.00267878
0.00266409
0.00264947
0.00263492
0.00262045
0.00260606
0.00259174
0.0025775
0.00256333
0.00254923
0.00253521
0.00252126
0.00250738
0.00249358
0.00247984
0.00246618
0.00245259
0.00243907
0.00242562
0.00241224
0.00239893
0.00238569
0.00237252
0.00235942
0.00234639
0.00233342
0.00232052
0.00230769
0.00229493
0.00228223
0.0022696
0.00225704
0.00224454
0.00223211
0.00221974
0.00220743
0.0021952
0.00218302
0.00217091
0.00215887
0.00214688
0.00213496
0.0021231
0.00211131
0.00209957
0.0020879
0.00207629
0.00206474
0.00205326
0.00204183
0.00203046
0.00201915
0.0020079
0.00199672
0.00198559
0.00197452
0.0019635
0.00195255
0.00194165
0.00193081
0.00192003
0.00190931
0.00189864
0.00188803
0.00187747
0.00186698
0.00185653
0.00184614
0.00183581
0.00182553
0.00181531
0.00180514
0.00179503
0.00178496
0.00177496
0.001765
0.0017551
0.00174525
0.00173545
0.00172571
0.00171602
0.00170637
0.00169678
0.00168725
0.00167776
0.00166832
0.00165893
0.0016496
0.00164031
0.00163107
0.00162188
0.00161275
0.00160366
0.00159461
0.00158562
0.00157668
0.00156778
0.00155893
0.00155013
0.00154137
0.00153266
0.001524
0.00151539
0.00150682
0.0014983
0.00148982
0.00148139
0.001473
0.00146466
0.00145637
0.00144812
0.00143991
0.00143175
0.00142363
0.00141555
0.00140752
0.00139953
0.00139159
0.00138369
0.00137583
0.00136801
0.00136023
0.0013525
0.00134481
0.00133716
0.00132955
0.00132198
0.00131446
0.00130697
0.00129953
0.00129212
0.00128476
0.00127743
0.00127015
0.0012629
0.00125569
0.00124853
0.0012414
0.00123431
0.00122726
0.00122025
0.00121327
0.00120633
0.00119944
0.00119257
0.00118575
0.00117896
0.00117221
0.0011655
0.00115882
0.00115218
0.00114558
0.00113901
0.00113248
0.00112598
0.00111952
0.00111309
0.0011067
0.00110035
0.00109403
0.00108774
0.00108149
0.00107527
0.00106909
0.00106294
0.00105682
0.00105074
0.00104469
0.00103867
0.00103269
0.00102674
0.00102082
0.00101493
0.00100908
0.00100326
0.000997471
0.000991714
0.000985989
0.000980295
0.000974632
0.000969001
0.0009634
0.000957831
0.000952292
0.000946783
0.000941305
0.000935858
0.00093044
0.000925052
0.000919694
0.000914365
0.000909066
0.000903796
0.000898556
0.000893344
0.000888161
0.000883007
0.000877881
0.000872784
0.000867715
0.000862674
0.000857661
0.000852675
0.000847718
0.000842787
0.000837885
0.000833009
0.000828161
0.000823339
0.000818544
0.000813776
0.000809034
0.000804319
0.00079963
0.000794967
0.00079033
0.000785718
0.000781133
0.000776573
0.000772038
0.000767529
0.000763045
0.000758586
0.000754151
0.000749742
0.000745357
0.000740996
0.00073666
0.000732349
0.000728061
0.000723797
0.000719557
0.000715341
0.000711148
0.000706979
0.000702834
0.000698711
0.000694612
0.000690535
0.000686482
0.000682451
0.000678442
0.000674457
0.000670493
0.000666552
0.000662633
0.000658736
0.000654861
0.000651008
0.000647176
0.000643366
0.000639578
0.000635811
0.000632065
0.00062834
0.000624636
0.000620953
0.00061729
0.000613649
0.000610028
0.000606427
0.000602847
0.000599287
0.000595747
0.000592227
