Leistung/dBm	Spannung/V
-2.000000	0.165453
-1.757143	0.171784
-1.514286	0.177896
-1.271429	0.184216
-1.028571	0.191029
-0.785714	0.197698
-0.542857	0.204831
-0.300000	0.211811
-0.057143	0.219731
0.185714	0.226746
0.428571	0.234226
0.671429	0.242646
0.914286	0.250881
1.157143	0.259281
1.400000	0.268336
1.642857	0.277086
1.885714	0.286361
2.128571	0.295751
2.371429	0.305566
2.614286	0.315661
2.857143	0.326031
3.100000	0.336931
3.342857	0.348081
3.585714	0.359251
3.828571	0.371056
4.071429	0.383466
4.314286	0.395666
4.557143	0.408341
4.800000	0.422426
5.042857	0.436536
5.285714	0.450301
5.528571	0.464231
5.771429	0.478836
6.014286	0.493781
6.257143	0.508941
6.500000	0.525556
6.742857	0.541881
6.985714	0.558941
7.228571	0.576141
7.471429	0.594581
7.714286	0.612611
7.957143	0.631771
8.200000	0.651796
8.442857	0.671961
8.685714	0.692151
8.928571	0.713111
9.171429	0.734861
9.414286	0.756791
9.657143	0.779416
9.900000	0.804531
10.142857	0.828366
10.385714	0.853776
10.628571	0.878896
10.871429	0.905956
11.114286	0.932186
11.357143	0.959081
11.600000	0.987871
11.842857	1.016431
12.085714	1.045196
12.328571	1.075201
12.571429	1.106506
12.814286	1.137831
13.057143	1.169236
13.300000	1.202561
13.542857	1.236086
13.785714	1.270201
14.028571	1.305086
14.271429	1.341861
14.514286	1.379141
14.757143	1.388306
15.000000	1.388126
