Frequenz/GHz	Spannung/V
1.000000	0.010649
1.020000	0.010110
1.040000	0.014040
1.060000	0.027065
1.080000	0.031826
1.100000	0.034562
1.120000	0.055351
1.140000	0.075416
1.160000	0.079801
1.180000	0.103469
1.200000	0.136534
1.220000	0.145156
1.240000	0.147930
1.260000	0.161298
1.280000	0.168200
1.300000	0.147064
1.320000	0.123027
1.340000	0.115217
1.360000	0.101212
1.380000	0.081663
1.400000	0.093805
1.420000	0.128662
1.440000	0.131118
1.460000	0.130069
1.480000	0.158248
1.500000	0.173422
1.520000	0.162520
1.540000	0.189583
1.560000	0.230591
1.580000	0.220871
1.600000	0.224111
1.620000	0.251321
1.640000	0.246396
1.660000	0.219661
1.680000	0.214561
1.700000	0.216041
1.720000	0.194571
1.740000	0.174164
1.760000	0.168947
1.780000	0.157908
1.800000	0.137725
1.820000	0.126585
1.840000	0.117468
1.860000	0.102002
1.880000	0.089357
1.900000	0.079876
1.920000	0.068810
1.940000	0.057508
1.960000	0.047501
1.980000	0.038909
2.000000	0.030360
2.020000	0.022816
2.040000	0.016150
2.060000	0.010649
2.080000	0.006384
2.100000	0.003439
2.120000	0.001777
2.140000	0.001314
2.160000	0.001876
2.180000	0.003263
2.200000	0.005268
2.220000	0.007710
2.240000	0.010415
2.260000	0.013256
2.280000	0.016087
2.300000	0.018936
2.320000	0.021719
2.340000	0.024374
2.360000	0.026824
2.380000	0.029087
2.400000	0.031204
2.420000	0.033084
2.440000	0.034483
2.460000	0.035434
2.480000	0.036289
2.500000	0.036949
2.520000	0.037465
2.540000	0.037517
2.560000	0.037240
2.580000	0.036951
2.600000	0.036738
2.620000	0.036195
2.640000	0.035220
2.660000	0.034195
2.680000	0.033157
2.700000	0.032061
2.720000	0.030746
2.740000	0.029221
2.760000	0.027623
2.780000	0.026161
2.800000	0.024688
2.820000	0.023090
2.840000	0.021431
2.860000	0.019909
2.880000	0.018526
2.900000	0.017280
2.920000	0.016162
2.940000	0.015274
2.960000	0.014672
2.980000	0.014304
3.000000	0.013919
3.020000	0.013480
3.040000	0.013036
3.060000	0.012819
3.080000	0.012882
3.100000	0.013147
3.120000	0.013599
3.140000	0.014164
3.160000	0.014924
3.180000	0.015846
3.200000	0.016864
3.220000	0.017920
3.240000	0.018980
3.260000	0.020158
3.280000	0.021302
3.300000	0.022381
3.320000	0.023403
3.340000	0.024382
3.360000	0.025313
3.380000	0.026179
3.400000	0.026834
3.420000	0.027316
3.440000	0.027585
3.460000	0.027790
3.480000	0.027790
3.500000	0.027620
3.520000	0.027331
3.540000	0.026811
3.560000	0.026242
3.580000	0.025646
3.600000	0.024991
3.620000	0.024261
3.640000	0.023478
3.660000	0.022573
3.680000	0.021308
3.700000	0.019597
3.720000	0.017533
3.740000	0.015352
3.760000	0.013196
3.780000	0.011048
3.800000	0.008979
3.820000	0.007183
3.840000	0.005787
3.860000	0.004866
3.880000	0.004511
3.900000	0.004873
3.920000	0.006053
3.940000	0.008108
3.960000	0.010988
3.980000	0.014672
4.000000	0.019235
4.020000	0.024522
4.040000	0.030249
4.060000	0.036275
4.080000	0.042849
4.100000	0.050055
4.120000	0.057509
4.140000	0.064723
4.160000	0.072208
4.180000	0.080504
4.200000	0.088946
4.220000	0.096444
4.240000	0.103612
4.260000	0.111272
4.280000	0.118977
4.300000	0.125826
4.320000	0.131421
4.340000	0.136268
4.360000	0.139353
4.380000	0.138023
4.400000	0.128999
4.420000	0.141696
4.440000	0.184828
4.460000	0.192004
4.480000	0.194537
4.500000	0.197236
4.520000	0.199629
4.540000	0.202164
4.560000	0.206461
4.580000	0.211866
4.600000	0.214551
4.620000	0.214791
4.640000	0.216801
4.660000	0.222881
4.680000	0.228901
4.700000	0.230311
4.720000	0.231351
4.740000	0.236961
4.760000	0.244371
4.780000	0.247241
4.800000	0.246031
4.820000	0.249771
4.840000	0.259581
4.860000	0.267866
4.880000	0.269011
4.900000	0.269601
4.920000	0.277211
4.940000	0.287591
4.960000	0.293101
4.980000	0.293771
5.000000	0.298161
