0.882419	-4331.5	205.5048
0.814114	-3642.2	195.083
0.745809	-3408.9	184.9309
0.677504	-3086.6	175.0954
0.609199	-2888.3	165.6329
0.540894	-2653	156.611
0.472589	-2310.7	148.1104
0.404285	-1838.4	140.2258
0.387208	-1732.3	138.3634
0.386867	-1735	138.3266
0.386525	-1781.7	138.2899
0.386184	-1659.4	138.2531
0.385842	-1706.1	138.2164
0.385501	-1975.8	138.1797
0.385159	-2013.5	138.143
0.384818	-1742.2	138.1064
0.384476	-1781.9	138.0697
0.384135	-1880.6	138.0331
0.383793	-1503.3	137.9965
0.383452	-1561	137.9599
0.38311	-1723.7	137.9234
0.382768	-1938.4	137.8868
0.382427	-1652.1	137.8503
0.382085	-1994.8	137.8138
0.381744	-1831.5	137.7773
0.381402	-1746.2	137.7408
0.381061	-1711.9	137.7044
0.380719	-1980.6	137.6679
0.380378	-1708.3	137.6315
0.380036	-1754	137.5951
0.379695	-1775.7	137.5588
0.379353	-1782.4	137.5224
0.379012	-1607.1	137.4861
0.37867	-1524.8	137.4498
0.378329	-1605.5	137.4135
0.377987	-1664.2	137.3772
0.377646	-1467.9	137.3409
0.377304	-1735.6	137.3047
0.376963	-1710.3	137.2685
0.376621	-1790	137.2323
0.376279	-1704.7	137.1961
0.375938	-1603.4	137.1599
0.375596	-1624.1	137.1238
0.375255	-1865.8	137.0877
0.374913	-1768.5	137.0516
0.374572	-1513.2	137.0155
0.37423	-1629.9	136.9794
0.373889	-1874.6	136.9434
0.373547	-1588.3	136.9073
0.373206	-1670	136.8713
0.372864	-2069.7	136.8353
0.372523	-1936.4	136.7994
0.372181	-1989.1	136.7634
0.37184	-2012.8	136.7275
0.371498	-1943.5	136.6916
0.371157	-1997.2	136.6557
0.370815	-1859.9	136.6198
0.370474	-1909.6	136.584
0.370132	-1841.3	136.5481
0.369791	-1970	136.5123
0.369449	-2062.7	136.4765
0.369107	-1917.4	136.4408
0.368766	-1919	136.405
0.368424	-1927.7	136.3693
0.368083	-1962.4	136.3336
0.367741	-1826.1	136.2979
0.3674	-2042.8	136.2622
0.367058	-1940.5	136.2266
0.366717	-2074.2	136.1909
0.366375	-1864.9	136.1553
0.366034	-2003.6	136.1197
0.365692	-1942.3	136.0841
0.365351	-1822	136.0486
0.365009	-1782.7	136.013
0.364668	-2051.4	135.9775
0.364326	-1857.1	135.942
0.363985	-1814.8	135.9066
0.363643	-2062.5	135.8711
0.363302	-1914.2	135.8357
0.36296	-1786.9	135.8003
0.362619	-1983.6	135.7649
0.362277	-1725.3	135.7295
0.361935	-1845	135.6941
0.361594	-1728.7	135.6588
0.361252	-1630.4	135.6235
0.360911	-1526.1	135.5882
0.360569	-1379.8	135.5529
0.360228	-1604.5	135.5177
0.359886	-1427.2	135.4824
0.359545	-1332.9	135.4472
0.359203	-1309.6	135.412
0.358862	-1495.3	135.3768
0.35852	-1395	135.3417
0.358179	-1384.7	135.3065
0.357837	-1378.4	135.2714
0.357496	-1383.1	135.2363
0.357154	-1331.8	135.2013
0.356813	-1434.5	135.1662
0.356471	-1292.2	135.1312
0.35613	-1245.9	135.0962
0.355788	-1457.6	135.0612
0.355446	-1241.3	135.0262
0.355105	-1289	134.9912
0.354763	-1126.7	134.9563
0.354422	-822.39	134.9214
0.35408	-747.09	134.8865
0.353739	-188.78	134.8516
0.353397	26.517	134.8168
0.353056	806.82	134.7819
0.352714	1842.1	134.7471
0.352373	1782.4	134.7123
0.352031	3100.7	134.6776
0.35169	3708	134.6428
0.351348	4612.3	134.6081
0.351007	5531.6	134.5734
0.350665	5254.9	134.5387
0.350324	5622.2	134.504
0.349982	5537.5	134.4694
0.349641	5389.8	134.4348
0.349299	4713.1	134.4002
0.348958	5093.4	134.3656
0.348616	4243.7	134.331
0.348274	3457	134.2965
0.347933	2908.3	134.2619
0.347591	2047.6	134.2274
0.34725	1257.9	134.1929
0.346908	1316.2	134.1585
0.346567	640.55	134.124
0.346225	124.85	134.0896
0.345884	-190.85	134.0552
0.345542	-486.55	134.0208
0.345201	-551.25	133.9865
0.344859	-733.95	133.9522
0.344518	-1023.6	133.9178
0.344176	-709.34	133.8835
0.343835	-831.04	133.8493
0.343493	-749.74	133.815
0.343152	-570.44	133.7808
0.34281	-261.14	133.7466
0.342469	380.16	133.7124
0.342127	1614.5	133.6782
0.341786	2578.8	133.6441
0.341444	3978.1	133.6099
0.341102	5917.4	133.5758
0.340761	8863.7	133.5417
0.340419	13797	133.5077
0.340078	14549	133.4736
0.339736	20529	133.4396
0.339395	25453	133.4056
0.339053	27506	133.3716
0.338712	29738	133.3377
0.33837	30490	133.3037
0.338029	30020	133.2698
0.337687	29601	133.2359
0.337346	28150	133.202
0.337004	24754	133.1682
0.336663	21228	133.1343
0.336321	20995	133.1005
0.33598	16156	133.0667
0.335638	10149	133.033
0.335297	5003.5	132.9992
0.334955	2529.8	132.9655
0.334613	3144.1	132.9318
0.334272	2113.4	132.8981
0.33393	1899.7	132.8644
0.333589	1067	132.8308
0.333247	510.3	132.7972
0.332906	503.6	132.7636
0.332564	488.91	132.73
0.332223	-80.792	132.6964
0.331881	-39.491	132.6629
0.33154	-441.19	132.6294
0.331198	-276.89	132.5959
0.330857	-444.59	132.5624
0.330515	-557.28	132.529
0.330174	-702.98	132.4955
0.329832	-640.68	132.4621
0.329491	-727.38	132.4287
0.329149	-764.08	132.3954
0.328808	-950.78	132.362
0.328466	-954.48	132.3287
0.328125	-932.17	132.2954
0.327783	-895.87	132.2621
0.327441	-1009.6	132.2289
0.3271	-1113.3	132.1956
0.326758	-1195	132.1624
0.326417	-1045.7	132.1292
0.326075	-1022.4	132.0961
0.325734	-1059.1	132.0629
0.325392	-1132.8	132.0298
0.325051	-952.46	131.9967
0.324709	-1107.2	131.9636
0.324368	-1384.9	131.9305
0.324026	-1390.6	131.8975
0.323685	-1444.3	131.8645
0.323343	-1299	131.8315
0.323002	-1217.7	131.7985
0.32266	-1196.4	131.7655
0.322319	-1346	131.7326
0.321977	-1138.7	131.6997
0.321636	-1157.4	131.6668
0.321294	-949.15	131.6339
0.320953	-1063.8	131.6011
0.320611	-1217.5	131.5683
0.320269	-903.24	131.5355
0.319928	-1061.9	131.5027
0.319586	-960.64	131.4699
0.319245	-1192.3	131.4372
0.318903	-1302	131.4045
0.301827	-996.96	129.7973
0.301144	-1014.4	129.7342
0.300461	-832.76	129.6712
0.299778	-941.15	129.6082
0.299095	-915.55	129.5454
0.298412	-725.95	129.4826
0.297729	-1026.3	129.42
0.297046	-895.74	129.3574
0.296363	-981.14	129.2949
0.29568	-1008.5	129.2326
0.294997	-958.93	129.1703
0.294314	-1004.3	129.1081
0.293631	-1026.7	129.046
0.292948	-674.12	128.984
0.292264	-874.52	128.9221
0.291581	-697.92	128.8602
0.290898	-965.31	128.7985
0.290215	-596.71	128.7369
0.289532	-549.11	128.6753
0.288849	-577.51	128.6139
0.288166	-547.9	128.5525
0.287483	-336.3	128.4913
0.2868	-481.7	128.4301
0.286117	-336.09	128.369
0.285434	-433.49	128.3081
0.284751	-323.89	128.2472
0.284068	-238.29	128.1864
0.283385	-105.68	128.1257
0.282702	-251.08	128.0651
0.282019	-275.48	128.0046
0.281336	-27.874	127.9442
0.280653	-135.27	127.8839
0.27997	119.33	127.8237
0.279287	70.935	127.7635
0.278603	51.538	127.7035
0.27792	231.14	127.6436
0.277237	45.744	127.5838
0.276554	425.35	127.524
0.275871	500.95	127.4644
0.275188	537.55	127.4048
0.274505	543.16	127.3454
0.273822	751.76	127.286
0.273139	535.36	127.2268
0.272456	694.96	127.1676
0.271773	685.57	127.1086
0.27109	856.17	127.0496
0.270407	781.77	126.9907
0.269724	823.38	126.932
0.269041	1019	126.8733
0.268358	1030.6	126.8147
0.267675	1092.2	126.7563
0.266992	1155.8	126.6979
0.266309	1059.4	126.6396
0.265626	1316	126.5814
0.264942	1336.6	126.5233
0.264259	1423.2	126.4654
0.263576	1429.8	126.4075
0.262893	1585.4	126.3497
0.26221	1515	126.292
0.261527	1431.6	126.2344
0.260844	1514.2	126.1769
0.260161	1751.8	126.1195
0.259478	1743.4	126.0623
0.258795	1746	126.0051
0.258112	1959.6	125.948
0.257429	2073.2	125.891
0.256746	2071.8	125.8341
0.256063	1959.4	125.7773
0.25538	2003	125.7206
0.254697	2211.6	125.664
0.254014	2415.2	125.6076
0.253331	2247.8	125.5512
0.252648	2211.4	125.4949
0.251965	2486.1	125.4387
0.251282	2530.7	125.3826
0.250598	2166.3	125.3266
0.249915	2244.9	125.2708
0.249232	2235.5	125.215
0.248549	2396.1	125.1593
0.247866	2439.7	125.1037
0.247183	2485.3	125.0482
0.2465	2665.9	124.9929
0.245817	2801.5	124.9376
0.245134	2815.1	124.8824
0.244451	2546.7	124.8274
0.243768	2513.3	124.7724
0.243085	2742.9	124.7176
0.242402	2859.5	124.6628
0.241719	3045.1	124.6082
0.241036	2857.7	124.5536
0.240353	3044.3	124.4992
0.23967	3344.9	124.4448
0.238987	3154.5	124.3906
0.238304	3118.1	124.3364
0.237621	2968.7	124.2824
0.236937	2891.3	124.2285
0.236254	2973.9	124.1747
0.235571	2953.5	124.121
0.234888	3206.1	124.0673
0.234205	2946.7	124.0138
0.233522	3150.3	123.9604
0.232839	3162.9	123.9071
0.232156	3182.5	123.8539
0.231473	3209.1	123.8008
0.23079	3362.7	123.7479
0.230107	3269.3	123.695
0.229424	3331.9	123.6422
0.228741	3283.6	123.5895
0.228058	3238.2	123.537
0.227375	3318.8	123.4845
0.226692	3380.4	123.4322
0.226009	3409	123.3799
0.225326	3354.6	123.3278
0.224643	3486.2	123.2758
0.22396	3291.8	123.2238
0.223276	3441.4	123.172
0.222593	3700	123.1203
0.22191	3648.6	123.0687
0.221227	3409.2	123.0172
0.220544	3597.8	122.9658
0.219861	3495.4	122.9145
0.219178	3658	122.8634
0.218495	3700.6	122.8123
0.217812	3416.2	122.7613
0.217129	3639.8	122.7105
0.216446	3559.4	122.6598
0.215763	3768	122.6091
0.21508	3738.6	122.5586
0.214397	3789.2	122.5082
0.213714	3694.8	122.4579
0.213031	3706.4	122.4077
0.212348	3856	122.3576
0.211665	3535.6	122.3076
0.210982	3618.2	122.2577
0.210299	3630.8	122.208
0.209616	3461.4	122.1583
0.208932	3791	122.1088
0.208249	3536.6	122.0593
0.207566	3749.2	122.01
0.206883	3699.8	121.9608
0.2062	3816.4	121.9117
0.205517	3898.1	121.8627
0.204834	3993.7	121.8138
0.204151	3775.3	121.765
0.203468	3766.9	121.7164
0.202785	3633.5	121.6678
0.202102	4020.1	121.6194
0.201419	4007.7	121.5711
0.200736	4044.3	121.5228
0.200053	4244.9	121.4747
0.19937	4382.5	121.4267
0.198687	4249.1	121.3788
0.198004	4266.7	121.3311
0.197321	4336.3	121.2834
0.196638	4372.9	121.2359
0.195955	4543.5	121.1884
0.195271	4260.1	121.1411
0.194588	3965.7	121.0939
0.193905	4413.3	121.0468
0.193222	4020.9	120.9998
0.192539	4375.5	120.9529
0.191856	4243.1	120.9062
0.191173	4155.7	120.8595
0.19049	4179.3	120.813
0.189807	4186.9	120.7666
0.189124	4274.5	120.7203
0.188441	4290.1	120.6741
0.187758	4323.7	120.628
0.187075	4374.3	120.582
0.186392	4172.9	120.5362
0.185709	4196.5	120.4904
0.185026	3722.1	120.4448
0.184343	3640.7	120.3993
0.18366	3705.3	120.3539
0.182977	3688.9	120.3086
0.182294	3634.6	120.2634
0.18161	3843.2	120.2184
0.180927	3714.8	120.1734
0.180244	3399.4	120.1286
0.179561	3664	120.0839
0.178878	3732.6	120.0393
0.178195	3594.2	119.9948
0.177512	3737.8	119.9505
0.176829	3661.4	119.9062
0.176146	3671	119.8621
0.175463	3586.6	119.8181
0.17478	3513.2	119.7742
0.174097	3671.8	119.7304
0.173414	3660.4	119.6868
0.172731	3381	119.6432
0.172048	3423.6	119.5998
0.171365	3794.2	119.5565
0.170682	3431.8	119.5133
0.169999	3576.4	119.4702
0.169316	3459	119.4272
0.168633	3717.6	119.3844
0.16795	3392.2	119.3416
0.167266	3347.8	119.299
0.166583	3410.4	119.2565
0.1659	3384	119.2142
0.165217	3350.6	119.1719
0.164534	3172.2	119.1298
0.163851	3556.8	119.0877
0.163168	3352.4	119.0458
0.162485	3312	119.004
0.161802	3132.6	118.9624
0.161119	2995.2	118.9208
0.160436	3148.8	118.8794
0.159753	3156.4	118.8381
0.15907	2845.1	118.7969
0.158387	3027.7	118.7558
0.157704	2944.3	118.7149
0.157021	2906.9	118.674
0.156338	3022.5	118.6333
0.155655	2759.1	118.5927
0.154972	2888.7	118.5523
0.154289	2668.3	118.5119
0.153605	2531.9	118.4717
0.152922	2611.5	118.4316
0.152239	2569.1	118.3916
0.151556	2422.7	118.3517
0.150873	2365.3	118.3119
0.15019	2592.9	118.2723
0.149507	2262.5	118.2328
0.148824	2341.1	118.1934
0.148141	2321.7	118.1541
0.147458	2403.3	118.115
0.146775	2261.9	118.0759
0.146092	2006.5	118.037
0.145409	2148.1	117.9983
0.144726	2179.7	117.9596
0.144043	2093.3	117.9211
0.14336	1805.9	117.8826
0.142677	1635.5	117.8443
0.141994	1937.1	117.8062
0.141311	2221.7	117.7681
0.140628	2146.3	117.7302
0.139944	1944.9	117.6924
0.139261	1805.5	117.6547
0.138578	2213.1	117.6171
0.137895	1715.7	117.5797
0.137212	1683.3	117.5423
0.136529	1751.9	117.5052
0.135846	1735.6	117.4681
0.135163	1731.2	117.4311
0.13448	1287.8	117.3943
0.133797	1268.4	117.3576
0.133114	1175	117.321
0.132431	1303.6	117.2846
0.131748	1040.2	117.2482
0.131065	1099.8	117.212
0.130382	1284.4	117.1759
0.129699	1123	117.14
0.129016	924.58	117.1042
0.128333	825.18	117.0684
0.12765	622.79	117.0329
0.126967	662.39	116.9974
0.126284	656.99	116.9621
0.1256	180.6	116.9268
0.124917	-48.802	116.8918
0.124234	-84.199	116.8568
0.123551	-106.6	116.822
0.122868	-294.99	116.7872
0.122185	-319.39	116.7527
0.121502	-613.79	116.7182
0.120819	-605.18	116.6839
0.120136	-549.58	116.6497
0.119453	-417.98	116.6156
0.11877	-415.38	116.5816
0.118087	-609.77	116.5478
0.117404	-449.17	116.5141
0.116721	-416.57	116.4805
0.116038	-446.96	116.447
0.115355	-526.36	116.4137
0.114672	-561.76	116.3805
0.113989	-739.15	116.3474
0.113306	-760.55	116.3145
0.112623	-631.95	116.2817
0.111939	-803.35	116.249
0.111256	-829.74	116.2164
0.110573	-753.14	116.184
0.10989	-970.54	116.1517
0.109207	-1035.9	116.1195
0.108524	-989.33	116.0874
0.107841	-800.73	116.0555
0.107158	-1037.1	116.0237
0.106475	-1035.5	115.992
0.105792	-947.92	115.9605
0.105109	-1112.3	115.9291
0.104426	-992.71	115.8978
0.103743	-1011.1	115.8666
0.10306	-1061.5	115.8356
0.102377	-1058.9	115.8047
0.101694	-1221.3	115.7739
0.101011	-1159.7	115.7433
0.100328	-957.1	115.7128
0.0996446	-1100.5	115.6824
0.0989615	-943.89	115.6521
0.0982785	-1202.3	115.622
0.0975954	-1199.7	115.592
0.0969124	-1014.1	115.5621
0.0286075	-870.79	113.2439
-0.0396974	-660.49	112.2971
